Serial Number:20565261 --

"Date Time, GMT -0700","Temp, (*C)","Host Connect","Button Down","Button Up","EOF"
2022-07-07 18:32:00,24.10, , , , 
2022-07-07 18:32:15, ,Logged, , , 
2022-07-07 18:33:00,24.08, , , , 
2022-07-07 18:34:00,24.05, , , , 
2022-07-07 18:35:00,24.05, , , , 
2022-07-07 18:36:00,24.04, , , , 
2022-07-07 18:37:00,24.06, , , , 
2022-07-07 18:38:00,24.04, , , , 
2022-07-07 18:39:00,24.04, , , , 
2022-07-07 18:40:00,24.04, , , , 
2022-07-07 18:41:00,24.05, , , , 
2022-07-07 18:42:00,24.02, , , , 
2022-07-07 18:43:00,24.02, , , , 
2022-07-07 18:44:00,24.02, , , , 
2022-07-07 18:45:00,24.00, , , , 
2022-07-07 18:46:00,23.98, , , , 
2022-07-07 18:47:00,23.98, , , , 
2022-07-07 18:48:00,23.98, , , , 
2022-07-07 18:49:00,24.00, , , , 
2022-07-07 18:50:00,23.98, , , , 
2022-07-07 18:51:00,24.01, , , , 
2022-07-07 18:52:00,23.98, , , , 
2022-07-07 18:53:00,24.00, , , , 
2022-07-07 18:54:00,24.00, , , , 
2022-07-07 18:55:00,24.02, , , , 
2022-07-07 18:56:00,24.02, , , , 
2022-07-07 18:57:00,24.02, , , , 
2022-07-07 18:58:00,24.09, , , , 
2022-07-07 18:59:00,24.08, , , , 
2022-07-07 19:00:00,24.12, , , , 
2022-07-07 19:01:00,24.14, , , , 
2022-07-07 19:02:00,24.14, , , , 
2022-07-07 19:03:00,24.17, , , , 
2022-07-07 19:04:00,24.20, , , , 
2022-07-07 19:05:00,24.24, , , , 
2022-07-07 19:06:00,24.24, , , , 
2022-07-07 19:07:00,24.27, , , , 
2022-07-07 19:08:00,24.28, , , , 
2022-07-07 19:09:00,24.30, , , , 
2022-07-07 19:10:00,24.30, , , , 
2022-07-07 19:11:00,24.32, , , , 
2022-07-07 19:12:00,24.36, , , , 
2022-07-07 19:13:00,24.42, , , , 
2022-07-07 19:14:00,24.47, , , , 
2022-07-07 19:15:00,24.48, , , , 
2022-07-07 19:16:00,24.53, , , , 
2022-07-07 19:17:00,24.57, , , , 
2022-07-07 19:18:00,24.62, , , , 
2022-07-07 19:19:00,24.63, , , , 
2022-07-07 19:20:00,24.68, , , , 
2022-07-07 19:21:00,24.71, , , , 
2022-07-07 19:22:00,24.72, , , , 
2022-07-07 19:23:00,24.72, , , , 
2022-07-07 19:24:00,24.72, , , , 
2022-07-07 19:25:00,24.70, , , , 
2022-07-07 19:26:00,24.70, , , , 
2022-07-07 19:27:00,24.70, , , , 
2022-07-07 19:28:00,24.70, , , , 
2022-07-07 19:29:00,24.72, , , , 
2022-07-07 19:30:00,24.71, , , , 
2022-07-07 19:31:00,24.70, , , , 
2022-07-07 19:32:00,24.69, , , , 
2022-07-07 19:33:00,24.72, , , , 
2022-07-07 19:34:00,24.74, , , , 
2022-07-07 19:35:00,24.75, , , , 
2022-07-07 19:36:00,24.75, , , , 
2022-07-07 19:37:00,24.79, , , , 
2022-07-07 19:38:00,24.82, , , , 
2022-07-07 19:39:00,24.82, , , , 
2022-07-07 19:40:00,24.85, , , , 
2022-07-07 19:41:00,24.87, , , , 
2022-07-07 19:42:00,24.90, , , , 
2022-07-07 19:43:00,24.90, , , , 
2022-07-07 19:44:00,24.93, , , , 
2022-07-07 19:45:00,24.91, , , , 
2022-07-07 19:46:00,24.92, , , , 
2022-07-07 19:47:00,24.89, , , , 
2022-07-07 19:48:00,24.86, , , , 
2022-07-07 19:49:00,24.87, , , , 
2022-07-07 19:50:00,24.86, , , , 
2022-07-07 19:51:00,24.87, , , , 
2022-07-07 19:52:00,24.87, , , , 
2022-07-07 19:53:00,24.87, , , , 
2022-07-07 19:54:00,24.92, , , , 
2022-07-07 19:55:00,24.93, , , , 
2022-07-07 19:56:00,24.97, , , , 
2022-07-07 19:57:00,24.94, , , , 
2022-07-07 19:58:00,24.99, , , , 
2022-07-07 19:59:00,25.00, , , , 
2022-07-07 20:00:00,25.05, , , , 
2022-07-07 20:01:00,25.05, , , , 
2022-07-07 20:02:00,25.04, , , , 
2022-07-07 20:03:00,25.01, , , , 
2022-07-07 20:04:00,24.98, , , , 
2022-07-07 20:05:00,24.97, , , , 
2022-07-07 20:06:00,24.97, , , , 
2022-07-07 20:07:00,24.95, , , , 
2022-07-07 20:08:00,24.97, , , , 
2022-07-07 20:09:00,25.00, , , , 
2022-07-07 20:10:00,24.97, , , , 
2022-07-07 20:11:00,25.02, , , , 
2022-07-07 20:12:00,25.04, , , , 
2022-07-07 20:13:00,25.05, , , , 
2022-07-07 20:14:00,25.08, , , , 
2022-07-07 20:15:00,25.12, , , , 
2022-07-07 20:16:00,25.13, , , , 
2022-07-07 20:17:00,25.14, , , , 
2022-07-07 20:18:00,25.09, , , , 
2022-07-07 20:19:00,25.09, , , , 
2022-07-07 20:20:00,25.05, , , , 
2022-07-07 20:21:00,25.04, , , , 
2022-07-07 20:22:00,25.01, , , , 
2022-07-07 20:23:00,25.04, , , , 
2022-07-07 20:24:00,25.03, , , , 
2022-07-07 20:25:00,25.04, , , , 
2022-07-07 20:26:00,25.05, , , , 
2022-07-07 20:27:00,25.09, , , , 
2022-07-07 20:28:00,25.09, , , , 
2022-07-07 20:29:00,25.13, , , , 
2022-07-07 20:30:00,25.13, , , , 
2022-07-07 20:31:00,25.16, , , , 
2022-07-07 20:32:00,25.18, , , , 
2022-07-07 20:33:00,25.20, , , , 
2022-07-07 20:34:00,25.19, , , , 
2022-07-07 20:35:00,25.16, , , , 
2022-07-07 20:36:00,25.13, , , , 
2022-07-07 20:37:00,25.12, , , , 
2022-07-07 20:38:00,25.09, , , , 
2022-07-07 20:39:00,25.08, , , , 
2022-07-07 20:40:00,25.09, , , , 
2022-07-07 20:41:00,25.10, , , , 
2022-07-07 20:42:00,25.10, , , , 
2022-07-07 20:43:00,25.14, , , , 
2022-07-07 20:44:00,25.16, , , , 
2022-07-07 20:45:00,25.16, , , , 
2022-07-07 20:46:00,25.20, , , , 
2022-07-07 20:47:00,25.22, , , , 
2022-07-07 20:48:00,25.23, , , , 
2022-07-07 20:49:00,25.25, , , , 
2022-07-07 20:50:00,25.28, , , , 
2022-07-07 20:51:00,25.29, , , , 
2022-07-07 20:52:00,25.23, , , , 
2022-07-07 20:53:00,25.21, , , , 
2022-07-07 20:54:00,25.21, , , , 
2022-07-07 20:55:00,25.18, , , , 
2022-07-07 20:56:00,25.16, , , , 
2022-07-07 20:57:00,25.18, , , , 
2022-07-07 20:58:00,25.20, , , , 
2022-07-07 20:59:00,25.22, , , , 
2022-07-07 21:00:00,25.23, , , , 
2022-07-07 21:01:00,25.24, , , , 
2022-07-07 21:02:00,25.27, , , , 
2022-07-07 21:03:00,25.29, , , , 
2022-07-07 21:04:00,25.33, , , , 
2022-07-07 21:05:00,25.30, , , , 
2022-07-07 21:06:00,25.34, , , , 
2022-07-07 21:07:00,25.35, , , , 
2022-07-07 21:08:00,25.32, , , , 
2022-07-07 21:09:00,25.30, , , , 
2022-07-07 21:10:00,25.27, , , , 
2022-07-07 21:11:00,25.27, , , , 
2022-07-07 21:12:00,25.24, , , , 
2022-07-07 21:13:00,25.25, , , , 
2022-07-07 21:14:00,25.25, , , , 
2022-07-07 21:15:00,25.27, , , , 
2022-07-07 21:16:00,25.30, , , , 
2022-07-07 21:17:00,25.30, , , , 
2022-07-07 21:18:00,25.32, , , , 
2022-07-07 21:19:00,25.34, , , , 
2022-07-07 21:20:00,25.35, , , , 
2022-07-07 21:21:00,25.40, , , , 
2022-07-07 21:22:00,25.40, , , , 
2022-07-07 21:23:00,25.43, , , , 
2022-07-07 21:24:00,25.40, , , , 
2022-07-07 21:25:00,25.38, , , , 
2022-07-07 21:26:00,25.36, , , , 
2022-07-07 21:27:00,25.36, , , , 
2022-07-07 21:28:00,25.33, , , , 
2022-07-07 21:29:00,25.33, , , , 
2022-07-07 21:30:00,25.32, , , , 
2022-07-07 21:31:00,25.35, , , , 
2022-07-07 21:32:00,25.38, , , , 
2022-07-07 21:33:00,25.40, , , , 
2022-07-07 21:34:00,25.39, , , , 
2022-07-07 21:35:00,25.43, , , , 
2022-07-07 21:36:00,25.45, , , , 
2022-07-07 21:37:00,25.47, , , , 
2022-07-07 21:38:00,25.48, , , , 
2022-07-07 21:39:00,25.48, , , , 
2022-07-07 21:40:00,25.48, , , , 
2022-07-07 21:41:00,25.47, , , , 
2022-07-07 21:42:00,25.45, , , , 
2022-07-07 21:43:00,25.45, , , , 
2022-07-07 21:44:00,25.42, , , , 
2022-07-07 21:45:00,25.39, , , , 
2022-07-07 21:46:00,25.39, , , , 
2022-07-07 21:47:00,25.40, , , , 
2022-07-07 21:48:00,25.42, , , , 
2022-07-07 21:49:00,25.44, , , , 
2022-07-07 21:50:00,25.43, , , , 
2022-07-07 21:51:00,25.45, , , , 
2022-07-07 21:52:00,25.48, , , , 
2022-07-07 21:53:00,25.50, , , , 
2022-07-07 21:54:00,25.51, , , , 
2022-07-07 21:55:00,25.51, , , , 
2022-07-07 21:56:00,25.57, , , , 
2022-07-07 21:57:00,25.53, , , , 
2022-07-07 21:58:00,25.51, , , , 
2022-07-07 21:59:00,25.50, , , , 
2022-07-07 22:00:00,25.48, , , , 
2022-07-07 22:01:00,25.46, , , , 
2022-07-07 22:02:00,25.44, , , , 
2022-07-07 22:03:00,25.44, , , , 
2022-07-07 22:04:00,25.45, , , , 
2022-07-07 22:05:00,25.46, , , , 
2022-07-07 22:06:00,25.50, , , , 
2022-07-07 22:07:00,25.50, , , , 
2022-07-07 22:08:00,25.51, , , , 
2022-07-07 22:09:00,25.52, , , , 
2022-07-07 22:10:00,25.56, , , , 
2022-07-07 22:11:00,25.57, , , , 
2022-07-07 22:12:00,25.58, , , , 
2022-07-07 22:13:00,25.59, , , , 
2022-07-07 22:14:00,25.58, , , , 
2022-07-07 22:15:00,25.56, , , , 
2022-07-07 22:16:00,25.51, , , , 
2022-07-07 22:17:00,25.50, , , , 
2022-07-07 22:18:00,25.48, , , , 
2022-07-07 22:19:00,25.49, , , , 
2022-07-07 22:20:00,25.48, , , , 
2022-07-07 22:21:00,25.49, , , , 
2022-07-07 22:22:00,25.51, , , , 
2022-07-07 22:23:00,25.53, , , , 
2022-07-07 22:24:00,25.53, , , , 
2022-07-07 22:25:00,25.57, , , , 
2022-07-07 22:26:00,25.58, , , , 
2022-07-07 22:27:00,25.59, , , , 
2022-07-07 22:28:00,25.61, , , , 
2022-07-07 22:29:00,25.62, , , , 
2022-07-07 22:30:00,25.64, , , , 
2022-07-07 22:31:00,25.65, , , , 
2022-07-07 22:32:00,25.61, , , , 
2022-07-07 22:33:00,25.61, , , , 
2022-07-07 22:34:00,25.58, , , , 
2022-07-07 22:35:00,25.57, , , , 
2022-07-07 22:36:00,25.57, , , , 
2022-07-07 22:37:00,25.58, , , , 
2022-07-07 22:38:00,25.58, , , , 
2022-07-07 22:39:00,25.59, , , , 
2022-07-07 22:40:00,25.62, , , , 
2022-07-07 22:41:00,25.62, , , , 
2022-07-07 22:42:00,25.63, , , , 
2022-07-07 22:43:00,25.65, , , , 
2022-07-07 22:44:00,25.67, , , , 
2022-07-07 22:45:00,25.68, , , , 
2022-07-07 22:46:00,25.71, , , , 
2022-07-07 22:47:00,25.69, , , , 
2022-07-07 22:48:00,25.73, , , , 
2022-07-07 22:49:00,25.73, , , , 
2022-07-07 22:50:00,25.77, , , , 
2022-07-07 22:51:00,25.75, , , , 
2022-07-07 22:52:00,25.78, , , , 
2022-07-07 22:53:00,25.81, , , , 
2022-07-07 22:54:00,25.80, , , , 
2022-07-07 22:55:00,25.84, , , , 
2022-07-07 22:56:00,25.84, , , , 
2022-07-07 22:57:00,25.86, , , , 
2022-07-07 22:58:00,25.86, , , , 
2022-07-07 22:59:00,25.88, , , , 
2022-07-07 23:00:00,25.82, , , , 
2022-07-07 23:01:00,25.81, , , , 
2022-07-07 23:02:00,25.79, , , , 
2022-07-07 23:03:00,25.78, , , , 
2022-07-07 23:04:00,25.76, , , , 
2022-07-07 23:05:00,25.77, , , , 
2022-07-07 23:06:00,25.78, , , , 
2022-07-07 23:07:00,25.78, , , , 
2022-07-07 23:08:00,25.81, , , , 
2022-07-07 23:09:00,25.81, , , , 
2022-07-07 23:10:00,25.84, , , , 
2022-07-07 23:11:00,25.86, , , , 
2022-07-07 23:12:00,25.87, , , , 
2022-07-07 23:13:00,25.88, , , , 
2022-07-07 23:14:00,25.89, , , , 
2022-07-07 23:15:00,25.90, , , , 
2022-07-07 23:16:00,25.90, , , , 
2022-07-07 23:17:00,25.92, , , , 
2022-07-07 23:18:00,25.93, , , , 
2022-07-07 23:19:00,25.94, , , , 
2022-07-07 23:20:00,25.95, , , , 
2022-07-07 23:21:00,25.97, , , , 
2022-07-07 23:22:00,25.97, , , , 
2022-07-07 23:23:00,25.99, , , , 
2022-07-07 23:24:00,26.01, , , , 
2022-07-07 23:25:00,26.04, , , , 
2022-07-07 23:26:00,26.04, , , , 
2022-07-07 23:27:00,25.99, , , , 
2022-07-07 23:28:00,25.97, , , , 
2022-07-07 23:29:00,25.93, , , , 
2022-07-07 23:30:00,25.89, , , , 
2022-07-07 23:31:00,25.87, , , , 
2022-07-07 23:32:00,25.86, , , , 
2022-07-07 23:33:00,25.84, , , , 
2022-07-07 23:34:00,25.84, , , , 
2022-07-07 23:35:00,25.89, , , , 
2022-07-07 23:36:00,25.89, , , , 
2022-07-07 23:37:00,25.90, , , , 
2022-07-07 23:38:00,25.93, , , , 
2022-07-07 23:39:00,25.94, , , , 
2022-07-07 23:40:00,25.96, , , , 
2022-07-07 23:41:00,25.97, , , , 
2022-07-07 23:42:00,25.98, , , , 
2022-07-07 23:43:00,25.99, , , , 
2022-07-07 23:44:00,26.02, , , , 
2022-07-07 23:45:00,26.03, , , , 
2022-07-07 23:46:00,26.03, , , , 
2022-07-07 23:47:00,26.07, , , , 
2022-07-07 23:48:00,26.07, , , , 
2022-07-07 23:49:00,26.09, , , , 
2022-07-07 23:50:00,26.09, , , , 
2022-07-07 23:51:00,26.12, , , , 
2022-07-07 23:52:00,26.15, , , , 
2022-07-07 23:53:00,26.17, , , , 
2022-07-07 23:54:00,26.16, , , , 
2022-07-07 23:55:00,26.12, , , , 
2022-07-07 23:56:00,26.12, , , , 
2022-07-07 23:57:00,26.08, , , , 
2022-07-07 23:58:00,26.05, , , , 
2022-07-07 23:59:00,26.02, , , , 
2022-07-08 00:00:00,26.04, , , , 
2022-07-08 00:01:00,26.04, , , , 
2022-07-08 00:02:00,26.03, , , , 
2022-07-08 00:03:00,26.04, , , , 
2022-07-08 00:04:00,26.06, , , , 
2022-07-08 00:05:00,26.06, , , , 
2022-07-08 00:06:00,26.09, , , , 
2022-07-08 00:07:00,26.11, , , , 
2022-07-08 00:08:00,26.12, , , , 
2022-07-08 00:09:00,26.12, , , , 
2022-07-08 00:10:00,26.15, , , , 
2022-07-08 00:11:00,26.16, , , , 
2022-07-08 00:12:00,26.16, , , , 
2022-07-08 00:13:00,26.17, , , , 
2022-07-08 00:14:00,26.17, , , , 
2022-07-08 00:15:00,26.22, , , , 
2022-07-08 00:16:00,26.20, , , , 
2022-07-08 00:17:00,26.24, , , , 
2022-07-08 00:18:00,26.25, , , , 
2022-07-08 00:19:00,26.26, , , , 
2022-07-08 00:20:00,26.30, , , , 
2022-07-08 00:21:00,26.28, , , , 
2022-07-08 00:22:00,26.27, , , , 
2022-07-08 00:23:00,26.27, , , , 
2022-07-08 00:24:00,26.22, , , , 
2022-07-08 00:25:00,26.18, , , , 
2022-07-08 00:26:00,26.15, , , , 
2022-07-08 00:27:00,26.11, , , , 
2022-07-08 00:28:00,26.12, , , , 
2022-07-08 00:29:00,26.12, , , , 
2022-07-08 00:30:00,26.15, , , , 
2022-07-08 00:31:00,26.12, , , , 
2022-07-08 00:32:00,26.17, , , , 
2022-07-08 00:33:00,26.18, , , , 
2022-07-08 00:34:00,26.19, , , , 
2022-07-08 00:35:00,26.21, , , , 
2022-07-08 00:36:00,26.22, , , , 
2022-07-08 00:37:00,26.25, , , , 
2022-07-08 00:38:00,26.25, , , , 
2022-07-08 00:39:00,26.25, , , , 
2022-07-08 00:40:00,26.28, , , , 
2022-07-08 00:41:00,26.30, , , , 
2022-07-08 00:42:00,26.32, , , , 
2022-07-08 00:43:00,26.32, , , , 
2022-07-08 00:44:00,26.34, , , , 
2022-07-08 00:45:00,26.34, , , , 
2022-07-08 00:46:00,26.34, , , , 
2022-07-08 00:47:00,26.36, , , , 
2022-07-08 00:48:00,26.38, , , , 
2022-07-08 00:49:00,26.37, , , , 
2022-07-08 00:50:00,26.39, , , , 
2022-07-08 00:51:00,26.37, , , , 
2022-07-08 00:52:00,26.33, , , , 
2022-07-08 00:53:00,26.27, , , , 
2022-07-08 00:54:00,26.26, , , , 
2022-07-08 00:55:00,26.24, , , , 
2022-07-08 00:56:00,26.23, , , , 
2022-07-08 00:57:00,26.23, , , , 
2022-07-08 00:58:00,26.23, , , , 
2022-07-08 00:59:00,26.25, , , , 
2022-07-08 01:00:00,26.26, , , , 
2022-07-08 01:01:00,26.27, , , , 
2022-07-08 01:02:00,26.30, , , , 
2022-07-08 01:03:00,26.32, , , , 
2022-07-08 01:04:00,26.36, , , , 
2022-07-08 01:05:00,26.35, , , , 
2022-07-08 01:06:00,26.39, , , , 
2022-07-08 01:07:00,26.39, , , , 
2022-07-08 01:08:00,26.39, , , , 
2022-07-08 01:09:00,26.42, , , , 
2022-07-08 01:10:00,26.41, , , , 
2022-07-08 01:11:00,26.46, , , , 
2022-07-08 01:12:00,26.46, , , , 
2022-07-08 01:13:00,26.49, , , , 
2022-07-08 01:14:00,26.50, , , , 
2022-07-08 01:15:00,26.52, , , , 
2022-07-08 01:16:00,26.53, , , , 
2022-07-08 01:17:00,26.55, , , , 
2022-07-08 01:18:00,26.53, , , , 
2022-07-08 01:19:00,26.51, , , , 
2022-07-08 01:20:00,26.49, , , , 
2022-07-08 01:21:00,26.46, , , , 
2022-07-08 01:22:00,26.42, , , , 
2022-07-08 01:23:00,26.38, , , , 
2022-07-08 01:24:00,26.38, , , , 
2022-07-08 01:25:00,26.37, , , , 
2022-07-08 01:26:00,26.38, , , , 
2022-07-08 01:27:00,26.39, , , , 
2022-07-08 01:28:00,26.41, , , , 
2022-07-08 01:29:00,26.43, , , , 
2022-07-08 01:30:00,26.45, , , , 
2022-07-08 01:31:00,26.49, , , , 
2022-07-08 01:32:00,26.49, , , , 
2022-07-08 01:33:00,26.52, , , , 
2022-07-08 01:34:00,26.51, , , , 
2022-07-08 01:35:00,26.53, , , , 
2022-07-08 01:36:00,26.51, , , , 
2022-07-08 01:37:00,26.54, , , , 
2022-07-08 01:38:00,26.54, , , , 
2022-07-08 01:39:00,26.55, , , , 
2022-07-08 01:40:00,26.57, , , , 
2022-07-08 01:41:00,26.60, , , , 
2022-07-08 01:42:00,26.60, , , , 
2022-07-08 01:43:00,26.61, , , , 
2022-07-08 01:44:00,26.64, , , , 
2022-07-08 01:45:00,26.63, , , , 
2022-07-08 01:46:00,26.64, , , , 
2022-07-08 01:47:00,26.66, , , , 
2022-07-08 01:48:00,26.67, , , , 
2022-07-08 01:49:00,26.67, , , , 
2022-07-08 01:50:00,26.69, , , , 
2022-07-08 01:51:00,26.69, , , , 
2022-07-08 01:52:00,26.69, , , , 
2022-07-08 01:53:00,26.72, , , , 
2022-07-08 01:54:00,26.76, , , , 
2022-07-08 01:55:00,26.73, , , , 
2022-07-08 01:56:00,26.77, , , , 
2022-07-08 01:57:00,26.76, , , , 
2022-07-08 01:58:00,26.77, , , , 
2022-07-08 01:59:00,26.78, , , , 
2022-07-08 02:00:00,26.79, , , , 
2022-07-08 02:01:00,26.81, , , , 
2022-07-08 02:02:00,26.83, , , , 
2022-07-08 02:03:00,26.81, , , , 
2022-07-08 02:04:00,26.84, , , , 
2022-07-08 02:05:00,26.86, , , , 
2022-07-08 02:06:00,26.86, , , , 
2022-07-08 02:07:00,26.90, , , , 
2022-07-08 02:08:00,26.90, , , , 
2022-07-08 02:09:00,26.87, , , , 
2022-07-08 02:10:00,26.90, , , , 
2022-07-08 02:11:00,26.91, , , , 
2022-07-08 02:12:00,26.91, , , , 
2022-07-08 02:13:00,26.93, , , , 
2022-07-08 02:14:00,26.94, , , , 
2022-07-08 02:15:00,26.94, , , , 
2022-07-08 02:16:00,26.93, , , , 
2022-07-08 02:17:00,26.97, , , , 
2022-07-08 02:18:00,26.97, , , , 
2022-07-08 02:19:00,26.96, , , , 
2022-07-08 02:20:00,26.98, , , , 
2022-07-08 02:21:00,26.99, , , , 
2022-07-08 02:22:00,27.00, , , , 
2022-07-08 02:23:00,27.01, , , , 
2022-07-08 02:24:00,27.00, , , , 
2022-07-08 02:25:00,27.04, , , , 
2022-07-08 02:26:00,27.02, , , , 
2022-07-08 02:27:00,27.04, , , , 
2022-07-08 02:28:00,27.05, , , , 
2022-07-08 02:29:00,27.05, , , , 
2022-07-08 02:30:00,27.07, , , , 
2022-07-08 02:31:00,27.06, , , , 
2022-07-08 02:32:00,27.08, , , , 
2022-07-08 02:33:00,27.08, , , , 
2022-07-08 02:34:00,27.09, , , , 
2022-07-08 02:35:00,27.09, , , , 
2022-07-08 02:36:00,27.09, , , , 
2022-07-08 02:37:00,27.10, , , , 
2022-07-08 02:38:00,27.12, , , , 
2022-07-08 02:39:00,27.12, , , , 
2022-07-08 02:40:00,27.13, , , , 
2022-07-08 02:41:00,27.15, , , , 
2022-07-08 02:42:00,27.14, , , , 
2022-07-08 02:43:00,27.14, , , , 
2022-07-08 02:44:00,27.15, , , , 
2022-07-08 02:45:00,27.16, , , , 
2022-07-08 02:46:00,27.17, , , , 
2022-07-08 02:47:00,27.19, , , , 
2022-07-08 02:48:00,27.16, , , , 
2022-07-08 02:49:00,27.20, , , , 
2022-07-08 02:50:00,27.19, , , , 
2022-07-08 02:51:00,27.22, , , , 
2022-07-08 02:52:00,27.20, , , , 
2022-07-08 02:53:00,27.22, , , , 
2022-07-08 02:54:00,27.24, , , , 
2022-07-08 02:55:00,27.22, , , , 
2022-07-08 02:56:00,27.24, , , , 
2022-07-08 02:57:00,27.26, , , , 
2022-07-08 02:58:00,27.28, , , , 
2022-07-08 02:59:00,27.26, , , , 
2022-07-08 03:00:00,27.27, , , , 
2022-07-08 03:01:00,27.29, , , , 
2022-07-08 03:02:00,27.30, , , , 
2022-07-08 03:03:00,27.30, , , , 
2022-07-08 03:04:00,27.32, , , , 
2022-07-08 03:05:00,27.34, , , , 
2022-07-08 03:06:00,27.34, , , , 
2022-07-08 03:07:00,27.35, , , , 
2022-07-08 03:08:00,27.34, , , , 
2022-07-08 03:09:00,27.36, , , , 
2022-07-08 03:10:00,27.36, , , , 
2022-07-08 03:11:00,27.36, , , , 
2022-07-08 03:12:00,27.37, , , , 
2022-07-08 03:13:00,27.39, , , , 
2022-07-08 03:14:00,27.40, , , , 
2022-07-08 03:15:00,27.40, , , , 
2022-07-08 03:16:00,27.40, , , , 
2022-07-08 03:17:00,27.42, , , , 
2022-07-08 03:18:00,27.43, , , , 
2022-07-08 03:19:00,27.42, , , , 
2022-07-08 03:20:00,27.45, , , , 
2022-07-08 03:21:00,27.43, , , , 
2022-07-08 03:22:00,27.45, , , , 
2022-07-08 03:23:00,27.47, , , , 
2022-07-08 03:24:00,27.47, , , , 
2022-07-08 03:25:00,27.46, , , , 
2022-07-08 03:26:00,27.49, , , , 
2022-07-08 03:27:00,27.49, , , , 
2022-07-08 03:28:00,27.51, , , , 
2022-07-08 03:29:00,27.52, , , , 
2022-07-08 03:30:00,27.51, , , , 
2022-07-08 03:31:00,27.53, , , , 
2022-07-08 03:32:00,27.53, , , , 
2022-07-08 03:33:00,27.54, , , , 
2022-07-08 03:34:00,27.54, , , , 
2022-07-08 03:35:00,27.57, , , , 
2022-07-08 03:36:00,27.55, , , , 
2022-07-08 03:37:00,27.57, , , , 
2022-07-08 03:38:00,27.57, , , , 
2022-07-08 03:39:00,27.58, , , , 
2022-07-08 03:40:00,27.59, , , , 
2022-07-08 03:41:00,27.63, , , , 
2022-07-08 03:42:00,27.60, , , , 
2022-07-08 03:43:00,27.61, , , , 
2022-07-08 03:44:00,27.64, , , , 
2022-07-08 03:45:00,27.65, , , , 
2022-07-08 03:46:00,27.64, , , , 
2022-07-08 03:47:00,27.65, , , , 
2022-07-08 03:48:00,27.66, , , , 
2022-07-08 03:49:00,27.67, , , , 
2022-07-08 03:50:00,27.67, , , , 
2022-07-08 03:51:00,27.71, , , , 
2022-07-08 03:52:00,27.69, , , , 
2022-07-08 03:53:00,27.71, , , , 
2022-07-08 03:54:00,27.70, , , , 
2022-07-08 03:55:00,27.72, , , , 
2022-07-08 03:56:00,27.73, , , , 
2022-07-08 03:57:00,27.73, , , , 
2022-07-08 03:58:00,27.73, , , , 
2022-07-08 03:59:00,27.73, , , , 
2022-07-08 04:00:00,27.75, , , , 
2022-07-08 04:01:00,27.76, , , , 
2022-07-08 04:02:00,27.78, , , , 
2022-07-08 04:03:00,27.79, , , , 
2022-07-08 04:04:00,27.78, , , , 
2022-07-08 04:05:00,27.81, , , , 
2022-07-08 04:06:00,27.81, , , , 
2022-07-08 04:07:00,27.82, , , , 
2022-07-08 04:08:00,27.81, , , , 
2022-07-08 04:09:00,27.83, , , , 
2022-07-08 04:10:00,27.83, , , , 
2022-07-08 04:11:00,27.87, , , , 
2022-07-08 04:12:00,27.84, , , , 
2022-07-08 04:13:00,27.85, , , , 
2022-07-08 04:14:00,27.87, , , , 
2022-07-08 04:15:00,27.88, , , , 
2022-07-08 04:16:00,27.86, , , , 
2022-07-08 04:17:00,27.86, , , , 
2022-07-08 04:18:00,27.86, , , , 
2022-07-08 04:19:00,27.87, , , , 
2022-07-08 04:20:00,27.87, , , , 
2022-07-08 04:21:00,27.88, , , , 
2022-07-08 04:22:00,27.89, , , , 
2022-07-08 04:23:00,27.88, , , , 
2022-07-08 04:24:00,27.87, , , , 
2022-07-08 04:25:00,27.88, , , , 
2022-07-08 04:26:00,27.88, , , , 
2022-07-08 04:27:00,27.90, , , , 
2022-07-08 04:28:00,27.91, , , , 
2022-07-08 04:29:00,27.88, , , , 
2022-07-08 04:30:00,27.89, , , , 
2022-07-08 04:31:00,27.86, , , , 
2022-07-08 04:32:00,27.82, , , , 
2022-07-08 04:33:00,27.76, , , , 
2022-07-08 04:34:00,27.72, , , , 
2022-07-08 04:35:00,27.67, , , , 
2022-07-08 04:36:00,27.59, , , , 
2022-07-08 04:37:00,27.51, , , , 
2022-07-08 04:38:00,27.45, , , , 
2022-07-08 04:39:00,27.38, , , , 
2022-07-08 04:40:00,27.34, , , , 
2022-07-08 04:41:00,27.24, , , , 
2022-07-08 04:42:00,27.19, , , , 
2022-07-08 04:43:00,27.12, , , , 
2022-07-08 04:44:00,27.06, , , , 
2022-07-08 04:45:00,26.99, , , , 
2022-07-08 04:46:00,26.96, , , , 
2022-07-08 04:47:00,26.92, , , , 
2022-07-08 04:48:00,26.87, , , , 
2022-07-08 04:49:00,26.83, , , , 
2022-07-08 04:50:00,26.79, , , , 
2022-07-08 04:51:00,26.76, , , , 
2022-07-08 04:52:00,26.72, , , , 
2022-07-08 04:53:00,26.71, , , , 
2022-07-08 04:54:00,26.69, , , , 
2022-07-08 04:55:00,26.67, , , , 
2022-07-08 04:56:00,26.64, , , , 
2022-07-08 04:57:00,26.61, , , , 
2022-07-08 04:58:00,26.58, , , , 
2022-07-08 04:59:00,26.58, , , , 
2022-07-08 05:00:00,26.57, , , , 
2022-07-08 05:01:00,26.55, , , , 
2022-07-08 05:02:00,26.56, , , , 
2022-07-08 05:03:00,26.54, , , , 
2022-07-08 05:04:00,26.53, , , , 
2022-07-08 05:05:00,26.54, , , , 
2022-07-08 05:06:00,26.52, , , , 
2022-07-08 05:07:00,26.54, , , , 
2022-07-08 05:08:00,26.53, , , , 
2022-07-08 05:09:00,26.53, , , , 
2022-07-08 05:10:00,26.53, , , , 
2022-07-08 05:11:00,26.55, , , , 
2022-07-08 05:12:00,26.57, , , , 
2022-07-08 05:13:00,26.56, , , , 
2022-07-08 05:14:00,26.56, , , , 
2022-07-08 05:15:00,26.60, , , , 
2022-07-08 05:16:00,26.60, , , , 
2022-07-08 05:17:00,26.62, , , , 
2022-07-08 05:18:00,26.64, , , , 
2022-07-08 05:19:00,26.65, , , , 
2022-07-08 05:20:00,26.66, , , , 
2022-07-08 05:21:00,26.67, , , , 
2022-07-08 05:22:00,26.68, , , , 
2022-07-08 05:23:00,26.69, , , , 
2022-07-08 05:24:00,26.68, , , , 
2022-07-08 05:25:00,26.69, , , , 
2022-07-08 05:26:00,26.70, , , , 
2022-07-08 05:27:00,26.69, , , , 
2022-07-08 05:28:00,26.72, , , , 
2022-07-08 05:29:00,26.71, , , , 
2022-07-08 05:30:00,26.70, , , , 
2022-07-08 05:31:00,26.69, , , , 
2022-07-08 05:32:00,26.71, , , , 
2022-07-08 05:33:00,26.70, , , , 
2022-07-08 05:34:00,26.70, , , , 
2022-07-08 05:35:00,26.69, , , , 
2022-07-08 05:36:00,26.69, , , , 
2022-07-08 05:37:00,26.70, , , , 
2022-07-08 05:38:00,26.67, , , , 
2022-07-08 05:39:00,26.69, , , , 
2022-07-08 05:40:00,26.67, , , , 
2022-07-08 05:41:00,26.69, , , , 
2022-07-08 05:42:00,26.69, , , , 
2022-07-08 05:43:00,26.68, , , , 
2022-07-08 05:44:00,26.70, , , , 
2022-07-08 05:45:00,26.68, , , , 
2022-07-08 05:46:00,26.69, , , , 
2022-07-08 05:47:00,26.70, , , , 
2022-07-08 05:48:00,26.69, , , , 
2022-07-08 05:49:00,26.69, , , , 
2022-07-08 05:50:00,26.70, , , , 
2022-07-08 05:51:00,26.70, , , , 
2022-07-08 05:52:00,26.71, , , , 
2022-07-08 05:53:00,26.70, , , , 
2022-07-08 05:54:00,26.72, , , , 
2022-07-08 05:55:00,26.73, , , , 
2022-07-08 05:56:00,26.73, , , , 
2022-07-08 05:57:00,26.77, , , , 
2022-07-08 05:58:00,26.76, , , , 
2022-07-08 05:59:00,26.76, , , , 
2022-07-08 06:00:00,26.73, , , , 
2022-07-08 06:01:00,26.76, , , , 
2022-07-08 06:02:00,26.78, , , , 
2022-07-08 06:03:00,26.76, , , , 
2022-07-08 06:04:00,26.77, , , , 
2022-07-08 06:05:00,26.77, , , , 
2022-07-08 06:06:00,26.77, , , , 
2022-07-08 06:07:00,26.78, , , , 
2022-07-08 06:08:00,26.77, , , , 
2022-07-08 06:09:00,26.81, , , , 
2022-07-08 06:10:00,26.81, , , , 
2022-07-08 06:11:00,26.79, , , , 
2022-07-08 06:12:00,26.80, , , , 
2022-07-08 06:13:00,26.81, , , , 
2022-07-08 06:14:00,26.81, , , , 
2022-07-08 06:15:00,26.81, , , , 
2022-07-08 06:16:00,26.82, , , , 
2022-07-08 06:17:00,26.83, , , , 
2022-07-08 06:18:00,26.84, , , , 
2022-07-08 06:19:00,26.85, , , , 
2022-07-08 06:20:00,26.85, , , , 
2022-07-08 06:21:00,26.86, , , , 
2022-07-08 06:22:00,26.86, , , , 
2022-07-08 06:23:00,26.90, , , , 
2022-07-08 06:24:00,26.87, , , , 
2022-07-08 06:25:00,26.90, , , , 
2022-07-08 06:26:00,26.91, , , , 
2022-07-08 06:27:00,26.92, , , , 
2022-07-08 06:28:00,26.92, , , , 
2022-07-08 06:29:00,26.91, , , , 
2022-07-08 06:30:00,26.93, , , , 
2022-07-08 06:31:00,26.92, , , , 
2022-07-08 06:32:00,26.95, , , , 
2022-07-08 06:33:00,26.93, , , , 
2022-07-08 06:34:00,26.94, , , , 
2022-07-08 06:35:00,26.93, , , , 
2022-07-08 06:36:00,26.95, , , , 
2022-07-08 06:37:00,26.95, , , , 
2022-07-08 06:38:00,26.98, , , , 
2022-07-08 06:39:00,27.04, , , , 
2022-07-08 06:40:00,27.09, , , , 
2022-07-08 06:41:00,27.16, , , , 
2022-07-08 06:42:00,27.24, , , , 
2022-07-08 06:43:00,27.30, , , , 
2022-07-08 06:44:00,27.39, , , , 
2022-07-08 06:45:00,27.49, , , , 
2022-07-08 06:46:00,27.55, , , , 
2022-07-08 06:47:00,27.63, , , , 
2022-07-08 06:48:00,27.70, , , , 
2022-07-08 06:49:00,27.76, , , , 
2022-07-08 06:50:00,27.83, , , , 
2022-07-08 06:51:00,27.88, , , , 
2022-07-08 06:52:00,27.96, , , , 
2022-07-08 06:53:00,28.00, , , , 
2022-07-08 06:54:00,28.00, , , , 
2022-07-08 06:55:00,27.95, , , , 
2022-07-08 06:56:00,27.94, , , , 
2022-07-08 06:57:00,27.91, , , , 
2022-07-08 06:58:00,27.90, , , , 
2022-07-08 06:59:00,27.93, , , , 
2022-07-08 07:00:00,27.94, , , , 
2022-07-08 07:01:00,27.95, , , , 
2022-07-08 07:02:00,27.97, , , , 
2022-07-08 07:03:00,28.02, , , , 
2022-07-08 07:04:00,28.06, , , , 
2022-07-08 07:05:00,28.12, , , , 
2022-07-08 07:06:00,28.16, , , , 
2022-07-08 07:07:00,28.18, , , , 
2022-07-08 07:08:00,28.23, , , , 
2022-07-08 07:09:00,28.27, , , , 
2022-07-08 07:10:00,28.30, , , , 
2022-07-08 07:11:00,28.32, , , , 
2022-07-08 07:12:00,28.35, , , , 
2022-07-08 07:13:00,28.40, , , , 
2022-07-08 07:14:00,28.42, , , , 
2022-07-08 07:15:00,28.44, , , , 
2022-07-08 07:16:00,28.49, , , , 
2022-07-08 07:17:00,28.50, , , , 
2022-07-08 07:18:00,28.55, , , , 
2022-07-08 07:19:00,28.56, , , , 
2022-07-08 07:20:00,28.58, , , , 
2022-07-08 07:21:00,28.56, , , , 
2022-07-08 07:22:00,28.50, , , , 
2022-07-08 07:23:00,28.49, , , , 
2022-07-08 07:24:00,28.45, , , , 
2022-07-08 07:25:00,28.42, , , , 
2022-07-08 07:26:00,28.40, , , , 
2022-07-08 07:27:00,28.37, , , , 
2022-07-08 07:28:00,28.39, , , , 
2022-07-08 07:29:00,28.39, , , , 
2022-07-08 07:30:00,28.40, , , , 
2022-07-08 07:31:00,28.42, , , , 
2022-07-08 07:32:00,28.44, , , , 
2022-07-08 07:33:00,28.48, , , , 
2022-07-08 07:34:00,28.48, , , , 
2022-07-08 07:35:00,28.52, , , , 
2022-07-08 07:36:00,28.54, , , , 
2022-07-08 07:37:00,28.54, , , , 
2022-07-08 07:38:00,28.56, , , , 
2022-07-08 07:39:00,28.57, , , , 
2022-07-08 07:40:00,28.59, , , , 
2022-07-08 07:41:00,28.60, , , , 
2022-07-08 07:42:00,28.61, , , , 
2022-07-08 07:43:00,28.63, , , , 
2022-07-08 07:44:00,28.63, , , , 
2022-07-08 07:45:00,28.65, , , , 
2022-07-08 07:46:00,28.67, , , , 
2022-07-08 07:47:00,28.67, , , , 
2022-07-08 07:48:00,28.68, , , , 
2022-07-08 07:49:00,28.69, , , , 
2022-07-08 07:50:00,28.69, , , , 
2022-07-08 07:51:00,28.69, , , , 
2022-07-08 07:52:00,28.73, , , , 
2022-07-08 07:53:00,28.72, , , , 
2022-07-08 07:54:00,28.75, , , , 
2022-07-08 07:55:00,28.73, , , , 
2022-07-08 07:56:00,28.75, , , , 
2022-07-08 07:57:00,28.76, , , , 
2022-07-08 07:58:00,28.77, , , , 
2022-07-08 07:59:00,28.79, , , , 
2022-07-08 08:00:00,28.80, , , , 
2022-07-08 08:01:00,28.82, , , , 
2022-07-08 08:02:00,28.83, , , , 
2022-07-08 08:03:00,28.82, , , , 
2022-07-08 08:04:00,28.83, , , , 
2022-07-08 08:05:00,28.83, , , , 
2022-07-08 08:06:00,28.84, , , , 
2022-07-08 08:07:00,28.85, , , , 
2022-07-08 08:08:00,28.86, , , , 
2022-07-08 08:09:00,28.86, , , , 
2022-07-08 08:10:00,28.88, , , , 
2022-07-08 08:11:00,28.90, , , , 
2022-07-08 08:12:00,28.89, , , , 
2022-07-08 08:13:00,28.91, , , , 
2022-07-08 08:14:00,28.92, , , , 
2022-07-08 08:15:00,28.91, , , , 
2022-07-08 08:16:00,28.94, , , , 
2022-07-08 08:17:00,28.93, , , , 
2022-07-08 08:18:00,28.95, , , , 
2022-07-08 08:19:00,28.98, , , , 
2022-07-08 08:20:00,28.95, , , , 
2022-07-08 08:21:00,29.00, , , , 
2022-07-08 08:22:00,28.98, , , , 
2022-07-08 08:23:00,28.98, , , , 
2022-07-08 08:24:00,28.99, , , , 
2022-07-08 08:25:00,29.02, , , , 
2022-07-08 08:26:00,29.01, , , , 
2022-07-08 08:27:00,29.02, , , , 
2022-07-08 08:28:00,29.03, , , , 
2022-07-08 08:29:00,29.03, , , , 
2022-07-08 08:30:00,29.06, , , , 
2022-07-08 08:31:00,29.05, , , , 
2022-07-08 08:32:00,29.07, , , , 
2022-07-08 08:33:00,29.07, , , , 
2022-07-08 08:34:00,29.08, , , , 
2022-07-08 08:35:00,29.09, , , , 
2022-07-08 08:36:00,29.09, , , , 
2022-07-08 08:37:00,29.12, , , , 
2022-07-08 08:38:00,29.12, , , , 
2022-07-08 08:39:00,29.12, , , , 
2022-07-08 08:40:00,29.13, , , , 
2022-07-08 08:41:00,29.13, , , , 
2022-07-08 08:42:00,29.16, , , , 
2022-07-08 08:43:00,29.15, , , , 
2022-07-08 08:44:00,29.15, , , , 
2022-07-08 08:45:00,29.16, , , , 
2022-07-08 08:46:00,29.17, , , , 
2022-07-08 08:47:00,29.20, , , , 
2022-07-08 08:48:00,29.20, , , , 
2022-07-08 08:49:00,29.21, , , , 
2022-07-08 08:50:00,29.21, , , , 
2022-07-08 08:51:00,29.21, , , , 
2022-07-08 08:52:00,29.19, , , , 
2022-07-08 08:53:00,29.21, , , , 
2022-07-08 08:54:00,29.21, , , , 
2022-07-08 08:55:00,29.22, , , , 
2022-07-08 08:56:00,29.21, , , , 
2022-07-08 08:57:00,29.21, , , , 
2022-07-08 08:58:00,29.18, , , , 
2022-07-08 08:59:00,29.19, , , , 
2022-07-08 09:00:00,29.21, , , , 
2022-07-08 09:01:00,29.18, , , , 
2022-07-08 09:02:00,29.14, , , , 
2022-07-08 09:03:00,29.13, , , , 
2022-07-08 09:04:00,29.11, , , , 
2022-07-08 09:05:00,29.05, , , , 
2022-07-08 09:06:00,29.02, , , , 
2022-07-08 09:07:00,29.01, , , , 
2022-07-08 09:08:00,28.98, , , , 
2022-07-08 09:09:00,28.91, , , , 
2022-07-08 09:10:00,28.88, , , , 
2022-07-08 09:11:00,28.84, , , , 
2022-07-08 09:12:00,28.83, , , , 
2022-07-08 09:13:00,28.82, , , , 
2022-07-08 09:14:00,28.82, , , , 
2022-07-08 09:15:00,28.84, , , , 
2022-07-08 09:16:00,28.85, , , , 
2022-07-08 09:17:00,28.90, , , , 
2022-07-08 09:18:00,28.90, , , , 
2022-07-08 09:19:00,28.94, , , , 
2022-07-08 09:20:00,28.97, , , , 
2022-07-08 09:21:00,29.00, , , , 
2022-07-08 09:22:00,29.03, , , , 
2022-07-08 09:23:00,29.05, , , , 
2022-07-08 09:24:00,29.05, , , , 
2022-07-08 09:25:00,29.02, , , , 
2022-07-08 09:26:00,28.95, , , , 
2022-07-08 09:27:00,28.90, , , , 
2022-07-08 09:28:00,28.86, , , , 
2022-07-08 09:29:00,28.82, , , , 
2022-07-08 09:30:00,28.82, , , , 
2022-07-08 09:31:00,28.82, , , , 
2022-07-08 09:32:00,28.83, , , , 
2022-07-08 09:33:00,28.85, , , , 
2022-07-08 09:34:00,28.86, , , , 
2022-07-08 09:35:00,28.91, , , , 
2022-07-08 09:36:00,28.91, , , , 
2022-07-08 09:37:00,28.94, , , , 
2022-07-08 09:38:00,28.98, , , , 
2022-07-08 09:39:00,29.01, , , , 
2022-07-08 09:40:00,29.03, , , , 
2022-07-08 09:41:00,29.01, , , , 
2022-07-08 09:42:00,28.99, , , , 
2022-07-08 09:43:00,28.94, , , , 
2022-07-08 09:44:00,28.90, , , , 
2022-07-08 09:45:00,28.90, , , , 
2022-07-08 09:46:00,28.86, , , , 
2022-07-08 09:47:00,28.85, , , , 
2022-07-08 09:48:00,28.87, , , , 
2022-07-08 09:49:00,28.90, , , , 
2022-07-08 09:50:00,28.90, , , , 
2022-07-08 09:51:00,28.94, , , , 
2022-07-08 09:52:00,28.97, , , , 
2022-07-08 09:53:00,29.01, , , , 
2022-07-08 09:54:00,29.03, , , , 
2022-07-08 09:55:00,29.06, , , , 
2022-07-08 09:56:00,29.07, , , , 
2022-07-08 09:57:00,29.11, , , , 
2022-07-08 09:58:00,29.07, , , , 
2022-07-08 09:59:00,28.99, , , , 
2022-07-08 10:00:00,28.94, , , , 
2022-07-08 10:01:00,28.93, , , , 
2022-07-08 10:02:00,28.92, , , , 
2022-07-08 10:03:00,28.92, , , , 
2022-07-08 10:04:00,28.90, , , , 
2022-07-08 10:05:00,28.88, , , , 
2022-07-08 10:06:00,28.87, , , , 
2022-07-08 10:07:00,28.86, , , , 
2022-07-08 10:08:00,28.87, , , , 
2022-07-08 10:09:00,28.87, , , , 
2022-07-08 10:10:00,28.90, , , , 
2022-07-08 10:11:00,28.91, , , , 
2022-07-08 10:12:00,28.94, , , , 
2022-07-08 10:13:00,28.95, , , , 
2022-07-08 10:14:00,29.01, , , , 
2022-07-08 10:15:00,29.01, , , , 
2022-07-08 10:16:00,29.03, , , , 
2022-07-08 10:17:00,29.08, , , , 
2022-07-08 10:18:00,29.09, , , , 
2022-07-08 10:19:00,29.09, , , , 
2022-07-08 10:20:00,29.09, , , , 
2022-07-08 10:21:00,29.06, , , , 
2022-07-08 10:22:00,29.04, , , , 
2022-07-08 10:23:00,29.01, , , , 
2022-07-08 10:24:00,28.99, , , , 
2022-07-08 10:25:00,29.00, , , , 
2022-07-08 10:26:00,28.99, , , , 
2022-07-08 10:27:00,28.94, , , , 
2022-07-08 10:28:00,28.94, , , , 
2022-07-08 10:29:00,28.93, , , , 
2022-07-08 10:30:00,28.92, , , , 
2022-07-08 10:31:00,28.90, , , , 
2022-07-08 10:32:00,28.93, , , , 
2022-07-08 10:33:00,28.95, , , , 
2022-07-08 10:34:00,28.98, , , , 
2022-07-08 10:35:00,29.02, , , , 
2022-07-08 10:36:00,29.05, , , , 
2022-07-08 10:37:00,29.05, , , , 
2022-07-08 10:38:00,29.08, , , , 
2022-07-08 10:39:00,29.11, , , , 
2022-07-08 10:40:00,29.11, , , , 
2022-07-08 10:41:00,29.08, , , , 
2022-07-08 10:42:00,29.06, , , , 
2022-07-08 10:43:00,28.98, , , , 
2022-07-08 10:44:00,28.92, , , , 
2022-07-08 10:45:00,28.85, , , , 
2022-07-08 10:46:00,28.79, , , , 
2022-07-08 10:47:00,28.74, , , , 
2022-07-08 10:48:00,28.72, , , , 
2022-07-08 10:49:00,28.69, , , , 
2022-07-08 10:50:00,28.68, , , , 
2022-07-08 10:51:00,28.70, , , , 
2022-07-08 10:52:00,28.69, , , , 
2022-07-08 10:53:00,28.65, , , , 
2022-07-08 10:54:00,28.68, , , , 
2022-07-08 10:55:00,28.69, , , , 
2022-07-08 10:56:00,28.69, , , , 
2022-07-08 10:57:00,28.70, , , , 
2022-07-08 10:58:00,28.70, , , , 
2022-07-08 10:59:00,28.69, , , , 
2022-07-08 11:00:00,28.69, , , , 
2022-07-08 11:01:00,28.71, , , , 
2022-07-08 11:02:00,28.69, , , , 
2022-07-08 11:03:00,28.70, , , , 
2022-07-08 11:04:00,28.68, , , , 
2022-07-08 11:05:00,28.67, , , , 
2022-07-08 11:06:00,28.69, , , , 
2022-07-08 11:07:00,28.72, , , , 
2022-07-08 11:08:00,28.74, , , , 
2022-07-08 11:09:00,28.77, , , , 
2022-07-08 11:10:00,28.80, , , , 
2022-07-08 11:11:00,28.85, , , , 
2022-07-08 11:12:00,28.88, , , , 
2022-07-08 11:13:00,28.92, , , , 
2022-07-08 11:14:00,28.95, , , , 
2022-07-08 11:15:00,29.00, , , , 
2022-07-08 11:16:00,29.00, , , , 
2022-07-08 11:17:00,29.03, , , , 
2022-07-08 11:18:00,29.03, , , , 
2022-07-08 11:19:00,29.03, , , , 
2022-07-08 11:20:00,29.00, , , , 
2022-07-08 11:21:00,28.94, , , , 
2022-07-08 11:22:00,28.94, , , , 
2022-07-08 11:23:00,28.95, , , , 
2022-07-08 11:24:00,28.95, , , , 
2022-07-08 11:25:00,28.94, , , , 
2022-07-08 11:26:00,28.93, , , , 
2022-07-08 11:27:00,28.91, , , , 
2022-07-08 11:28:00,28.89, , , , 
2022-07-08 11:29:00,28.90, , , , 
2022-07-08 11:30:00,28.90, , , , 
2022-07-08 11:31:00,28.88, , , , 
2022-07-08 11:32:00,28.86, , , , 
2022-07-08 11:33:00,28.86, , , , 
2022-07-08 11:34:00,28.85, , , , 
2022-07-08 11:35:00,28.83, , , , 
2022-07-08 11:36:00,28.85, , , , 
2022-07-08 11:37:00,28.86, , , , 
2022-07-08 11:38:00,28.92, , , , 
2022-07-08 11:39:00,28.93, , , , 
2022-07-08 11:40:00,28.98, , , , 
2022-07-08 11:41:00,29.00, , , , 
2022-07-08 11:42:00,29.04, , , , 
2022-07-08 11:43:00,29.07, , , , 
2022-07-08 11:44:00,29.09, , , , 
2022-07-08 11:45:00,29.13, , , , 
2022-07-08 11:46:00,29.14, , , , 
2022-07-08 11:47:00,29.12, , , , 
2022-07-08 11:48:00,29.08, , , , 
2022-07-08 11:49:00,29.06, , , , 
2022-07-08 11:50:00,29.04, , , , 
2022-07-08 11:51:00,29.01, , , , 
2022-07-08 11:52:00,29.03, , , , 
2022-07-08 11:53:00,29.02, , , , 
2022-07-08 11:54:00,29.01, , , , 
2022-07-08 11:55:00,28.98, , , , 
2022-07-08 11:56:00,28.98, , , , 
2022-07-08 11:57:00,28.95, , , , 
2022-07-08 11:58:00,28.94, , , , 
2022-07-08 11:59:00,28.94, , , , 
2022-07-08 12:00:00,28.95, , , , 
2022-07-08 12:01:00,28.92, , , , 
2022-07-08 12:02:00,28.93, , , , 
2022-07-08 12:03:00,28.91, , , , 
2022-07-08 12:04:00,28.91, , , , 
2022-07-08 12:05:00,28.90, , , , 
2022-07-08 12:06:00,28.90, , , , 
2022-07-08 12:07:00,28.88, , , , 
2022-07-08 12:08:00,28.87, , , , 
2022-07-08 12:09:00,28.86, , , , 
2022-07-08 12:10:00,28.87, , , , 
2022-07-08 12:11:00,28.86, , , , 
2022-07-08 12:12:00,28.85, , , , 
2022-07-08 12:13:00,28.84, , , , 
2022-07-08 12:14:00,28.82, , , , 
2022-07-08 12:15:00,28.80, , , , 
2022-07-08 12:16:00,28.82, , , , 
2022-07-08 12:17:00,28.85, , , , 
2022-07-08 12:18:00,28.82, , , , 
2022-07-08 12:19:00,28.80, , , , 
2022-07-08 12:20:00,28.79, , , , 
2022-07-08 12:21:00,28.82, , , , 
2022-07-08 12:22:00,28.80, , , , 
2022-07-08 12:23:00,28.82, , , , 
2022-07-08 12:24:00,28.79, , , , 
2022-07-08 12:25:00,28.80, , , , 
2022-07-08 12:26:00,28.82, , , , 
2022-07-08 12:27:00,28.79, , , , 
2022-07-08 12:28:00,28.82, , , , 
2022-07-08 12:29:00,28.79, , , , 
2022-07-08 12:30:00,28.80, , , , 
2022-07-08 12:31:00,28.79, , , , 
2022-07-08 12:32:00,28.77, , , , 
2022-07-08 12:33:00,28.79, , , , 
2022-07-08 12:34:00,28.82, , , , 
2022-07-08 12:35:00,28.79, , , , 
2022-07-08 12:36:00,28.77, , , , 
2022-07-08 12:37:00,28.76, , , , 
2022-07-08 12:38:00,28.74, , , , 
2022-07-08 12:39:00,28.75, , , , 
2022-07-08 12:40:00,28.78, , , , 
2022-07-08 12:41:00,28.75, , , , 
2022-07-08 12:42:00,28.76, , , , 
2022-07-08 12:43:00,28.79, , , , 
2022-07-08 12:44:00,28.78, , , , 
2022-07-08 12:45:00,28.79, , , , 
2022-07-08 12:46:00,28.78, , , , 
2022-07-08 12:47:00,28.79, , , , 
2022-07-08 12:48:00,28.77, , , , 
2022-07-08 12:49:00,28.76, , , , 
2022-07-08 12:50:00,28.77, , , , 
2022-07-08 12:51:00,28.79, , , , 
2022-07-08 12:52:00,28.82, , , , 
2022-07-08 12:53:00,28.82, , , , 
2022-07-08 12:54:00,28.79, , , , 
2022-07-08 12:55:00,28.77, , , , 
2022-07-08 12:56:00,28.77, , , , 
2022-07-08 12:57:00,28.76, , , , 
2022-07-08 12:58:00,28.72, , , , 
2022-07-08 12:59:00,28.71, , , , 
2022-07-08 13:00:00,28.70, , , , 
2022-07-08 13:01:00,28.68, , , , 
2022-07-08 13:02:00,28.67, , , , 
2022-07-08 13:03:00,28.65, , , , 
2022-07-08 13:04:00,28.67, , , , 
2022-07-08 13:05:00,28.65, , , , 
2022-07-08 13:06:00,28.60, , , , 
2022-07-08 13:07:00,28.58, , , , 
2022-07-08 13:08:00,28.52, , , , 
2022-07-08 13:09:00,28.46, , , , 
2022-07-08 13:10:00,28.42, , , , 
2022-07-08 13:11:00,28.38, , , , 
2022-07-08 13:12:00,28.35, , , , 
2022-07-08 13:13:00,28.34, , , , 
2022-07-08 13:14:00,28.33, , , , 
2022-07-08 13:15:00,28.34, , , , 
2022-07-08 13:16:00,28.34, , , , 
2022-07-08 13:17:00,28.39, , , , 
2022-07-08 13:18:00,28.40, , , , 
2022-07-08 13:19:00,28.40, , , , 
2022-07-08 13:20:00,28.40, , , , 
2022-07-08 13:21:00,28.43, , , , 
2022-07-08 13:22:00,28.41, , , , 
2022-07-08 13:23:00,28.46, , , , 
2022-07-08 13:24:00,28.49, , , , 
2022-07-08 13:25:00,28.49, , , , 
2022-07-08 13:26:00,28.53, , , , 
2022-07-08 13:27:00,28.54, , , , 
2022-07-08 13:28:00,28.54, , , , 
2022-07-08 13:29:00,28.58, , , , 
2022-07-08 13:30:00,28.57, , , , 
2022-07-08 13:31:00,28.57, , , , 
2022-07-08 13:32:00,28.60, , , , 
2022-07-08 13:33:00,28.60, , , , 
2022-07-08 13:34:00,28.59, , , , 
2022-07-08 13:35:00,28.63, , , , 
2022-07-08 13:36:00,28.61, , , , 
2022-07-08 13:37:00,28.63, , , , 
2022-07-08 13:38:00,28.65, , , , 
2022-07-08 13:39:00,28.65, , , , 
2022-07-08 13:40:00,28.65, , , , 
2022-07-08 13:41:00,28.69, , , , 
2022-07-08 13:42:00,28.72, , , , 
2022-07-08 13:43:00,28.77, , , , 
2022-07-08 13:44:00,28.80, , , , 
2022-07-08 13:45:00,28.86, , , , 
2022-07-08 13:46:00,28.90, , , , 
2022-07-08 13:47:00,28.90, , , , 
2022-07-08 13:48:00,28.92, , , , 
2022-07-08 13:49:00,28.91, , , , 
2022-07-08 13:50:00,28.89, , , , 
2022-07-08 13:51:00,28.91, , , , 
2022-07-08 13:52:00,28.91, , , , 
2022-07-08 13:53:00,28.88, , , , 
2022-07-08 13:54:00,28.85, , , , 
2022-07-08 13:55:00,28.90, , , , 
2022-07-08 13:56:00,28.67, , , , 
2022-07-08 13:57:00,28.29, , , , 
2022-07-08 13:58:00,27.93, , , , 
2022-07-08 13:59:00,27.58, , , , 
2022-07-08 14:00:00,27.32, , , , 
2022-07-08 14:01:00,27.12, , , , 
2022-07-08 14:02:00,26.96, , , , 
2022-07-08 14:03:00,26.78, , , , 
2022-07-08 14:04:00,26.62, , , , 
2022-07-08 14:05:00,26.53, , , , 
2022-07-08 14:06:00,26.45, , , , 
2022-07-08 14:07:00,26.33, , , , 
2022-07-08 14:08:00,26.26, , , , 
2022-07-08 14:09:00,26.21, , , , 
2022-07-08 14:10:00,26.15, , , , 
2022-07-08 14:11:00,26.09, , , , 
2022-07-08 14:12:00,26.06, , , , 
2022-07-08 14:13:00,26.02, , , , 
2022-07-08 14:14:00,25.98, , , , 
2022-07-08 14:15:00,25.88, , , , 
2022-07-08 14:16:00,25.87, , , , 
2022-07-08 14:17:00,25.81, , , , 
2022-07-08 14:18:00,25.77, , , , 
2022-07-08 14:19:00,25.76, , , , 
2022-07-08 14:20:00,25.74, , , , 
2022-07-08 14:21:00,25.72, , , , 
2022-07-08 14:22:00,25.72, , , , 
2022-07-08 14:23:00,25.68, , , , 
2022-07-08 14:24:00,25.69, , , , 
2022-07-08 14:25:00,25.69, , , , 
2022-07-08 14:26:00,25.67, , , , 
2022-07-08 14:27:00,25.66, , , , 
2022-07-08 14:28:00,25.66, , , , 
2022-07-08 14:29:00,25.63, , , , 
2022-07-08 14:30:00,25.60, , , , 
2022-07-08 14:31:00,25.61, , , , 
2022-07-08 14:32:00,25.62, , , , 
2022-07-08 14:33:00,25.63, , , , 
2022-07-08 14:34:00,25.65, , , , 
2022-07-08 14:35:00,25.74, , , , 
2022-07-08 14:36:00,25.87, , , , 
2022-07-08 14:37:00,26.04, , , , 
2022-07-08 14:38:00,26.18, , , , 
2022-07-08 14:39:00,26.32, , , , 
2022-07-08 14:40:00,26.47, , , , 
2022-07-08 14:41:00,26.61, , , , 
2022-07-08 14:42:00,26.72, , , , 
2022-07-08 14:43:00,26.83, , , , 
2022-07-08 14:44:00,26.92, , , , 
2022-07-08 14:45:00,27.01, , , , 
2022-07-08 14:46:00,27.11, , , , 
2022-07-08 14:47:00,27.20, , , , 
2022-07-08 14:48:00,27.27, , , , 
2022-07-08 14:49:00,27.35, , , , 
2022-07-08 14:50:00,27.38, , , , 
2022-07-08 14:51:00,27.46, , , , 
2022-07-08 14:52:00,27.52, , , , 
2022-07-08 14:53:00,27.54, , , , 
2022-07-08 14:54:00,27.59, , , , 
2022-07-08 14:55:00,27.65, , , , 
2022-07-08 14:56:00,27.68, , , , 
2022-07-08 14:57:00,27.74, , , , 
2022-07-08 14:58:00,27.81, , , , 
2022-07-08 14:59:00,27.87, , , , 
2022-07-08 15:00:00,27.93, , , , 
2022-07-08 15:01:00,27.96, , , , 
2022-07-08 15:02:00,28.02, , , , 
2022-07-08 15:03:00,28.06, , , , 
2022-07-08 15:04:00,28.11, , , , 
2022-07-08 15:05:00,28.14, , , , 
2022-07-08 15:06:00,28.18, , , , 
2022-07-08 15:07:00,28.21, , , , 
2022-07-08 15:08:00,28.23, , , , 
2022-07-08 15:09:00,28.27, , , , 
2022-07-08 15:10:00,28.29, , , , 
2022-07-08 15:11:00,28.34, , , , 
2022-07-08 15:12:00,28.40, , , , 
2022-07-08 15:13:00,28.39, , , , 
2022-07-08 15:14:00,28.39, , , , 
2022-07-08 15:15:00,28.41, , , , 
2022-07-08 15:16:00,28.44, , , , 
2022-07-08 15:17:00,28.46, , , , 
2022-07-08 15:18:00,28.50, , , , 
2022-07-08 15:19:00,28.50, , , , 
2022-07-08 15:20:00,28.53, , , , 
2022-07-08 15:21:00,28.55, , , , 
2022-07-08 15:22:00,28.55, , , , 
2022-07-08 15:23:00,28.55, , , , 
2022-07-08 15:24:00,28.58, , , , 
2022-07-08 15:25:00,28.58, , , , 
2022-07-08 15:26:00,28.57, , , , 
2022-07-08 15:27:00,28.56, , , , 
2022-07-08 15:28:00,28.56, , , , 
2022-07-08 15:29:00,28.59, , , , 
2022-07-08 15:30:00,28.59, , , , 
2022-07-08 15:31:00,28.60, , , , 
2022-07-08 15:32:00,28.60, , , , 
2022-07-08 15:33:00,28.62, , , , 
2022-07-08 15:34:00,28.63, , , , 
2022-07-08 15:35:00,28.68, , , , 
2022-07-08 15:36:00,28.68, , , , 
2022-07-08 15:37:00,28.69, , , , 
2022-07-08 15:38:00,28.72, , , , 
2022-07-08 15:39:00,28.73, , , , 
2022-07-08 15:40:00,28.74, , , , 
2022-07-08 15:41:00,28.73, , , , 
2022-07-08 15:42:00,28.71, , , , 
2022-07-08 15:43:00,28.63, , , , 
2022-07-08 15:44:00,28.55, , , , 
2022-07-08 15:45:00,28.48, , , , 
2022-07-08 15:46:00,28.41, , , , 
2022-07-08 15:47:00,28.34, , , , 
2022-07-08 15:48:00,28.25, , , , 
2022-07-08 15:49:00,28.16, , , , 
2022-07-08 15:50:00,28.10, , , , 
2022-07-08 15:51:00,28.02, , , , 
2022-07-08 15:52:00,27.95, , , , 
2022-07-08 15:53:00,27.88, , , , 
2022-07-08 15:54:00,27.79, , , , 
2022-07-08 15:55:00,27.70, , , , 
2022-07-08 15:56:00,27.67, , , , 
2022-07-08 15:57:00,27.66, , , , 
2022-07-08 15:58:00,27.70, , , , 
2022-07-08 15:59:00,27.74, , , , 
2022-07-08 16:00:00,27.85, , , , 
2022-07-08 16:01:00,27.90, , , , 
2022-07-08 16:02:00,27.98, , , , 
2022-07-08 16:03:00,28.00, , , , 
2022-07-08 16:04:00,27.95, , , , 
2022-07-08 16:05:00,27.88, , , , 
2022-07-08 16:06:00,27.85, , , , 
2022-07-08 16:07:00,27.83, , , , 
2022-07-08 16:08:00,27.86, , , , 
2022-07-08 16:09:00,27.93, , , , 
2022-07-08 16:10:00,28.01, , , , 
2022-07-08 16:11:00,28.08, , , , 
2022-07-08 16:12:00,28.10, , , , 
2022-07-08 16:13:00,28.10, , , , 
2022-07-08 16:14:00,28.04, , , , 
2022-07-08 16:15:00,28.04, , , , 
2022-07-08 16:16:00,28.05, , , , 
2022-07-08 16:17:00,28.11, , , , 
2022-07-08 16:18:00,28.18, , , , 
2022-07-08 16:19:00,28.23, , , , 
2022-07-08 16:20:00,28.26, , , , 
2022-07-08 16:21:00,28.23, , , , 
2022-07-08 16:22:00,28.24, , , , 
2022-07-08 16:23:00,28.19, , , , 
2022-07-08 16:24:00,28.26, , , , 
2022-07-08 16:25:00,28.30, , , , 
2022-07-08 16:26:00,28.33, , , , 
2022-07-08 16:27:00,28.35, , , , 
2022-07-08 16:28:00,28.34, , , , 
2022-07-08 16:29:00,28.29, , , , 
2022-07-08 16:30:00,28.31, , , , 
2022-07-08 16:31:00,28.33, , , , 
2022-07-08 16:32:00,28.38, , , , 
2022-07-08 16:33:00,28.42, , , , 
2022-07-08 16:34:00,28.43, , , , 
2022-07-08 16:35:00,28.35, , , , 
2022-07-08 16:36:00,28.31, , , , 
2022-07-08 16:37:00,28.31, , , , 
2022-07-08 16:38:00,28.31, , , , 
2022-07-08 16:39:00,28.34, , , , 
2022-07-08 16:40:00,28.40, , , , 
2022-07-08 16:41:00,28.38, , , , 
2022-07-08 16:42:00,28.38, , , , 
2022-07-08 16:43:00,28.37, , , , 
2022-07-08 16:44:00,28.39, , , , 
2022-07-08 16:45:00,28.42, , , , 
2022-07-08 16:46:00,28.47, , , , 
2022-07-08 16:47:00,28.50, , , , 
2022-07-08 16:48:00,28.50, , , , 
2022-07-08 16:49:00,28.47, , , , 
2022-07-08 16:50:00,28.47, , , , 
2022-07-08 16:51:00,28.47, , , , 
2022-07-08 16:52:00,28.53, , , , 
2022-07-08 16:53:00,28.54, , , , 
2022-07-08 16:54:00,28.57, , , , 
2022-07-08 16:55:00,28.57, , , , 
2022-07-08 16:56:00,28.59, , , , 
2022-07-08 16:57:00,28.61, , , , 
2022-07-08 16:58:00,28.64, , , , 
2022-07-08 16:59:00,28.69, , , , 
2022-07-08 17:00:00,28.69, , , , 
2022-07-08 17:01:00,28.69, , , , 
2022-07-08 17:02:00,28.69, , , , 
2022-07-08 17:03:00,28.70, , , , 
2022-07-08 17:04:00,28.74, , , , 
2022-07-08 17:05:00,28.76, , , , 
2022-07-08 17:06:00,28.73, , , , 
2022-07-08 17:07:00,28.73, , , , 
2022-07-08 17:08:00,28.71, , , , 
2022-07-08 17:09:00,28.70, , , , 
2022-07-08 17:10:00,28.73, , , , 
2022-07-08 17:11:00,28.74, , , , 
2022-07-08 17:12:00,28.71, , , , 
2022-07-08 17:13:00,28.63, , , , 
2022-07-08 17:14:00,28.60, , , , 
2022-07-08 17:15:00,28.61, , , , 
2022-07-08 17:16:00,28.63, , , , 
2022-07-08 17:17:00,28.63, , , , 
2022-07-08 17:18:00,28.61, , , , 
2022-07-08 17:19:00,28.60, , , , 
2022-07-08 17:20:00,28.59, , , , 
2022-07-08 17:21:00,28.59, , , , 
2022-07-08 17:22:00,28.61, , , , 
2022-07-08 17:23:00,28.63, , , , 
2022-07-08 17:24:00,28.64, , , , 
2022-07-08 17:25:00,28.62, , , , 
2022-07-08 17:26:00,28.64, , , , 
2022-07-08 17:27:00,28.65, , , , 
2022-07-08 17:28:00,28.67, , , , 
2022-07-08 17:29:00,28.68, , , , 
2022-07-08 17:30:00,28.67, , , , 
2022-07-08 17:31:00,28.65, , , , 
2022-07-08 17:32:00,28.65, , , , 
2022-07-08 17:33:00,28.63, , , , 
2022-07-08 17:34:00,28.67, , , , 
2022-07-08 17:35:00,28.68, , , , 
2022-07-08 17:36:00,28.68, , , , 
2022-07-08 17:37:00,28.67, , , , 
2022-07-08 17:38:00,28.65, , , , 
2022-07-08 17:39:00,28.67, , , , 
2022-07-08 17:40:00,28.67, , , , 
2022-07-08 17:41:00,28.71, , , , 
2022-07-08 17:42:00,28.71, , , , 
2022-07-08 17:43:00,28.64, , , , 
2022-07-08 17:44:00,28.67, , , , 
2022-07-08 17:45:00,28.67, , , , 
2022-07-08 17:46:00,28.65, , , , 
2022-07-08 17:47:00,28.68, , , , 
2022-07-08 17:48:00,28.65, , , , 
2022-07-08 17:49:00,28.64, , , , 
2022-07-08 17:50:00,28.63, , , , 
2022-07-08 17:51:00,28.64, , , , 
2022-07-08 17:52:00,28.67, , , , 
2022-07-08 17:53:00,28.68, , , , 
2022-07-08 17:54:00,28.68, , , , 
2022-07-08 17:55:00,28.67, , , , 
2022-07-08 17:56:00,28.65, , , , 
2022-07-08 17:57:00,28.67, , , , 
2022-07-08 17:58:00,28.67, , , , 
2022-07-08 17:59:00,28.68, , , , 
2022-07-08 18:00:00,28.67, , , , 
2022-07-08 18:01:00,28.67, , , , 
2022-07-08 18:02:00,28.63, , , , 
2022-07-08 18:03:00,28.63, , , , 
2022-07-08 18:04:00,28.67, , , , 
2022-07-08 18:05:00,28.65, , , , 
2022-07-08 18:06:00,28.71, , , , 
2022-07-08 18:07:00,28.72, , , , 
2022-07-08 18:08:00,28.74, , , , 
2022-07-08 18:09:00,28.76, , , , 
2022-07-08 18:10:00,28.80, , , , 
2022-07-08 18:11:00,28.82, , , , 
2022-07-08 18:12:00,28.85, , , , 
2022-07-08 18:13:00,28.86, , , , 
2022-07-08 18:14:00,28.89, , , , 
2022-07-08 18:15:00,28.91, , , , 
2022-07-08 18:16:00,28.87, , , , 
2022-07-08 18:17:00,28.82, , , , 
2022-07-08 18:18:00,28.75, , , , 
2022-07-08 18:19:00,28.72, , , , 
2022-07-08 18:20:00,28.72, , , , 
2022-07-08 18:21:00,28.72, , , , 
2022-07-08 18:22:00,28.70, , , , 
2022-07-08 18:23:00,28.71, , , , 
2022-07-08 18:24:00,28.67, , , , 
2022-07-08 18:25:00,28.61, , , , 
2022-07-08 18:26:00,28.63, , , , 
2022-07-08 18:27:00,28.64, , , , 
2022-07-08 18:28:00,28.63, , , , 
2022-07-08 18:29:00,28.60, , , , 
2022-07-08 18:30:00,28.59, , , , 
2022-07-08 18:31:00,28.56, , , , 
2022-07-08 18:32:00,28.59, , , , 
2022-07-08 18:33:00,28.61, , , , 
2022-07-08 18:34:00,28.60, , , , 
2022-07-08 18:35:00,28.60, , , , 
2022-07-08 18:36:00,28.58, , , , 
2022-07-08 18:37:00,28.57, , , , 
2022-07-08 18:38:00,28.59, , , , 
2022-07-08 18:39:00,28.61, , , , 
2022-07-08 18:40:00,28.63, , , , 
2022-07-08 18:41:00,28.67, , , , 
2022-07-08 18:42:00,28.69, , , , 
2022-07-08 18:43:00,28.75, , , , 
2022-07-08 18:44:00,28.75, , , , 
2022-07-08 18:45:00,28.80, , , , 
2022-07-08 18:46:00,28.83, , , , 
2022-07-08 18:47:00,28.86, , , , 
2022-07-08 18:48:00,28.86, , , , 
2022-07-08 18:49:00,28.88, , , , 
2022-07-08 18:50:00,28.88, , , , 
2022-07-08 18:51:00,28.83, , , , 
2022-07-08 18:52:00,28.77, , , , 
2022-07-08 18:53:00,28.72, , , , 
2022-07-08 18:54:00,28.70, , , , 
2022-07-08 18:55:00,28.68, , , , 
2022-07-08 18:56:00,28.68, , , , 
2022-07-08 18:57:00,28.65, , , , 
2022-07-08 18:58:00,28.60, , , , 
2022-07-08 18:59:00,28.59, , , , 
2022-07-08 19:00:00,28.56, , , , 
2022-07-08 19:01:00,28.58, , , , 
2022-07-08 19:02:00,28.58, , , , 
2022-07-08 19:03:00,28.60, , , , 
2022-07-08 19:04:00,28.58, , , , 
2022-07-08 19:05:00,28.55, , , , 
2022-07-08 19:06:00,28.58, , , , 
2022-07-08 19:07:00,28.58, , , , 
2022-07-08 19:08:00,28.61, , , , 
2022-07-08 19:09:00,28.63, , , , 
2022-07-08 19:10:00,28.63, , , , 
2022-07-08 19:11:00,28.69, , , , 
2022-07-08 19:12:00,28.72, , , , 
2022-07-08 19:13:00,28.77, , , , 
2022-07-08 19:14:00,28.78, , , , 
2022-07-08 19:15:00,28.80, , , , 
2022-07-08 19:16:00,28.83, , , , 
2022-07-08 19:17:00,28.85, , , , 
2022-07-08 19:18:00,28.86, , , , 
2022-07-08 19:19:00,28.86, , , , 
2022-07-08 19:20:00,28.79, , , , 
2022-07-08 19:21:00,28.69, , , , 
2022-07-08 19:22:00,28.63, , , , 
2022-07-08 19:23:00,28.61, , , , 
2022-07-08 19:24:00,28.60, , , , 
2022-07-08 19:25:00,28.61, , , , 
2022-07-08 19:26:00,28.60, , , , 
2022-07-08 19:27:00,28.59, , , , 
2022-07-08 19:28:00,28.57, , , , 
2022-07-08 19:29:00,28.58, , , , 
2022-07-08 19:30:00,28.57, , , , 
2022-07-08 19:31:00,28.60, , , , 
2022-07-08 19:32:00,28.63, , , , 
2022-07-08 19:33:00,28.67, , , , 
2022-07-08 19:34:00,28.69, , , , 
2022-07-08 19:35:00,28.72, , , , 
2022-07-08 19:36:00,28.76, , , , 
2022-07-08 19:37:00,28.78, , , , 
2022-07-08 19:38:00,28.79, , , , 
2022-07-08 19:39:00,28.83, , , , 
2022-07-08 19:40:00,28.85, , , , 
2022-07-08 19:41:00,28.84, , , , 
2022-07-08 19:42:00,28.83, , , , 
2022-07-08 19:43:00,28.78, , , , 
2022-07-08 19:44:00,28.72, , , , 
2022-07-08 19:45:00,28.69, , , , 
2022-07-08 19:46:00,28.70, , , , 
2022-07-08 19:47:00,28.71, , , , 
2022-07-08 19:48:00,28.68, , , , 
2022-07-08 19:49:00,28.64, , , , 
2022-07-08 19:50:00,28.59, , , , 
2022-07-08 19:51:00,28.59, , , , 
2022-07-08 19:52:00,28.58, , , , 
2022-07-08 19:53:00,28.59, , , , 
2022-07-08 19:54:00,28.61, , , , 
2022-07-08 19:55:00,28.63, , , , 
2022-07-08 19:56:00,28.65, , , , 
2022-07-08 19:57:00,28.71, , , , 
2022-07-08 19:58:00,28.73, , , , 
2022-07-08 19:59:00,28.76, , , , 
2022-07-08 20:00:00,28.79, , , , 
2022-07-08 20:01:00,28.79, , , , 
2022-07-08 20:02:00,28.85, , , , 
2022-07-08 20:03:00,28.85, , , , 
2022-07-08 20:04:00,28.84, , , , 
2022-07-08 20:05:00,28.78, , , , 
2022-07-08 20:06:00,28.69, , , , 
2022-07-08 20:07:00,28.67, , , , 
2022-07-08 20:08:00,28.67, , , , 
2022-07-08 20:09:00,28.64, , , , 
2022-07-08 20:10:00,28.67, , , , 
2022-07-08 20:11:00,28.68, , , , 
2022-07-08 20:12:00,28.71, , , , 
2022-07-08 20:13:00,28.73, , , , 
2022-07-08 20:14:00,28.77, , , , 
2022-07-08 20:15:00,28.78, , , , 
2022-07-08 20:16:00,28.79, , , , 
2022-07-08 20:17:00,28.84, , , , 
2022-07-08 20:18:00,28.84, , , , 
2022-07-08 20:19:00,28.85, , , , 
2022-07-08 20:20:00,28.88, , , , 
2022-07-08 20:21:00,28.83, , , , 
2022-07-08 20:22:00,28.76, , , , 
2022-07-08 20:23:00,28.68, , , , 
2022-07-08 20:24:00,28.67, , , , 
2022-07-08 20:25:00,28.65, , , , 
2022-07-08 20:26:00,28.64, , , , 
2022-07-08 20:27:00,28.65, , , , 
2022-07-08 20:28:00,28.60, , , , 
2022-07-08 20:29:00,28.57, , , , 
2022-07-08 20:30:00,28.55, , , , 
2022-07-08 20:31:00,28.57, , , , 
2022-07-08 20:32:00,28.57, , , , 
2022-07-08 20:33:00,28.58, , , , 
2022-07-08 20:34:00,28.59, , , , 
2022-07-08 20:35:00,28.64, , , , 
2022-07-08 20:36:00,28.68, , , , 
2022-07-08 20:37:00,28.70, , , , 
2022-07-08 20:38:00,28.72, , , , 
2022-07-08 20:39:00,28.74, , , , 
2022-07-08 20:40:00,28.77, , , , 
2022-07-08 20:41:00,28.77, , , , 
2022-07-08 20:42:00,28.82, , , , 
2022-07-08 20:43:00,28.78, , , , 
2022-07-08 20:44:00,28.73, , , , 
2022-07-08 20:45:00,28.68, , , , 
2022-07-08 20:46:00,28.62, , , , 
2022-07-08 20:47:00,28.61, , , , 
2022-07-08 20:48:00,28.62, , , , 
2022-07-08 20:49:00,28.62, , , , 
2022-07-08 20:50:00,28.64, , , , 
2022-07-08 20:51:00,28.69, , , , 
2022-07-08 20:52:00,28.73, , , , 
2022-07-08 20:53:00,28.76, , , , 
2022-07-08 20:54:00,28.79, , , , 
2022-07-08 20:55:00,28.84, , , , 
2022-07-08 20:56:00,28.87, , , , 
2022-07-08 20:57:00,28.91, , , , 
2022-07-08 20:58:00,28.94, , , , 
2022-07-08 20:59:00,28.95, , , , 
2022-07-08 21:00:00,28.94, , , , 
2022-07-08 21:01:00,28.90, , , , 
2022-07-08 21:02:00,28.84, , , , 
2022-07-08 21:03:00,28.84, , , , 
2022-07-08 21:04:00,28.82, , , , 
2022-07-08 21:05:00,28.86, , , , 
2022-07-08 21:06:00,28.86, , , , 
2022-07-08 21:07:00,28.88, , , , 
2022-07-08 21:08:00,28.90, , , , 
2022-07-08 21:09:00,28.92, , , , 
2022-07-08 21:10:00,28.93, , , , 
2022-07-08 21:11:00,28.94, , , , 
2022-07-08 21:12:00,28.94, , , , 
2022-07-08 21:13:00,28.97, , , , 
2022-07-08 21:14:00,28.94, , , , 
2022-07-08 21:15:00,28.98, , , , 
2022-07-08 21:16:00,28.98, , , , 
2022-07-08 21:17:00,28.95, , , , 
2022-07-08 21:18:00,28.88, , , , 
2022-07-08 21:19:00,28.85, , , , 
2022-07-08 21:20:00,28.85, , , , 
2022-07-08 21:21:00,28.83, , , , 
2022-07-08 21:22:00,28.84, , , , 
2022-07-08 21:23:00,28.80, , , , 
2022-07-08 21:24:00,28.85, , , , 
2022-07-08 21:25:00,28.88, , , , 
2022-07-08 21:26:00,28.90, , , , 
2022-07-08 21:27:00,28.91, , , , 
2022-07-08 21:28:00,28.92, , , , 
2022-07-08 21:29:00,28.92, , , , 
2022-07-08 21:30:00,28.92, , , , 
2022-07-08 21:31:00,28.93, , , , 
2022-07-08 21:32:00,28.93, , , , 
2022-07-08 21:33:00,28.91, , , , 
2022-07-08 21:34:00,28.87, , , , 
2022-07-08 21:35:00,28.80, , , , 
2022-07-08 21:36:00,28.75, , , , 
2022-07-08 21:37:00,28.72, , , , 
2022-07-08 21:38:00,28.73, , , , 
2022-07-08 21:39:00,28.74, , , , 
2022-07-08 21:40:00,28.76, , , , 
2022-07-08 21:41:00,28.79, , , , 
2022-07-08 21:42:00,28.82, , , , 
2022-07-08 21:43:00,28.83, , , , 
2022-07-08 21:44:00,28.85, , , , 
2022-07-08 21:45:00,28.88, , , , 
2022-07-08 21:46:00,28.88, , , , 
2022-07-08 21:47:00,28.90, , , , 
2022-07-08 21:48:00,28.90, , , , 
2022-07-08 21:49:00,28.91, , , , 
2022-07-08 21:50:00,28.87, , , , 
2022-07-08 21:51:00,28.80, , , , 
2022-07-08 21:52:00,28.76, , , , 
2022-07-08 21:53:00,28.74, , , , 
2022-07-08 21:54:00,28.73, , , , 
2022-07-08 21:55:00,28.74, , , , 
2022-07-08 21:56:00,28.77, , , , 
2022-07-08 21:57:00,28.79, , , , 
2022-07-08 21:58:00,28.82, , , , 
2022-07-08 21:59:00,28.85, , , , 
2022-07-08 22:00:00,28.86, , , , 
2022-07-08 22:01:00,28.88, , , , 
2022-07-08 22:02:00,28.90, , , , 
2022-07-08 22:03:00,28.90, , , , 
2022-07-08 22:04:00,28.92, , , , 
2022-07-08 22:05:00,28.92, , , , 
2022-07-08 22:06:00,28.89, , , , 
2022-07-08 22:07:00,28.85, , , , 
2022-07-08 22:08:00,28.77, , , , 
2022-07-08 22:09:00,28.72, , , , 
2022-07-08 22:10:00,28.68, , , , 
2022-07-08 22:11:00,28.69, , , , 
2022-07-08 22:12:00,28.67, , , , 
2022-07-08 22:13:00,28.71, , , , 
2022-07-08 22:14:00,28.74, , , , 
2022-07-08 22:15:00,28.75, , , , 
2022-07-08 22:16:00,28.79, , , , 
2022-07-08 22:17:00,28.82, , , , 
2022-07-08 22:18:00,28.84, , , , 
2022-07-08 22:19:00,28.86, , , , 
2022-07-08 22:20:00,28.85, , , , 
2022-07-08 22:21:00,28.90, , , , 
2022-07-08 22:22:00,28.89, , , , 
2022-07-08 22:23:00,28.85, , , , 
2022-07-08 22:24:00,28.80, , , , 
2022-07-08 22:25:00,28.77, , , , 
2022-07-08 22:26:00,28.75, , , , 
2022-07-08 22:27:00,28.75, , , , 
2022-07-08 22:28:00,28.76, , , , 
2022-07-08 22:29:00,28.77, , , , 
2022-07-08 22:30:00,28.78, , , , 
2022-07-08 22:31:00,28.79, , , , 
2022-07-08 22:32:00,28.84, , , , 
2022-07-08 22:33:00,28.87, , , , 
2022-07-08 22:34:00,28.88, , , , 
2022-07-08 22:35:00,28.91, , , , 
2022-07-08 22:36:00,28.90, , , , 
2022-07-08 22:37:00,28.94, , , , 
2022-07-08 22:38:00,28.92, , , , 
2022-07-08 22:39:00,28.92, , , , 
2022-07-08 22:40:00,28.84, , , , 
2022-07-08 22:41:00,28.74, , , , 
2022-07-08 22:42:00,28.70, , , , 
2022-07-08 22:43:00,28.67, , , , 
2022-07-08 22:44:00,28.68, , , , 
2022-07-08 22:45:00,28.68, , , , 
2022-07-08 22:46:00,28.69, , , , 
2022-07-08 22:47:00,28.71, , , , 
2022-07-08 22:48:00,28.75, , , , 
2022-07-08 22:49:00,28.77, , , , 
2022-07-08 22:50:00,28.79, , , , 
2022-07-08 22:51:00,28.82, , , , 
2022-07-08 22:52:00,28.83, , , , 
2022-07-08 22:53:00,28.84, , , , 
2022-07-08 22:54:00,28.86, , , , 
2022-07-08 22:55:00,28.86, , , , 
2022-07-08 22:56:00,28.85, , , , 
2022-07-08 22:57:00,28.79, , , , 
2022-07-08 22:58:00,28.77, , , , 
2022-07-08 22:59:00,28.76, , , , 
2022-07-08 23:00:00,28.76, , , , 
2022-07-08 23:01:00,28.78, , , , 
2022-07-08 23:02:00,28.82, , , , 
2022-07-08 23:03:00,28.84, , , , 
2022-07-08 23:04:00,28.86, , , , 
2022-07-08 23:05:00,28.88, , , , 
2022-07-08 23:06:00,28.89, , , , 
2022-07-08 23:07:00,28.89, , , , 
2022-07-08 23:08:00,28.88, , , , 
2022-07-08 23:09:00,28.92, , , , 
2022-07-08 23:10:00,28.92, , , , 
2022-07-08 23:11:00,28.95, , , , 
2022-07-08 23:12:00,28.93, , , , 
2022-07-08 23:13:00,28.92, , , , 
2022-07-08 23:14:00,28.88, , , , 
2022-07-08 23:15:00,28.86, , , , 
2022-07-08 23:16:00,28.85, , , , 
2022-07-08 23:17:00,28.83, , , , 
2022-07-08 23:18:00,28.85, , , , 
2022-07-08 23:19:00,28.86, , , , 
2022-07-08 23:20:00,28.90, , , , 
2022-07-08 23:21:00,28.90, , , , 
2022-07-08 23:22:00,28.90, , , , 
2022-07-08 23:23:00,28.90, , , , 
2022-07-08 23:24:00,28.93, , , , 
2022-07-08 23:25:00,28.97, , , , 
2022-07-08 23:26:00,28.98, , , , 
2022-07-08 23:27:00,28.98, , , , 
2022-07-08 23:28:00,28.98, , , , 
2022-07-08 23:29:00,28.97, , , , 
2022-07-08 23:30:00,28.90, , , , 
2022-07-08 23:31:00,28.88, , , , 
2022-07-08 23:32:00,28.84, , , , 
2022-07-08 23:33:00,28.82, , , , 
2022-07-08 23:34:00,28.80, , , , 
2022-07-08 23:35:00,28.83, , , , 
2022-07-08 23:36:00,28.83, , , , 
2022-07-08 23:37:00,28.87, , , , 
2022-07-08 23:38:00,28.89, , , , 
2022-07-08 23:39:00,28.91, , , , 
2022-07-08 23:40:00,28.94, , , , 
2022-07-08 23:41:00,28.92, , , , 
2022-07-08 23:42:00,28.95, , , , 
2022-07-08 23:43:00,28.97, , , , 
2022-07-08 23:44:00,28.95, , , , 
2022-07-08 23:45:00,28.94, , , , 
2022-07-08 23:46:00,28.92, , , , 
2022-07-08 23:47:00,28.86, , , , 
2022-07-08 23:48:00,28.78, , , , 
2022-07-08 23:49:00,28.76, , , , 
2022-07-08 23:50:00,28.75, , , , 
2022-07-08 23:51:00,28.77, , , , 
2022-07-08 23:52:00,28.77, , , , 
2022-07-08 23:53:00,28.79, , , , 
2022-07-08 23:54:00,28.83, , , , 
2022-07-08 23:55:00,28.85, , , , 
2022-07-08 23:56:00,28.86, , , , 
2022-07-08 23:57:00,28.89, , , , 
2022-07-08 23:58:00,28.89, , , , 
2022-07-08 23:59:00,28.91, , , , 
2022-07-09 00:00:00,28.92, , , , 
2022-07-09 00:01:00,28.92, , , , 
2022-07-09 00:02:00,28.90, , , , 
2022-07-09 00:03:00,28.87, , , , 
2022-07-09 00:04:00,28.82, , , , 
2022-07-09 00:05:00,28.77, , , , 
2022-07-09 00:06:00,28.76, , , , 
2022-07-09 00:07:00,28.76, , , , 
2022-07-09 00:08:00,28.77, , , , 
2022-07-09 00:09:00,28.77, , , , 
2022-07-09 00:10:00,28.82, , , , 
2022-07-09 00:11:00,28.84, , , , 
2022-07-09 00:12:00,28.86, , , , 
2022-07-09 00:13:00,28.88, , , , 
2022-07-09 00:14:00,28.88, , , , 
2022-07-09 00:15:00,28.88, , , , 
2022-07-09 00:16:00,28.92, , , , 
2022-07-09 00:17:00,28.94, , , , 
2022-07-09 00:18:00,28.93, , , , 
2022-07-09 00:19:00,28.90, , , , 
2022-07-09 00:20:00,28.80, , , , 
2022-07-09 00:21:00,28.79, , , , 
2022-07-09 00:22:00,28.77, , , , 
2022-07-09 00:23:00,28.74, , , , 
2022-07-09 00:24:00,28.73, , , , 
2022-07-09 00:25:00,28.76, , , , 
2022-07-09 00:26:00,28.77, , , , 
2022-07-09 00:27:00,28.82, , , , 
2022-07-09 00:28:00,28.82, , , , 
2022-07-09 00:29:00,28.83, , , , 
2022-07-09 00:30:00,28.86, , , , 
2022-07-09 00:31:00,28.87, , , , 
2022-07-09 00:32:00,28.90, , , , 
2022-07-09 00:33:00,28.91, , , , 
2022-07-09 00:34:00,28.92, , , , 
2022-07-09 00:35:00,28.94, , , , 
2022-07-09 00:36:00,28.90, , , , 
2022-07-09 00:37:00,28.83, , , , 
2022-07-09 00:38:00,28.78, , , , 
2022-07-09 00:39:00,28.77, , , , 
2022-07-09 00:40:00,28.74, , , , 
2022-07-09 00:41:00,28.74, , , , 
2022-07-09 00:42:00,28.77, , , , 
2022-07-09 00:43:00,28.82, , , , 
2022-07-09 00:44:00,28.84, , , , 
2022-07-09 00:45:00,28.84, , , , 
2022-07-09 00:46:00,28.87, , , , 
2022-07-09 00:47:00,28.87, , , , 
2022-07-09 00:48:00,28.88, , , , 
2022-07-09 00:49:00,28.90, , , , 
2022-07-09 00:50:00,28.92, , , , 
2022-07-09 00:51:00,28.90, , , , 
2022-07-09 00:52:00,28.92, , , , 
2022-07-09 00:53:00,28.86, , , , 
2022-07-09 00:54:00,28.77, , , , 
2022-07-09 00:55:00,28.72, , , , 
2022-07-09 00:56:00,28.72, , , , 
2022-07-09 00:57:00,28.70, , , , 
2022-07-09 00:58:00,28.71, , , , 
2022-07-09 00:59:00,28.72, , , , 
2022-07-09 01:00:00,28.76, , , , 
2022-07-09 01:01:00,28.77, , , , 
2022-07-09 01:02:00,28.80, , , , 
2022-07-09 01:03:00,28.80, , , , 
2022-07-09 01:04:00,28.84, , , , 
2022-07-09 01:05:00,28.85, , , , 
2022-07-09 01:06:00,28.86, , , , 
2022-07-09 01:07:00,28.89, , , , 
2022-07-09 01:08:00,28.89, , , , 
2022-07-09 01:09:00,28.86, , , , 
2022-07-09 01:10:00,28.80, , , , 
2022-07-09 01:11:00,28.74, , , , 
2022-07-09 01:12:00,28.70, , , , 
2022-07-09 01:13:00,28.69, , , , 
2022-07-09 01:14:00,28.69, , , , 
2022-07-09 01:15:00,28.72, , , , 
2022-07-09 01:16:00,28.74, , , , 
2022-07-09 01:17:00,28.77, , , , 
2022-07-09 01:18:00,28.78, , , , 
2022-07-09 01:19:00,28.82, , , , 
2022-07-09 01:20:00,28.84, , , , 
2022-07-09 01:21:00,28.84, , , , 
2022-07-09 01:22:00,28.85, , , , 
2022-07-09 01:23:00,28.89, , , , 
2022-07-09 01:24:00,28.88, , , , 
2022-07-09 01:25:00,28.90, , , , 
2022-07-09 01:26:00,28.87, , , , 
2022-07-09 01:27:00,28.84, , , , 
2022-07-09 01:28:00,28.78, , , , 
2022-07-09 01:29:00,28.75, , , , 
2022-07-09 01:30:00,28.72, , , , 
2022-07-09 01:31:00,28.72, , , , 
2022-07-09 01:32:00,28.72, , , , 
2022-07-09 01:33:00,28.73, , , , 
2022-07-09 01:34:00,28.77, , , , 
2022-07-09 01:35:00,28.77, , , , 
2022-07-09 01:36:00,28.82, , , , 
2022-07-09 01:37:00,28.84, , , , 
2022-07-09 01:38:00,28.86, , , , 
2022-07-09 01:39:00,28.86, , , , 
2022-07-09 01:40:00,28.87, , , , 
2022-07-09 01:41:00,28.88, , , , 
2022-07-09 01:42:00,28.90, , , , 
2022-07-09 01:43:00,28.91, , , , 
2022-07-09 01:44:00,28.88, , , , 
2022-07-09 01:45:00,28.85, , , , 
2022-07-09 01:46:00,28.83, , , , 
2022-07-09 01:47:00,28.82, , , , 
2022-07-09 01:48:00,28.79, , , , 
2022-07-09 01:49:00,28.79, , , , 
2022-07-09 01:50:00,28.83, , , , 
2022-07-09 01:51:00,28.83, , , , 
2022-07-09 01:52:00,28.83, , , , 
2022-07-09 01:53:00,28.85, , , , 
2022-07-09 01:54:00,28.87, , , , 
2022-07-09 01:55:00,28.90, , , , 
2022-07-09 01:56:00,28.90, , , , 
2022-07-09 01:57:00,28.90, , , , 
2022-07-09 01:58:00,28.90, , , , 
2022-07-09 01:59:00,28.92, , , , 
2022-07-09 02:00:00,28.91, , , , 
2022-07-09 02:01:00,28.94, , , , 
2022-07-09 02:02:00,28.97, , , , 
2022-07-09 02:03:00,28.97, , , , 
2022-07-09 02:04:00,29.01, , , , 
2022-07-09 02:05:00,28.99, , , , 
2022-07-09 02:06:00,29.00, , , , 
2022-07-09 02:07:00,29.03, , , , 
2022-07-09 02:08:00,29.04, , , , 
2022-07-09 02:09:00,29.04, , , , 
2022-07-09 02:10:00,29.05, , , , 
2022-07-09 02:11:00,29.03, , , , 
2022-07-09 02:12:00,28.97, , , , 
2022-07-09 02:13:00,28.91, , , , 
2022-07-09 02:14:00,28.90, , , , 
2022-07-09 02:15:00,28.87, , , , 
2022-07-09 02:16:00,28.86, , , , 
2022-07-09 02:17:00,28.86, , , , 
2022-07-09 02:18:00,28.87, , , , 
2022-07-09 02:19:00,28.90, , , , 
2022-07-09 02:20:00,28.91, , , , 
2022-07-09 02:21:00,28.92, , , , 
2022-07-09 02:22:00,28.98, , , , 
2022-07-09 02:23:00,28.94, , , , 
2022-07-09 02:24:00,28.98, , , , 
2022-07-09 02:25:00,29.00, , , , 
2022-07-09 02:26:00,28.99, , , , 
2022-07-09 02:27:00,29.03, , , , 
2022-07-09 02:28:00,28.98, , , , 
2022-07-09 02:29:00,28.97, , , , 
2022-07-09 02:30:00,28.94, , , , 
2022-07-09 02:31:00,28.91, , , , 
2022-07-09 02:32:00,28.86, , , , 
2022-07-09 02:33:00,28.88, , , , 
2022-07-09 02:34:00,28.86, , , , 
2022-07-09 02:35:00,28.87, , , , 
2022-07-09 02:36:00,28.89, , , , 
2022-07-09 02:37:00,28.90, , , , 
2022-07-09 02:38:00,28.92, , , , 
2022-07-09 02:39:00,28.92, , , , 
2022-07-09 02:40:00,28.93, , , , 
2022-07-09 02:41:00,28.94, , , , 
2022-07-09 02:42:00,28.95, , , , 
2022-07-09 02:43:00,28.97, , , , 
2022-07-09 02:44:00,28.97, , , , 
2022-07-09 02:45:00,28.97, , , , 
2022-07-09 02:46:00,29.00, , , , 
2022-07-09 02:47:00,28.99, , , , 
2022-07-09 02:48:00,29.03, , , , 
2022-07-09 02:49:00,29.02, , , , 
2022-07-09 02:50:00,29.03, , , , 
2022-07-09 02:51:00,29.04, , , , 
2022-07-09 02:52:00,29.06, , , , 
2022-07-09 02:53:00,29.05, , , , 
2022-07-09 02:54:00,29.07, , , , 
2022-07-09 02:55:00,29.09, , , , 
2022-07-09 02:56:00,29.07, , , , 
2022-07-09 02:57:00,29.03, , , , 
2022-07-09 02:58:00,28.97, , , , 
2022-07-09 02:59:00,28.92, , , , 
2022-07-09 03:00:00,28.92, , , , 
2022-07-09 03:01:00,28.91, , , , 
2022-07-09 03:02:00,28.91, , , , 
2022-07-09 03:03:00,28.94, , , , 
2022-07-09 03:04:00,28.93, , , , 
2022-07-09 03:05:00,28.97, , , , 
2022-07-09 03:06:00,28.98, , , , 
2022-07-09 03:07:00,29.00, , , , 
2022-07-09 03:08:00,29.01, , , , 
2022-07-09 03:09:00,29.03, , , , 
2022-07-09 03:10:00,29.00, , , , 
2022-07-09 03:11:00,29.05, , , , 
2022-07-09 03:12:00,29.03, , , , 
2022-07-09 03:13:00,29.07, , , , 
2022-07-09 03:14:00,29.08, , , , 
2022-07-09 03:15:00,29.07, , , , 
2022-07-09 03:16:00,29.09, , , , 
2022-07-09 03:17:00,29.13, , , , 
2022-07-09 03:18:00,29.12, , , , 
2022-07-09 03:19:00,29.14, , , , 
2022-07-09 03:20:00,29.15, , , , 
2022-07-09 03:21:00,29.14, , , , 
2022-07-09 03:22:00,29.16, , , , 
2022-07-09 03:23:00,29.14, , , , 
2022-07-09 03:24:00,29.16, , , , 
2022-07-09 03:25:00,29.11, , , , 
2022-07-09 03:26:00,29.03, , , , 
2022-07-09 03:27:00,28.99, , , , 
2022-07-09 03:28:00,28.95, , , , 
2022-07-09 03:29:00,28.94, , , , 
2022-07-09 03:30:00,28.94, , , , 
2022-07-09 03:31:00,28.98, , , , 
2022-07-09 03:32:00,28.98, , , , 
2022-07-09 03:33:00,29.00, , , , 
2022-07-09 03:34:00,29.01, , , , 
2022-07-09 03:35:00,29.02, , , , 
2022-07-09 03:36:00,29.07, , , , 
2022-07-09 03:37:00,29.06, , , , 
2022-07-09 03:38:00,29.06, , , , 
2022-07-09 03:39:00,29.08, , , , 
2022-07-09 03:40:00,29.11, , , , 
2022-07-09 03:41:00,29.11, , , , 
2022-07-09 03:42:00,29.13, , , , 
2022-07-09 03:43:00,29.13, , , , 
2022-07-09 03:44:00,29.13, , , , 
2022-07-09 03:45:00,29.14, , , , 
2022-07-09 03:46:00,29.17, , , , 
2022-07-09 03:47:00,29.15, , , , 
2022-07-09 03:48:00,29.17, , , , 
2022-07-09 03:49:00,29.18, , , , 
2022-07-09 03:50:00,29.19, , , , 
2022-07-09 03:51:00,29.21, , , , 
2022-07-09 03:52:00,29.15, , , , 
2022-07-09 03:53:00,29.05, , , , 
2022-07-09 03:54:00,29.00, , , , 
2022-07-09 03:55:00,28.91, , , , 
2022-07-09 03:56:00,28.89, , , , 
2022-07-09 03:57:00,28.88, , , , 
2022-07-09 03:58:00,28.88, , , , 
2022-07-09 03:59:00,28.90, , , , 
2022-07-09 04:00:00,28.92, , , , 
2022-07-09 04:01:00,28.94, , , , 
2022-07-09 04:02:00,28.98, , , , 
2022-07-09 04:03:00,28.97, , , , 
2022-07-09 04:04:00,29.01, , , , 
2022-07-09 04:05:00,29.02, , , , 
2022-07-09 04:06:00,29.03, , , , 
2022-07-09 04:07:00,29.07, , , , 
2022-07-09 04:08:00,29.11, , , , 
2022-07-09 04:09:00,29.13, , , , 
2022-07-09 04:10:00,29.12, , , , 
2022-07-09 04:11:00,29.16, , , , 
2022-07-09 04:12:00,29.16, , , , 
2022-07-09 04:13:00,29.16, , , , 
2022-07-09 04:14:00,29.14, , , , 
2022-07-09 04:15:00,29.16, , , , 
2022-07-09 04:16:00,29.12, , , , 
2022-07-09 04:17:00,29.13, , , , 
2022-07-09 04:18:00,29.12, , , , 
2022-07-09 04:19:00,29.11, , , , 
2022-07-09 04:20:00,29.14, , , , 
2022-07-09 04:21:00,29.15, , , , 
2022-07-09 04:22:00,29.15, , , , 
2022-07-09 04:23:00,29.16, , , , 
2022-07-09 04:24:00,29.14, , , , 
2022-07-09 04:25:00,29.16, , , , 
2022-07-09 04:26:00,29.16, , , , 
2022-07-09 04:27:00,29.18, , , , 
2022-07-09 04:28:00,29.19, , , , 
2022-07-09 04:29:00,29.17, , , , 
2022-07-09 04:30:00,29.16, , , , 
2022-07-09 04:31:00,29.19, , , , 
2022-07-09 04:32:00,29.15, , , , 
2022-07-09 04:33:00,29.13, , , , 
2022-07-09 04:34:00,29.11, , , , 
2022-07-09 04:35:00,29.05, , , , 
2022-07-09 04:36:00,29.00, , , , 
2022-07-09 04:37:00,28.92, , , , 
2022-07-09 04:38:00,28.87, , , , 
2022-07-09 04:39:00,28.80, , , , 
2022-07-09 04:40:00,28.72, , , , 
2022-07-09 04:41:00,28.64, , , , 
2022-07-09 04:42:00,28.59, , , , 
2022-07-09 04:43:00,28.52, , , , 
2022-07-09 04:44:00,28.44, , , , 
2022-07-09 04:45:00,28.40, , , , 
2022-07-09 04:46:00,28.31, , , , 
2022-07-09 04:47:00,28.27, , , , 
2022-07-09 04:48:00,28.20, , , , 
2022-07-09 04:49:00,28.14, , , , 
2022-07-09 04:50:00,28.10, , , , 
2022-07-09 04:51:00,28.06, , , , 
2022-07-09 04:52:00,28.00, , , , 
2022-07-09 04:53:00,27.97, , , , 
2022-07-09 04:54:00,27.93, , , , 
2022-07-09 04:55:00,27.90, , , , 
2022-07-09 04:56:00,27.88, , , , 
2022-07-09 04:57:00,27.85, , , , 
2022-07-09 04:58:00,27.86, , , , 
2022-07-09 04:59:00,27.83, , , , 
2022-07-09 05:00:00,27.81, , , , 
2022-07-09 05:01:00,27.80, , , , 
2022-07-09 05:02:00,27.80, , , , 
2022-07-09 05:03:00,27.75, , , , 
2022-07-09 05:04:00,27.76, , , , 
2022-07-09 05:05:00,27.75, , , , 
2022-07-09 05:06:00,27.72, , , , 
2022-07-09 05:07:00,27.73, , , , 
2022-07-09 05:08:00,27.72, , , , 
2022-07-09 05:09:00,27.70, , , , 
2022-07-09 05:10:00,27.71, , , , 
2022-07-09 05:11:00,27.71, , , , 
2022-07-09 05:12:00,27.70, , , , 
2022-07-09 05:13:00,27.72, , , , 
2022-07-09 05:14:00,27.73, , , , 
2022-07-09 05:15:00,27.74, , , , 
2022-07-09 05:16:00,27.73, , , , 
2022-07-09 05:17:00,27.74, , , , 
2022-07-09 05:18:00,27.75, , , , 
2022-07-09 05:19:00,27.75, , , , 
2022-07-09 05:20:00,27.78, , , , 
2022-07-09 05:21:00,27.78, , , , 
2022-07-09 05:22:00,27.79, , , , 
2022-07-09 05:23:00,27.79, , , , 
2022-07-09 05:24:00,27.79, , , , 
2022-07-09 05:25:00,27.80, , , , 
2022-07-09 05:26:00,27.82, , , , 
2022-07-09 05:27:00,27.84, , , , 
2022-07-09 05:28:00,27.83, , , , 
2022-07-09 05:29:00,27.86, , , , 
2022-07-09 05:30:00,27.85, , , , 
2022-07-09 05:31:00,27.86, , , , 
2022-07-09 05:32:00,27.88, , , , 
2022-07-09 05:33:00,27.88, , , , 
2022-07-09 05:34:00,27.90, , , , 
2022-07-09 05:35:00,27.88, , , , 
2022-07-09 05:36:00,27.91, , , , 
2022-07-09 05:37:00,27.91, , , , 
2022-07-09 05:38:00,27.94, , , , 
2022-07-09 05:39:00,27.91, , , , 
2022-07-09 05:40:00,27.95, , , , 
2022-07-09 05:41:00,27.96, , , , 
2022-07-09 05:42:00,27.96, , , , 
2022-07-09 05:43:00,27.97, , , , 
2022-07-09 05:44:00,27.99, , , , 
2022-07-09 05:45:00,27.99, , , , 
2022-07-09 05:46:00,27.99, , , , 
2022-07-09 05:47:00,28.00, , , , 
2022-07-09 05:48:00,28.01, , , , 
2022-07-09 05:49:00,28.01, , , , 
2022-07-09 05:50:00,28.02, , , , 
2022-07-09 05:51:00,28.04, , , , 
2022-07-09 05:52:00,28.02, , , , 
2022-07-09 05:53:00,28.06, , , , 
2022-07-09 05:54:00,28.06, , , , 
2022-07-09 05:55:00,28.06, , , , 
2022-07-09 05:56:00,28.06, , , , 
2022-07-09 05:57:00,28.08, , , , 
2022-07-09 05:58:00,28.09, , , , 
2022-07-09 05:59:00,28.09, , , , 
2022-07-09 06:00:00,28.09, , , , 
2022-07-09 06:01:00,28.06, , , , 
2022-07-09 06:02:00,28.08, , , , 
2022-07-09 06:03:00,28.10, , , , 
2022-07-09 06:04:00,28.11, , , , 
2022-07-09 06:05:00,28.10, , , , 
2022-07-09 06:06:00,28.10, , , , 
2022-07-09 06:07:00,28.10, , , , 
2022-07-09 06:08:00,28.14, , , , 
2022-07-09 06:09:00,28.13, , , , 
2022-07-09 06:10:00,28.14, , , , 
2022-07-09 06:11:00,28.15, , , , 
2022-07-09 06:12:00,28.16, , , , 
2022-07-09 06:13:00,28.16, , , , 
2022-07-09 06:14:00,28.18, , , , 
2022-07-09 06:15:00,28.18, , , , 
2022-07-09 06:16:00,28.16, , , , 
2022-07-09 06:17:00,28.20, , , , 
2022-07-09 06:18:00,28.21, , , , 
2022-07-09 06:19:00,28.18, , , , 
2022-07-09 06:20:00,28.21, , , , 
2022-07-09 06:21:00,28.23, , , , 
2022-07-09 06:22:00,28.23, , , , 
2022-07-09 06:23:00,28.25, , , , 
2022-07-09 06:24:00,28.23, , , , 
2022-07-09 06:25:00,28.26, , , , 
2022-07-09 06:26:00,28.24, , , , 
2022-07-09 06:27:00,28.29, , , , 
2022-07-09 06:28:00,28.27, , , , 
2022-07-09 06:29:00,28.28, , , , 
2022-07-09 06:30:00,28.27, , , , 
2022-07-09 06:31:00,28.29, , , , 
2022-07-09 06:32:00,28.33, , , , 
2022-07-09 06:33:00,28.32, , , , 
2022-07-09 06:34:00,28.33, , , , 
2022-07-09 06:35:00,28.33, , , , 
2022-07-09 06:36:00,28.34, , , , 
2022-07-09 06:37:00,28.34, , , , 
2022-07-09 06:38:00,28.35, , , , 
2022-07-09 06:39:00,28.37, , , , 
2022-07-09 06:40:00,28.40, , , , 
2022-07-09 06:41:00,28.40, , , , 
2022-07-09 06:42:00,28.40, , , , 
2022-07-09 06:43:00,28.40, , , , 
2022-07-09 06:44:00,28.40, , , , 
2022-07-09 06:45:00,28.41, , , , 
2022-07-09 06:46:00,28.40, , , , 
2022-07-09 06:47:00,28.43, , , , 
2022-07-09 06:48:00,28.43, , , , 
2022-07-09 06:49:00,28.44, , , , 
2022-07-09 06:50:00,28.44, , , , 
2022-07-09 06:51:00,28.47, , , , 
2022-07-09 06:52:00,28.45, , , , 
2022-07-09 06:53:00,28.47, , , , 
2022-07-09 06:54:00,28.46, , , , 
2022-07-09 06:55:00,28.45, , , , 
2022-07-09 06:56:00,28.47, , , , 
2022-07-09 06:57:00,28.49, , , , 
2022-07-09 06:58:00,28.49, , , , 
2022-07-09 06:59:00,28.49, , , , 
2022-07-09 07:00:00,28.50, , , , 
2022-07-09 07:01:00,28.53, , , , 
2022-07-09 07:02:00,28.52, , , , 
2022-07-09 07:03:00,28.52, , , , 
2022-07-09 07:04:00,28.52, , , , 
2022-07-09 07:05:00,28.52, , , , 
2022-07-09 07:06:00,28.57, , , , 
2022-07-09 07:07:00,28.55, , , , 
2022-07-09 07:08:00,28.63, , , , 
2022-07-09 07:09:00,28.71, , , , 
2022-07-09 07:10:00,28.75, , , , 
2022-07-09 07:11:00,28.85, , , , 
2022-07-09 07:12:00,28.90, , , , 
2022-07-09 07:13:00,29.00, , , , 
2022-07-09 07:14:00,29.08, , , , 
2022-07-09 07:15:00,29.13, , , , 
2022-07-09 07:16:00,29.23, , , , 
2022-07-09 07:17:00,29.27, , , , 
2022-07-09 07:18:00,29.36, , , , 
2022-07-09 07:19:00,29.38, , , , 
2022-07-09 07:20:00,29.44, , , , 
2022-07-09 07:21:00,29.43, , , , 
2022-07-09 07:22:00,29.45, , , , 
2022-07-09 07:23:00,29.42, , , , 
2022-07-09 07:24:00,29.35, , , , 
2022-07-09 07:25:00,29.24, , , , 
2022-07-09 07:26:00,29.21, , , , 
2022-07-09 07:27:00,29.22, , , , 
2022-07-09 07:28:00,29.22, , , , 
2022-07-09 07:29:00,29.26, , , , 
2022-07-09 07:30:00,29.28, , , , 
2022-07-09 07:31:00,29.33, , , , 
2022-07-09 07:32:00,29.36, , , , 
2022-07-09 07:33:00,29.41, , , , 
2022-07-09 07:34:00,29.45, , , , 
2022-07-09 07:35:00,29.51, , , , 
2022-07-09 07:36:00,29.53, , , , 
2022-07-09 07:37:00,29.57, , , , 
2022-07-09 07:38:00,29.57, , , , 
2022-07-09 07:39:00,29.62, , , , 
2022-07-09 07:40:00,29.64, , , , 
2022-07-09 07:41:00,29.70, , , , 
2022-07-09 07:42:00,29.72, , , , 
2022-07-09 07:43:00,29.73, , , , 
2022-07-09 07:44:00,29.74, , , , 
2022-07-09 07:45:00,29.77, , , , 
2022-07-09 07:46:00,29.77, , , , 
2022-07-09 07:47:00,29.78, , , , 
2022-07-09 07:48:00,29.79, , , , 
2022-07-09 07:49:00,29.81, , , , 
2022-07-09 07:50:00,29.82, , , , 
2022-07-09 07:51:00,29.80, , , , 
2022-07-09 07:52:00,29.68, , , , 
2022-07-09 07:53:00,29.57, , , , 
2022-07-09 07:54:00,29.47, , , , 
2022-07-09 07:55:00,29.45, , , , 
2022-07-09 07:56:00,29.42, , , , 
2022-07-09 07:57:00,29.45, , , , 
2022-07-09 07:58:00,29.45, , , , 
2022-07-09 07:59:00,29.49, , , , 
2022-07-09 08:00:00,29.50, , , , 
2022-07-09 08:01:00,29.53, , , , 
2022-07-09 08:02:00,29.52, , , , 
2022-07-09 08:03:00,29.59, , , , 
2022-07-09 08:04:00,29.62, , , , 
2022-07-09 08:05:00,29.64, , , , 
2022-07-09 08:06:00,29.70, , , , 
2022-07-09 08:07:00,29.70, , , , 
2022-07-09 08:08:00,29.75, , , , 
2022-07-09 08:09:00,29.77, , , , 
2022-07-09 08:10:00,29.80, , , , 
2022-07-09 08:11:00,29.81, , , , 
2022-07-09 08:12:00,29.83, , , , 
2022-07-09 08:13:00,29.82, , , , 
2022-07-09 08:14:00,29.86, , , , 
2022-07-09 08:15:00,29.89, , , , 
2022-07-09 08:16:00,29.90, , , , 
2022-07-09 08:17:00,29.90, , , , 
2022-07-09 08:18:00,29.91, , , , 
2022-07-09 08:19:00,29.85, , , , 
2022-07-09 08:20:00,29.73, , , , 
2022-07-09 08:21:00,29.58, , , , 
2022-07-09 08:22:00,29.54, , , , 
2022-07-09 08:23:00,29.49, , , , 
2022-07-09 08:24:00,29.46, , , , 
2022-07-09 08:25:00,29.47, , , , 
2022-07-09 08:26:00,29.47, , , , 
2022-07-09 08:27:00,29.51, , , , 
2022-07-09 08:28:00,29.54, , , , 
2022-07-09 08:29:00,29.59, , , , 
2022-07-09 08:30:00,29.62, , , , 
2022-07-09 08:31:00,29.63, , , , 
2022-07-09 08:32:00,29.65, , , , 
2022-07-09 08:33:00,29.68, , , , 
2022-07-09 08:34:00,29.71, , , , 
2022-07-09 08:35:00,29.74, , , , 
2022-07-09 08:36:00,29.77, , , , 
2022-07-09 08:37:00,29.78, , , , 
2022-07-09 08:38:00,29.78, , , , 
2022-07-09 08:39:00,29.82, , , , 
2022-07-09 08:40:00,29.87, , , , 
2022-07-09 08:41:00,29.87, , , , 
2022-07-09 08:42:00,29.86, , , , 
2022-07-09 08:43:00,29.82, , , , 
2022-07-09 08:44:00,29.79, , , , 
2022-07-09 08:45:00,29.72, , , , 
2022-07-09 08:46:00,29.64, , , , 
2022-07-09 08:47:00,29.58, , , , 
2022-07-09 08:48:00,29.46, , , , 
2022-07-09 08:49:00,29.39, , , , 
2022-07-09 08:50:00,29.32, , , , 
2022-07-09 08:51:00,29.32, , , , 
2022-07-09 08:52:00,29.30, , , , 
2022-07-09 08:53:00,29.34, , , , 
2022-07-09 08:54:00,29.36, , , , 
2022-07-09 08:55:00,29.39, , , , 
2022-07-09 08:56:00,29.43, , , , 
2022-07-09 08:57:00,29.46, , , , 
2022-07-09 08:58:00,29.47, , , , 
2022-07-09 08:59:00,29.48, , , , 
2022-07-09 09:00:00,29.46, , , , 
2022-07-09 09:01:00,29.45, , , , 
2022-07-09 09:02:00,29.41, , , , 
2022-07-09 09:03:00,29.38, , , , 
2022-07-09 09:04:00,29.31, , , , 
2022-07-09 09:05:00,29.18, , , , 
2022-07-09 09:06:00,29.12, , , , 
2022-07-09 09:07:00,29.08, , , , 
2022-07-09 09:08:00,29.09, , , , 
2022-07-09 09:09:00,29.13, , , , 
2022-07-09 09:10:00,29.16, , , , 
2022-07-09 09:11:00,29.20, , , , 
2022-07-09 09:12:00,29.26, , , , 
2022-07-09 09:13:00,29.32, , , , 
2022-07-09 09:14:00,29.39, , , , 
2022-07-09 09:15:00,29.41, , , , 
2022-07-09 09:16:00,29.43, , , , 
2022-07-09 09:17:00,29.43, , , , 
2022-07-09 09:18:00,29.42, , , , 
2022-07-09 09:19:00,29.42, , , , 
2022-07-09 09:20:00,29.39, , , , 
2022-07-09 09:21:00,29.33, , , , 
2022-07-09 09:22:00,29.24, , , , 
2022-07-09 09:23:00,29.18, , , , 
2022-07-09 09:24:00,29.19, , , , 
2022-07-09 09:25:00,29.18, , , , 
2022-07-09 09:26:00,29.22, , , , 
2022-07-09 09:27:00,29.27, , , , 
2022-07-09 09:28:00,29.31, , , , 
2022-07-09 09:29:00,29.36, , , , 
2022-07-09 09:30:00,29.44, , , , 
2022-07-09 09:31:00,29.47, , , , 
2022-07-09 09:32:00,29.52, , , , 
2022-07-09 09:33:00,29.56, , , , 
2022-07-09 09:34:00,29.59, , , , 
2022-07-09 09:35:00,29.62, , , , 
2022-07-09 09:36:00,29.62, , , , 
2022-07-09 09:37:00,29.61, , , , 
2022-07-09 09:38:00,29.54, , , , 
2022-07-09 09:39:00,29.48, , , , 
2022-07-09 09:40:00,29.44, , , , 
2022-07-09 09:41:00,29.43, , , , 
2022-07-09 09:42:00,29.45, , , , 
2022-07-09 09:43:00,29.47, , , , 
2022-07-09 09:44:00,29.49, , , , 
2022-07-09 09:45:00,29.51, , , , 
2022-07-09 09:46:00,29.58, , , , 
2022-07-09 09:47:00,29.61, , , , 
2022-07-09 09:48:00,29.66, , , , 
2022-07-09 09:49:00,29.68, , , , 
2022-07-09 09:50:00,29.70, , , , 
2022-07-09 09:51:00,29.70, , , , 
2022-07-09 09:52:00,29.72, , , , 
2022-07-09 09:53:00,29.71, , , , 
2022-07-09 09:54:00,29.64, , , , 
2022-07-09 09:55:00,29.57, , , , 
2022-07-09 09:56:00,29.49, , , , 
2022-07-09 09:57:00,29.45, , , , 
2022-07-09 09:58:00,29.45, , , , 
2022-07-09 09:59:00,29.47, , , , 
2022-07-09 10:00:00,29.47, , , , 
2022-07-09 10:01:00,29.52, , , , 
2022-07-09 10:02:00,29.56, , , , 
2022-07-09 10:03:00,29.61, , , , 
2022-07-09 10:04:00,29.64, , , , 
2022-07-09 10:05:00,29.64, , , , 
2022-07-09 10:06:00,29.66, , , , 
2022-07-09 10:07:00,29.62, , , , 
2022-07-09 10:08:00,29.58, , , , 
2022-07-09 10:09:00,29.54, , , , 
2022-07-09 10:10:00,29.48, , , , 
2022-07-09 10:11:00,29.41, , , , 
2022-07-09 10:12:00,29.36, , , , 
2022-07-09 10:13:00,29.33, , , , 
2022-07-09 10:14:00,29.33, , , , 
2022-07-09 10:15:00,29.35, , , , 
2022-07-09 10:16:00,29.36, , , , 
2022-07-09 10:17:00,29.35, , , , 
2022-07-09 10:18:00,29.31, , , , 
2022-07-09 10:19:00,29.30, , , , 
2022-07-09 10:20:00,29.30, , , , 
2022-07-09 10:21:00,29.32, , , , 
2022-07-09 10:22:00,29.36, , , , 
2022-07-09 10:23:00,29.43, , , , 
2022-07-09 10:24:00,29.49, , , , 
2022-07-09 10:25:00,29.54, , , , 
2022-07-09 10:26:00,29.60, , , , 
2022-07-09 10:27:00,29.66, , , , 
2022-07-09 10:28:00,29.73, , , , 
2022-07-09 10:29:00,29.79, , , , 
2022-07-09 10:30:00,29.86, , , , 
2022-07-09 10:31:00,29.88, , , , 
2022-07-09 10:32:00,29.90, , , , 
2022-07-09 10:33:00,29.87, , , , 
2022-07-09 10:34:00,29.78, , , , 
2022-07-09 10:35:00,29.72, , , , 
2022-07-09 10:36:00,29.67, , , , 
2022-07-09 10:37:00,29.67, , , , 
2022-07-09 10:38:00,29.64, , , , 
2022-07-09 10:39:00,29.64, , , , 
2022-07-09 10:40:00,29.63, , , , 
2022-07-09 10:41:00,29.62, , , , 
2022-07-09 10:42:00,29.61, , , , 
2022-07-09 10:43:00,29.64, , , , 
2022-07-09 10:44:00,29.65, , , , 
2022-07-09 10:45:00,29.68, , , , 
2022-07-09 10:46:00,29.74, , , , 
2022-07-09 10:47:00,29.78, , , , 
2022-07-09 10:48:00,29.82, , , , 
2022-07-09 10:49:00,29.89, , , , 
2022-07-09 10:50:00,29.92, , , , 
2022-07-09 10:51:00,29.96, , , , 
2022-07-09 10:52:00,30.02, , , , 
2022-07-09 10:53:00,30.05, , , , 
2022-07-09 10:54:00,30.11, , , , 
2022-07-09 10:55:00,30.10, , , , 
2022-07-09 10:56:00,30.04, , , , 
2022-07-09 10:57:00,29.95, , , , 
2022-07-09 10:58:00,29.90, , , , 
2022-07-09 10:59:00,29.86, , , , 
2022-07-09 11:00:00,29.82, , , , 
2022-07-09 11:01:00,29.82, , , , 
2022-07-09 11:02:00,29.79, , , , 
2022-07-09 11:03:00,29.73, , , , 
2022-07-09 11:04:00,29.67, , , , 
2022-07-09 11:05:00,29.64, , , , 
2022-07-09 11:06:00,29.62, , , , 
2022-07-09 11:07:00,29.61, , , , 
2022-07-09 11:08:00,29.61, , , , 
2022-07-09 11:09:00,29.59, , , , 
2022-07-09 11:10:00,29.57, , , , 
2022-07-09 11:11:00,29.59, , , , 
2022-07-09 11:12:00,29.61, , , , 
2022-07-09 11:13:00,29.65, , , , 
2022-07-09 11:14:00,29.68, , , , 
2022-07-09 11:15:00,29.73, , , , 
2022-07-09 11:16:00,29.79, , , , 
2022-07-09 11:17:00,29.85, , , , 
2022-07-09 11:18:00,29.89, , , , 
2022-07-09 11:19:00,29.93, , , , 
2022-07-09 11:20:00,29.96, , , , 
2022-07-09 11:21:00,30.04, , , , 
2022-07-09 11:22:00,30.06, , , , 
2022-07-09 11:23:00,30.08, , , , 
2022-07-09 11:24:00,30.07, , , , 
2022-07-09 11:25:00,30.05, , , , 
2022-07-09 11:26:00,29.97, , , , 
2022-07-09 11:27:00,29.90, , , , 
2022-07-09 11:28:00,29.88, , , , 
2022-07-09 11:29:00,29.87, , , , 
2022-07-09 11:30:00,29.87, , , , 
2022-07-09 11:31:00,29.80, , , , 
2022-07-09 11:32:00,29.77, , , , 
2022-07-09 11:33:00,29.72, , , , 
2022-07-09 11:34:00,29.71, , , , 
2022-07-09 11:35:00,29.70, , , , 
2022-07-09 11:36:00,29.71, , , , 
2022-07-09 11:37:00,29.70, , , , 
2022-07-09 11:38:00,29.66, , , , 
2022-07-09 11:39:00,29.67, , , , 
2022-07-09 11:40:00,29.68, , , , 
2022-07-09 11:41:00,29.70, , , , 
2022-07-09 11:42:00,29.73, , , , 
2022-07-09 11:43:00,29.76, , , , 
2022-07-09 11:44:00,29.82, , , , 
2022-07-09 11:45:00,29.83, , , , 
2022-07-09 11:46:00,29.87, , , , 
2022-07-09 11:47:00,29.93, , , , 
2022-07-09 11:48:00,29.98, , , , 
2022-07-09 11:49:00,30.02, , , , 
2022-07-09 11:50:00,30.05, , , , 
2022-07-09 11:51:00,30.09, , , , 
2022-07-09 11:52:00,30.05, , , , 
2022-07-09 11:53:00,30.03, , , , 
2022-07-09 11:54:00,29.95, , , , 
2022-07-09 11:55:00,29.86, , , , 
2022-07-09 11:56:00,29.80, , , , 
2022-07-09 11:57:00,29.75, , , , 
2022-07-09 11:58:00,29.70, , , , 
2022-07-09 11:59:00,29.64, , , , 
2022-07-09 12:00:00,29.57, , , , 
2022-07-09 12:01:00,29.49, , , , 
2022-07-09 12:02:00,29.43, , , , 
2022-07-09 12:03:00,29.32, , , , 
2022-07-09 12:04:00,29.28, , , , 
2022-07-09 12:05:00,29.23, , , , 
2022-07-09 12:06:00,29.18, , , , 
2022-07-09 12:07:00,29.18, , , , 
2022-07-09 12:08:00,29.16, , , , 
2022-07-09 12:09:00,29.16, , , , 
2022-07-09 12:10:00,29.13, , , , 
2022-07-09 12:11:00,29.08, , , , 
2022-07-09 12:12:00,29.08, , , , 
2022-07-09 12:13:00,29.12, , , , 
2022-07-09 12:14:00,29.16, , , , 
2022-07-09 12:15:00,29.19, , , , 
2022-07-09 12:16:00,29.22, , , , 
2022-07-09 12:17:00,29.23, , , , 
2022-07-09 12:18:00,29.28, , , , 
2022-07-09 12:19:00,29.32, , , , 
2022-07-09 12:20:00,29.34, , , , 
2022-07-09 12:21:00,29.39, , , , 
2022-07-09 12:22:00,29.44, , , , 
2022-07-09 12:23:00,29.45, , , , 
2022-07-09 12:24:00,29.47, , , , 
2022-07-09 12:25:00,29.49, , , , 
2022-07-09 12:26:00,29.51, , , , 
2022-07-09 12:27:00,29.53, , , , 
2022-07-09 12:28:00,29.54, , , , 
2022-07-09 12:29:00,29.53, , , , 
2022-07-09 12:30:00,29.54, , , , 
2022-07-09 12:31:00,29.58, , , , 
2022-07-09 12:32:00,29.61, , , , 
2022-07-09 12:33:00,29.58, , , , 
2022-07-09 12:34:00,29.54, , , , 
2022-07-09 12:35:00,29.56, , , , 
2022-07-09 12:36:00,29.53, , , , 
2022-07-09 12:37:00,29.54, , , , 
2022-07-09 12:38:00,29.57, , , , 
2022-07-09 12:39:00,29.57, , , , 
2022-07-09 12:40:00,29.57, , , , 
2022-07-09 12:41:00,29.60, , , , 
2022-07-09 12:42:00,29.62, , , , 
2022-07-09 12:43:00,29.64, , , , 
2022-07-09 12:44:00,29.64, , , , 
2022-07-09 12:45:00,29.66, , , , 
2022-07-09 12:46:00,29.64, , , , 
2022-07-09 12:47:00,29.65, , , , 
2022-07-09 12:48:00,29.67, , , , 
2022-07-09 12:49:00,29.71, , , , 
2022-07-09 12:50:00,29.70, , , , 
2022-07-09 12:51:00,29.73, , , , 
2022-07-09 12:52:00,29.72, , , , 
2022-07-09 12:53:00,29.67, , , , 
2022-07-09 12:54:00,29.70, , , , 
2022-07-09 12:55:00,29.68, , , , 
2022-07-09 12:56:00,29.68, , , , 
2022-07-09 12:57:00,29.68, , , , 
2022-07-09 12:58:00,29.64, , , , 
2022-07-09 12:59:00,29.61, , , , 
2022-07-09 13:00:00,29.63, , , , 
2022-07-09 13:01:00,29.65, , , , 
2022-07-09 13:02:00,29.67, , , , 
2022-07-09 13:03:00,29.67, , , , 
2022-07-09 13:04:00,29.66, , , , 
2022-07-09 13:05:00,29.66, , , , 
2022-07-09 13:06:00,29.67, , , , 
2022-07-09 13:07:00,29.70, , , , 
2022-07-09 13:08:00,29.68, , , , 
2022-07-09 13:09:00,29.68, , , , 
2022-07-09 13:10:00,29.71, , , , 
2022-07-09 13:11:00,29.67, , , , 
2022-07-09 13:12:00,29.71, , , , 
2022-07-09 13:13:00,29.72, , , , 
2022-07-09 13:14:00,29.75, , , , 
2022-07-09 13:15:00,29.74, , , , 
2022-07-09 13:16:00,29.74, , , , 
2022-07-09 13:17:00,29.72, , , , 
2022-07-09 13:18:00,29.72, , , , 
2022-07-09 13:19:00,29.74, , , , 
2022-07-09 13:20:00,29.74, , , , 
2022-07-09 13:21:00,29.71, , , , 
2022-07-09 13:22:00,29.66, , , , 
2022-07-09 13:23:00,29.65, , , , 
2022-07-09 13:24:00,29.64, , , , 
2022-07-09 13:25:00,29.64, , , , 
2022-07-09 13:26:00,29.63, , , , 
2022-07-09 13:27:00,29.64, , , , 
2022-07-09 13:28:00,29.64, , , , 
2022-07-09 13:29:00,29.64, , , , 
2022-07-09 13:30:00,29.64, , , , 
2022-07-09 13:31:00,29.63, , , , 
2022-07-09 13:32:00,29.64, , , , 
2022-07-09 13:33:00,29.64, , , , 
2022-07-09 13:34:00,29.63, , , , 
2022-07-09 13:35:00,29.64, , , , 
2022-07-09 13:36:00,29.67, , , , 
2022-07-09 13:37:00,29.68, , , , 
2022-07-09 13:38:00,29.68, , , , 
2022-07-09 13:39:00,29.70, , , , 
2022-07-09 13:40:00,29.65, , , , 
2022-07-09 13:41:00,29.67, , , , 
2022-07-09 13:42:00,29.67, , , , 
2022-07-09 13:43:00,29.68, , , , 
2022-07-09 13:44:00,29.70, , , , 
2022-07-09 13:45:00,29.68, , , , 
2022-07-09 13:46:00,29.67, , , , 
2022-07-09 13:47:00,29.64, , , , 
2022-07-09 13:48:00,29.64, , , , 
2022-07-09 13:49:00,29.63, , , , 
2022-07-09 13:50:00,29.62, , , , 
2022-07-09 13:51:00,29.63, , , , 
2022-07-09 13:52:00,29.62, , , , 
2022-07-09 13:53:00,29.58, , , , 
2022-07-09 13:54:00,29.59, , , , 
2022-07-09 13:55:00,29.59, , , , 
2022-07-09 13:56:00,29.62, , , , 
2022-07-09 13:57:00,29.61, , , , 
2022-07-09 13:58:00,29.62, , , , 
2022-07-09 13:59:00,29.61, , , , 
2022-07-09 14:00:00,29.61, , , , 
2022-07-09 14:01:00,29.63, , , , 
2022-07-09 14:02:00,29.64, , , , 
2022-07-09 14:03:00,29.66, , , , 
2022-07-09 14:04:00,29.67, , , , 
2022-07-09 14:05:00,29.65, , , , 
2022-07-09 14:06:00,29.66, , , , 
2022-07-09 14:07:00,29.66, , , , 
2022-07-09 14:08:00,29.67, , , , 
2022-07-09 14:09:00,29.66, , , , 
2022-07-09 14:10:00,29.65, , , , 
2022-07-09 14:11:00,29.57, , , , 
2022-07-09 14:12:00,29.56, , , , 
2022-07-09 14:13:00,29.54, , , , 
2022-07-09 14:14:00,29.56, , , , 
2022-07-09 14:15:00,29.58, , , , 
2022-07-09 14:16:00,29.54, , , , 
2022-07-09 14:17:00,29.50, , , , 
2022-07-09 14:18:00,29.49, , , , 
2022-07-09 14:19:00,29.49, , , , 
2022-07-09 14:20:00,29.49, , , , 
2022-07-09 14:21:00,29.51, , , , 
2022-07-09 14:22:00,29.53, , , , 
2022-07-09 14:23:00,29.51, , , , 
2022-07-09 14:24:00,29.53, , , , 
2022-07-09 14:25:00,29.54, , , , 
2022-07-09 14:26:00,29.56, , , , 
2022-07-09 14:27:00,29.58, , , , 
2022-07-09 14:28:00,29.58, , , , 
2022-07-09 14:29:00,29.56, , , , 
2022-07-09 14:30:00,29.56, , , , 
2022-07-09 14:31:00,29.57, , , , 
2022-07-09 14:32:00,29.58, , , , 
2022-07-09 14:33:00,29.58, , , , 
2022-07-09 14:34:00,29.54, , , , 
2022-07-09 14:35:00,29.57, , , , 
2022-07-09 14:36:00,29.53, , , , 
2022-07-09 14:37:00,29.54, , , , 
2022-07-09 14:38:00,29.54, , , , 
2022-07-09 14:39:00,29.52, , , , 
2022-07-09 14:40:00,29.51, , , , 
2022-07-09 14:41:00,29.49, , , , 
2022-07-09 14:42:00,29.46, , , , 
2022-07-09 14:43:00,29.45, , , , 
2022-07-09 14:44:00,29.45, , , , 
2022-07-09 14:45:00,29.49, , , , 
2022-07-09 14:46:00,29.49, , , , 
2022-07-09 14:47:00,29.46, , , , 
2022-07-09 14:48:00,29.49, , , , 
2022-07-09 14:49:00,29.48, , , , 
2022-07-09 14:50:00,29.49, , , , 
2022-07-09 14:51:00,29.52, , , , 
2022-07-09 14:52:00,29.50, , , , 
2022-07-09 14:53:00,29.48, , , , 
2022-07-09 14:54:00,29.49, , , , 
2022-07-09 14:55:00,29.50, , , , 
2022-07-09 14:56:00,29.51, , , , 
2022-07-09 14:57:00,29.54, , , , 
2022-07-09 14:58:00,29.54, , , , 
2022-07-09 14:59:00,29.52, , , , 
2022-07-09 15:00:00,29.52, , , , 
2022-07-09 15:01:00,29.54, , , , 
2022-07-09 15:02:00,29.56, , , , 
2022-07-09 15:03:00,29.56, , , , 
2022-07-09 15:04:00,29.54, , , , 
2022-07-09 15:05:00,29.52, , , , 
2022-07-09 15:06:00,29.49, , , , 
2022-07-09 15:07:00,29.49, , , , 
2022-07-09 15:08:00,29.47, , , , 
2022-07-09 15:09:00,29.45, , , , 
2022-07-09 15:10:00,29.44, , , , 
2022-07-09 15:11:00,29.39, , , , 
2022-07-09 15:12:00,29.33, , , , 
2022-07-09 15:13:00,29.32, , , , 
2022-07-09 15:14:00,29.32, , , , 
2022-07-09 15:15:00,29.35, , , , 
2022-07-09 15:16:00,29.34, , , , 
2022-07-09 15:17:00,29.35, , , , 
2022-07-09 15:18:00,29.33, , , , 
2022-07-09 15:19:00,29.33, , , , 
2022-07-09 15:20:00,29.32, , , , 
2022-07-09 15:21:00,29.34, , , , 
2022-07-09 15:22:00,29.36, , , , 
2022-07-09 15:23:00,29.37, , , , 
2022-07-09 15:24:00,29.37, , , , 
2022-07-09 15:25:00,29.36, , , , 
2022-07-09 15:26:00,29.37, , , , 
2022-07-09 15:27:00,29.42, , , , 
2022-07-09 15:28:00,29.42, , , , 
2022-07-09 15:29:00,29.46, , , , 
2022-07-09 15:30:00,29.45, , , , 
2022-07-09 15:31:00,29.46, , , , 
2022-07-09 15:32:00,29.47, , , , 
2022-07-09 15:33:00,29.51, , , , 
2022-07-09 15:34:00,29.51, , , , 
2022-07-09 15:35:00,29.51, , , , 
2022-07-09 15:36:00,29.51, , , , 
2022-07-09 15:37:00,29.51, , , , 
2022-07-09 15:38:00,29.50, , , , 
2022-07-09 15:39:00,29.51, , , , 
2022-07-09 15:40:00,29.52, , , , 
2022-07-09 15:41:00,29.52, , , , 
2022-07-09 15:42:00,29.50, , , , 
2022-07-09 15:43:00,29.47, , , , 
2022-07-09 15:44:00,29.44, , , , 
2022-07-09 15:45:00,29.42, , , , 
2022-07-09 15:46:00,29.43, , , , 
2022-07-09 15:47:00,29.44, , , , 
2022-07-09 15:48:00,29.45, , , , 
2022-07-09 15:49:00,29.42, , , , 
2022-07-09 15:50:00,29.34, , , , 
2022-07-09 15:51:00,29.33, , , , 
2022-07-09 15:52:00,29.31, , , , 
2022-07-09 15:53:00,29.34, , , , 
2022-07-09 15:54:00,29.33, , , , 
2022-07-09 15:55:00,29.36, , , , 
2022-07-09 15:56:00,29.36, , , , 
2022-07-09 15:57:00,29.36, , , , 
2022-07-09 15:58:00,29.33, , , , 
2022-07-09 15:59:00,29.36, , , , 
2022-07-09 16:00:00,29.41, , , , 
2022-07-09 16:01:00,29.41, , , , 
2022-07-09 16:02:00,29.42, , , , 
2022-07-09 16:03:00,29.39, , , , 
2022-07-09 16:04:00,29.37, , , , 
2022-07-09 16:05:00,29.41, , , , 
2022-07-09 16:06:00,29.41, , , , 
2022-07-09 16:07:00,29.44, , , , 
2022-07-09 16:08:00,29.44, , , , 
2022-07-09 16:09:00,29.44, , , , 
2022-07-09 16:10:00,29.45, , , , 
2022-07-09 16:11:00,29.45, , , , 
2022-07-09 16:12:00,29.46, , , , 
2022-07-09 16:13:00,29.48, , , , 
2022-07-09 16:14:00,29.48, , , , 
2022-07-09 16:15:00,29.49, , , , 
2022-07-09 16:16:00,29.48, , , , 
2022-07-09 16:17:00,29.45, , , , 
2022-07-09 16:18:00,29.46, , , , 
2022-07-09 16:19:00,29.48, , , , 
2022-07-09 16:20:00,29.47, , , , 
2022-07-09 16:21:00,29.49, , , , 
2022-07-09 16:22:00,29.47, , , , 
2022-07-09 16:23:00,29.45, , , , 
2022-07-09 16:24:00,29.47, , , , 
2022-07-09 16:25:00,29.44, , , , 
2022-07-09 16:26:00,29.44, , , , 
2022-07-09 16:27:00,29.45, , , , 
2022-07-09 16:28:00,29.43, , , , 
2022-07-09 16:29:00,29.37, , , , 
2022-07-09 16:30:00,29.32, , , , 
2022-07-09 16:31:00,29.32, , , , 
2022-07-09 16:32:00,29.31, , , , 
2022-07-09 16:33:00,29.33, , , , 
2022-07-09 16:34:00,29.31, , , , 
2022-07-09 16:35:00,29.27, , , , 
2022-07-09 16:36:00,29.26, , , , 
2022-07-09 16:37:00,29.23, , , , 
2022-07-09 16:38:00,29.26, , , , 
2022-07-09 16:39:00,29.23, , , , 
2022-07-09 16:40:00,29.26, , , , 
2022-07-09 16:41:00,29.28, , , , 
2022-07-09 16:42:00,29.19, , , , 
2022-07-09 16:43:00,29.17, , , , 
2022-07-09 16:44:00,29.12, , , , 
2022-07-09 16:45:00,29.13, , , , 
2022-07-09 16:46:00,29.13, , , , 
2022-07-09 16:47:00,29.15, , , , 
2022-07-09 16:48:00,29.14, , , , 
2022-07-09 16:49:00,29.12, , , , 
2022-07-09 16:50:00,29.08, , , , 
2022-07-09 16:51:00,29.09, , , , 
2022-07-09 16:52:00,29.11, , , , 
2022-07-09 16:53:00,29.13, , , , 
2022-07-09 16:54:00,29.16, , , , 
2022-07-09 16:55:00,29.16, , , , 
2022-07-09 16:56:00,29.16, , , , 
2022-07-09 16:57:00,29.14, , , , 
2022-07-09 16:58:00,29.21, , , , 
2022-07-09 16:59:00,29.21, , , , 
2022-07-09 17:00:00,29.24, , , , 
2022-07-09 17:01:00,29.26, , , , 
2022-07-09 17:02:00,29.27, , , , 
2022-07-09 17:03:00,29.24, , , , 
2022-07-09 17:04:00,29.28, , , , 
2022-07-09 17:05:00,29.29, , , , 
2022-07-09 17:06:00,29.32, , , , 
2022-07-09 17:07:00,29.33, , , , 
2022-07-09 17:08:00,29.33, , , , 
2022-07-09 17:09:00,29.30, , , , 
2022-07-09 17:10:00,29.33, , , , 
2022-07-09 17:11:00,29.36, , , , 
2022-07-09 17:12:00,29.36, , , , 
2022-07-09 17:13:00,29.37, , , , 
2022-07-09 17:14:00,29.37, , , , 
2022-07-09 17:15:00,29.35, , , , 
2022-07-09 17:16:00,29.34, , , , 
2022-07-09 17:17:00,29.32, , , , 
2022-07-09 17:18:00,29.34, , , , 
2022-07-09 17:19:00,29.33, , , , 
2022-07-09 17:20:00,29.31, , , , 
2022-07-09 17:21:00,29.29, , , , 
2022-07-09 17:22:00,29.24, , , , 
2022-07-09 17:23:00,29.27, , , , 
2022-07-09 17:24:00,29.28, , , , 
2022-07-09 17:25:00,29.29, , , , 
2022-07-09 17:26:00,29.30, , , , 
2022-07-09 17:27:00,29.26, , , , 
2022-07-09 17:28:00,29.21, , , , 
2022-07-09 17:29:00,29.20, , , , 
2022-07-09 17:30:00,29.19, , , , 
2022-07-09 17:31:00,29.22, , , , 
2022-07-09 17:32:00,29.26, , , , 
2022-07-09 17:33:00,29.22, , , , 
2022-07-09 17:34:00,29.23, , , , 
2022-07-09 17:35:00,29.26, , , , 
2022-07-09 17:36:00,29.24, , , , 
2022-07-09 17:37:00,29.27, , , , 
2022-07-09 17:38:00,29.30, , , , 
2022-07-09 17:39:00,29.32, , , , 
2022-07-09 17:40:00,29.33, , , , 
2022-07-09 17:41:00,29.34, , , , 
2022-07-09 17:42:00,29.33, , , , 
2022-07-09 17:43:00,29.36, , , , 
2022-07-09 17:44:00,29.37, , , , 
2022-07-09 17:45:00,29.36, , , , 
2022-07-09 17:46:00,29.36, , , , 
2022-07-09 17:47:00,29.36, , , , 
2022-07-09 17:48:00,29.36, , , , 
2022-07-09 17:49:00,29.37, , , , 
2022-07-09 17:50:00,29.36, , , , 
2022-07-09 17:51:00,29.33, , , , 
2022-07-09 17:52:00,29.27, , , , 
2022-07-09 17:53:00,29.26, , , , 
2022-07-09 17:54:00,29.23, , , , 
2022-07-09 17:55:00,29.27, , , , 
2022-07-09 17:56:00,29.28, , , , 
2022-07-09 17:57:00,29.28, , , , 
2022-07-09 17:58:00,29.23, , , , 
2022-07-09 17:59:00,29.20, , , , 
2022-07-09 18:00:00,29.21, , , , 
2022-07-09 18:01:00,29.23, , , , 
2022-07-09 18:02:00,29.23, , , , 
2022-07-09 18:03:00,29.23, , , , 
2022-07-09 18:04:00,29.26, , , , 
2022-07-09 18:05:00,29.27, , , , 
2022-07-09 18:06:00,29.29, , , , 
2022-07-09 18:07:00,29.28, , , , 
2022-07-09 18:08:00,29.30, , , , 
2022-07-09 18:09:00,29.30, , , , 
2022-07-09 18:10:00,29.29, , , , 
2022-07-09 18:11:00,29.29, , , , 
2022-07-09 18:12:00,29.31, , , , 
2022-07-09 18:13:00,29.30, , , , 
2022-07-09 18:14:00,29.27, , , , 
2022-07-09 18:15:00,29.23, , , , 
2022-07-09 18:16:00,29.17, , , , 
2022-07-09 18:17:00,29.13, , , , 
2022-07-09 18:18:00,29.13, , , , 
2022-07-09 18:19:00,29.16, , , , 
2022-07-09 18:20:00,29.16, , , , 
2022-07-09 18:21:00,29.14, , , , 
2022-07-09 18:22:00,29.13, , , , 
2022-07-09 18:23:00,29.08, , , , 
2022-07-09 18:24:00,29.09, , , , 
2022-07-09 18:25:00,29.09, , , , 
2022-07-09 18:26:00,29.13, , , , 
2022-07-09 18:27:00,29.13, , , , 
2022-07-09 18:28:00,29.13, , , , 
2022-07-09 18:29:00,29.14, , , , 
2022-07-09 18:30:00,29.17, , , , 
2022-07-09 18:31:00,29.20, , , , 
2022-07-09 18:32:00,29.21, , , , 
2022-07-09 18:33:00,29.19, , , , 
2022-07-09 18:34:00,29.15, , , , 
2022-07-09 18:35:00,29.12, , , , 
2022-07-09 18:36:00,29.13, , , , 
2022-07-09 18:37:00,29.13, , , , 
2022-07-09 18:38:00,29.12, , , , 
2022-07-09 18:39:00,29.08, , , , 
2022-07-09 18:40:00,29.04, , , , 
2022-07-09 18:41:00,29.00, , , , 
2022-07-09 18:42:00,28.99, , , , 
2022-07-09 18:43:00,29.00, , , , 
2022-07-09 18:44:00,29.00, , , , 
2022-07-09 18:45:00,29.01, , , , 
2022-07-09 18:46:00,29.00, , , , 
2022-07-09 18:47:00,29.03, , , , 
2022-07-09 18:48:00,29.04, , , , 
2022-07-09 18:49:00,29.06, , , , 
2022-07-09 18:50:00,29.11, , , , 
2022-07-09 18:51:00,29.15, , , , 
2022-07-09 18:52:00,29.20, , , , 
2022-07-09 18:53:00,29.27, , , , 
2022-07-09 18:54:00,29.30, , , , 
2022-07-09 18:55:00,29.33, , , , 
2022-07-09 18:56:00,29.42, , , , 
2022-07-09 18:57:00,29.43, , , , 
2022-07-09 18:58:00,29.46, , , , 
2022-07-09 18:59:00,29.49, , , , 
2022-07-09 19:00:00,29.52, , , , 
2022-07-09 19:01:00,29.51, , , , 
2022-07-09 19:02:00,29.45, , , , 
2022-07-09 19:03:00,29.38, , , , 
2022-07-09 19:04:00,29.35, , , , 
2022-07-09 19:05:00,29.34, , , , 
2022-07-09 19:06:00,29.33, , , , 
2022-07-09 19:07:00,29.32, , , , 
2022-07-09 19:08:00,29.28, , , , 
2022-07-09 19:09:00,29.21, , , , 
2022-07-09 19:10:00,29.19, , , , 
2022-07-09 19:11:00,29.19, , , , 
2022-07-09 19:12:00,29.19, , , , 
2022-07-09 19:13:00,29.21, , , , 
2022-07-09 19:14:00,29.18, , , , 
2022-07-09 19:15:00,29.18, , , , 
2022-07-09 19:16:00,29.19, , , , 
2022-07-09 19:17:00,29.22, , , , 
2022-07-09 19:18:00,29.21, , , , 
2022-07-09 19:19:00,29.26, , , , 
2022-07-09 19:20:00,29.23, , , , 
2022-07-09 19:21:00,29.21, , , , 
2022-07-09 19:22:00,29.21, , , , 
2022-07-09 19:23:00,29.19, , , , 
2022-07-09 19:24:00,29.21, , , , 
2022-07-09 19:25:00,29.22, , , , 
2022-07-09 19:26:00,29.24, , , , 
2022-07-09 19:27:00,29.28, , , , 
2022-07-09 19:28:00,29.33, , , , 
2022-07-09 19:29:00,29.38, , , , 
2022-07-09 19:30:00,29.43, , , , 
2022-07-09 19:31:00,29.46, , , , 
2022-07-09 19:32:00,29.50, , , , 
2022-07-09 19:33:00,29.54, , , , 
2022-07-09 19:34:00,29.54, , , , 
2022-07-09 19:35:00,29.54, , , , 
2022-07-09 19:36:00,29.50, , , , 
2022-07-09 19:37:00,29.39, , , , 
2022-07-09 19:38:00,29.28, , , , 
2022-07-09 19:39:00,29.19, , , , 
2022-07-09 19:40:00,29.16, , , , 
2022-07-09 19:41:00,29.14, , , , 
2022-07-09 19:42:00,29.08, , , , 
2022-07-09 19:43:00,29.04, , , , 
2022-07-09 19:44:00,29.00, , , , 
2022-07-09 19:45:00,28.94, , , , 
2022-07-09 19:46:00,28.94, , , , 
2022-07-09 19:47:00,28.95, , , , 
2022-07-09 19:48:00,28.97, , , , 
2022-07-09 19:49:00,29.01, , , , 
2022-07-09 19:50:00,29.08, , , , 
2022-07-09 19:51:00,29.13, , , , 
2022-07-09 19:52:00,29.20, , , , 
2022-07-09 19:53:00,29.27, , , , 
2022-07-09 19:54:00,29.33, , , , 
2022-07-09 19:55:00,29.36, , , , 
2022-07-09 19:56:00,29.42, , , , 
2022-07-09 19:57:00,29.49, , , , 
2022-07-09 19:58:00,29.48, , , , 
2022-07-09 19:59:00,29.39, , , , 
2022-07-09 20:00:00,29.28, , , , 
2022-07-09 20:01:00,29.19, , , , 
2022-07-09 20:02:00,29.13, , , , 
2022-07-09 20:03:00,29.08, , , , 
2022-07-09 20:04:00,29.06, , , , 
2022-07-09 20:05:00,29.06, , , , 
2022-07-09 20:06:00,29.02, , , , 
2022-07-09 20:07:00,28.98, , , , 
2022-07-09 20:08:00,28.97, , , , 
2022-07-09 20:09:00,28.99, , , , 
2022-07-09 20:10:00,29.02, , , , 
2022-07-09 20:11:00,29.06, , , , 
2022-07-09 20:12:00,29.08, , , , 
2022-07-09 20:13:00,29.13, , , , 
2022-07-09 20:14:00,29.18, , , , 
2022-07-09 20:15:00,29.26, , , , 
2022-07-09 20:16:00,29.32, , , , 
2022-07-09 20:17:00,29.36, , , , 
2022-07-09 20:18:00,29.46, , , , 
2022-07-09 20:19:00,29.46, , , , 
2022-07-09 20:20:00,29.49, , , , 
2022-07-09 20:21:00,29.48, , , , 
2022-07-09 20:22:00,29.39, , , , 
2022-07-09 20:23:00,29.27, , , , 
2022-07-09 20:24:00,29.18, , , , 
2022-07-09 20:25:00,29.15, , , , 
2022-07-09 20:26:00,29.16, , , , 
2022-07-09 20:27:00,29.13, , , , 
2022-07-09 20:28:00,29.18, , , , 
2022-07-09 20:29:00,29.21, , , , 
2022-07-09 20:30:00,29.26, , , , 
2022-07-09 20:31:00,29.32, , , , 
2022-07-09 20:32:00,29.36, , , , 
2022-07-09 20:33:00,29.42, , , , 
2022-07-09 20:34:00,29.47, , , , 
2022-07-09 20:35:00,29.51, , , , 
2022-07-09 20:36:00,29.56, , , , 
2022-07-09 20:37:00,29.57, , , , 
2022-07-09 20:38:00,29.49, , , , 
2022-07-09 20:39:00,29.35, , , , 
2022-07-09 20:40:00,29.23, , , , 
2022-07-09 20:41:00,29.15, , , , 
2022-07-09 20:42:00,29.13, , , , 
2022-07-09 20:43:00,29.09, , , , 
2022-07-09 20:44:00,29.11, , , , 
2022-07-09 20:45:00,29.14, , , , 
2022-07-09 20:46:00,29.19, , , , 
2022-07-09 20:47:00,29.21, , , , 
2022-07-09 20:48:00,29.26, , , , 
2022-07-09 20:49:00,29.29, , , , 
2022-07-09 20:50:00,29.36, , , , 
2022-07-09 20:51:00,29.39, , , , 
2022-07-09 20:52:00,29.42, , , , 
2022-07-09 20:53:00,29.45, , , , 
2022-07-09 20:54:00,29.43, , , , 
2022-07-09 20:55:00,29.32, , , , 
2022-07-09 20:56:00,29.23, , , , 
2022-07-09 20:57:00,29.17, , , , 
2022-07-09 20:58:00,29.15, , , , 
2022-07-09 20:59:00,29.16, , , , 
2022-07-09 21:00:00,29.15, , , , 
2022-07-09 21:01:00,29.13, , , , 
2022-07-09 21:02:00,29.05, , , , 
2022-07-09 21:03:00,29.02, , , , 
2022-07-09 21:04:00,29.00, , , , 
2022-07-09 21:05:00,29.01, , , , 
2022-07-09 21:06:00,29.03, , , , 
2022-07-09 21:07:00,29.08, , , , 
2022-07-09 21:08:00,29.09, , , , 
2022-07-09 21:09:00,29.15, , , , 
2022-07-09 21:10:00,29.21, , , , 
2022-07-09 21:11:00,29.26, , , , 
2022-07-09 21:12:00,29.32, , , , 
2022-07-09 21:13:00,29.36, , , , 
2022-07-09 21:14:00,29.42, , , , 
2022-07-09 21:15:00,29.48, , , , 
2022-07-09 21:16:00,29.48, , , , 
2022-07-09 21:17:00,29.42, , , , 
2022-07-09 21:18:00,29.28, , , , 
2022-07-09 21:19:00,29.18, , , , 
2022-07-09 21:20:00,29.09, , , , 
2022-07-09 21:21:00,29.06, , , , 
2022-07-09 21:22:00,29.06, , , , 
2022-07-09 21:23:00,29.06, , , , 
2022-07-09 21:24:00,29.11, , , , 
2022-07-09 21:25:00,29.14, , , , 
2022-07-09 21:26:00,29.16, , , , 
2022-07-09 21:27:00,29.19, , , , 
2022-07-09 21:28:00,29.21, , , , 
2022-07-09 21:29:00,29.27, , , , 
2022-07-09 21:30:00,29.29, , , , 
2022-07-09 21:31:00,29.32, , , , 
2022-07-09 21:32:00,29.35, , , , 
2022-07-09 21:33:00,29.37, , , , 
2022-07-09 21:34:00,29.30, , , , 
2022-07-09 21:35:00,29.18, , , , 
2022-07-09 21:36:00,29.12, , , , 
2022-07-09 21:37:00,29.09, , , , 
2022-07-09 21:38:00,29.08, , , , 
2022-07-09 21:39:00,29.13, , , , 
2022-07-09 21:40:00,29.12, , , , 
2022-07-09 21:41:00,29.14, , , , 
2022-07-09 21:42:00,29.19, , , , 
2022-07-09 21:43:00,29.21, , , , 
2022-07-09 21:44:00,29.26, , , , 
2022-07-09 21:45:00,29.30, , , , 
2022-07-09 21:46:00,29.33, , , , 
2022-07-09 21:47:00,29.36, , , , 
2022-07-09 21:48:00,29.38, , , , 
2022-07-09 21:49:00,29.41, , , , 
2022-07-09 21:50:00,29.38, , , , 
2022-07-09 21:51:00,29.28, , , , 
2022-07-09 21:52:00,29.18, , , , 
2022-07-09 21:53:00,29.13, , , , 
2022-07-09 21:54:00,29.12, , , , 
2022-07-09 21:55:00,29.12, , , , 
2022-07-09 21:56:00,29.13, , , , 
2022-07-09 21:57:00,29.15, , , , 
2022-07-09 21:58:00,29.20, , , , 
2022-07-09 21:59:00,29.23, , , , 
2022-07-09 22:00:00,29.27, , , , 
2022-07-09 22:01:00,29.29, , , , 
2022-07-09 22:02:00,29.33, , , , 
2022-07-09 22:03:00,29.38, , , , 
2022-07-09 22:04:00,29.38, , , , 
2022-07-09 22:05:00,29.41, , , , 
2022-07-09 22:06:00,29.42, , , , 
2022-07-09 22:07:00,29.33, , , , 
2022-07-09 22:08:00,29.21, , , , 
2022-07-09 22:09:00,29.13, , , , 
2022-07-09 22:10:00,29.07, , , , 
2022-07-09 22:11:00,29.05, , , , 
2022-07-09 22:12:00,29.02, , , , 
2022-07-09 22:13:00,29.03, , , , 
2022-07-09 22:14:00,29.03, , , , 
2022-07-09 22:15:00,29.03, , , , 
2022-07-09 22:16:00,29.02, , , , 
2022-07-09 22:17:00,28.98, , , , 
2022-07-09 22:18:00,28.94, , , , 
2022-07-09 22:19:00,28.89, , , , 
2022-07-09 22:20:00,28.84, , , , 
2022-07-09 22:21:00,28.74, , , , 
2022-07-09 22:22:00,28.68, , , , 
2022-07-09 22:23:00,28.61, , , , 
2022-07-09 22:24:00,28.55, , , , 
2022-07-09 22:25:00,28.44, , , , 
2022-07-09 22:26:00,28.41, , , , 
2022-07-09 22:27:00,28.38, , , , 
2022-07-09 22:28:00,28.42, , , , 
2022-07-09 22:29:00,28.47, , , , 
2022-07-09 22:30:00,28.50, , , , 
2022-07-09 22:31:00,28.53, , , , 
2022-07-09 22:32:00,28.54, , , , 
2022-07-09 22:33:00,28.55, , , , 
2022-07-09 22:34:00,28.52, , , , 
2022-07-09 22:35:00,28.48, , , , 
2022-07-09 22:36:00,28.42, , , , 
2022-07-09 22:37:00,28.39, , , , 
2022-07-09 22:38:00,28.34, , , , 
2022-07-09 22:39:00,28.29, , , , 
2022-07-09 22:40:00,28.27, , , , 
2022-07-09 22:41:00,28.16, , , , 
2022-07-09 22:42:00,28.13, , , , 
2022-07-09 22:43:00,28.12, , , , 
2022-07-09 22:44:00,28.15, , , , 
2022-07-09 22:45:00,28.20, , , , 
2022-07-09 22:46:00,28.25, , , , 
2022-07-09 22:47:00,28.27, , , , 
2022-07-09 22:48:00,28.27, , , , 
2022-07-09 22:49:00,28.27, , , , 
2022-07-09 22:50:00,28.26, , , , 
2022-07-09 22:51:00,28.23, , , , 
2022-07-09 22:52:00,28.18, , , , 
2022-07-09 22:53:00,28.15, , , , 
2022-07-09 22:54:00,28.14, , , , 
2022-07-09 22:55:00,28.13, , , , 
2022-07-09 22:56:00,28.13, , , , 
2022-07-09 22:57:00,28.10, , , , 
2022-07-09 22:58:00,28.08, , , , 
2022-07-09 22:59:00,28.05, , , , 
2022-07-09 23:00:00,28.10, , , , 
2022-07-09 23:01:00,28.16, , , , 
2022-07-09 23:02:00,28.21, , , , 
2022-07-09 23:03:00,28.26, , , , 
2022-07-09 23:04:00,28.31, , , , 
2022-07-09 23:05:00,28.33, , , , 
2022-07-09 23:06:00,28.34, , , , 
2022-07-09 23:07:00,28.34, , , , 
2022-07-09 23:08:00,28.34, , , , 
2022-07-09 23:09:00,28.29, , , , 
2022-07-09 23:10:00,28.26, , , , 
2022-07-09 23:11:00,28.24, , , , 
2022-07-09 23:12:00,28.21, , , , 
2022-07-09 23:13:00,28.20, , , , 
2022-07-09 23:14:00,28.14, , , , 
2022-07-09 23:15:00,28.08, , , , 
2022-07-09 23:16:00,28.03, , , , 
2022-07-09 23:17:00,28.09, , , , 
2022-07-09 23:18:00,28.12, , , , 
2022-07-09 23:19:00,28.16, , , , 
2022-07-09 23:20:00,28.23, , , , 
2022-07-09 23:21:00,28.25, , , , 
2022-07-09 23:22:00,28.27, , , , 
2022-07-09 23:23:00,28.21, , , , 
2022-07-09 23:24:00,28.23, , , , 
2022-07-09 23:25:00,28.20, , , , 
2022-07-09 23:26:00,28.18, , , , 
2022-07-09 23:27:00,28.16, , , , 
2022-07-09 23:28:00,28.11, , , , 
2022-07-09 23:29:00,28.13, , , , 
2022-07-09 23:30:00,28.11, , , , 
2022-07-09 23:31:00,28.06, , , , 
2022-07-09 23:32:00,28.03, , , , 
2022-07-09 23:33:00,28.06, , , , 
2022-07-09 23:34:00,28.11, , , , 
2022-07-09 23:35:00,28.18, , , , 
2022-07-09 23:36:00,28.26, , , , 
2022-07-09 23:37:00,28.31, , , , 
2022-07-09 23:38:00,28.39, , , , 
2022-07-09 23:39:00,28.39, , , , 
2022-07-09 23:40:00,28.40, , , , 
2022-07-09 23:41:00,28.39, , , , 
2022-07-09 23:42:00,28.37, , , , 
2022-07-09 23:43:00,28.34, , , , 
2022-07-09 23:44:00,28.31, , , , 
2022-07-09 23:45:00,28.28, , , , 
2022-07-09 23:46:00,28.24, , , , 
2022-07-09 23:47:00,28.23, , , , 
2022-07-09 23:48:00,28.19, , , , 
2022-07-09 23:49:00,28.18, , , , 
2022-07-09 23:50:00,28.17, , , , 
2022-07-09 23:51:00,28.24, , , , 
2022-07-09 23:52:00,28.28, , , , 
2022-07-09 23:53:00,28.33, , , , 
2022-07-09 23:54:00,28.43, , , , 
2022-07-09 23:55:00,28.48, , , , 
2022-07-09 23:56:00,28.54, , , , 
2022-07-09 23:57:00,28.57, , , , 
2022-07-09 23:58:00,28.57, , , , 
2022-07-09 23:59:00,28.57, , , , 
2022-07-10 00:00:00,28.54, , , , 
2022-07-10 00:01:00,28.48, , , , 
2022-07-10 00:02:00,28.48, , , , 
2022-07-10 00:03:00,28.44, , , , 
2022-07-10 00:04:00,28.44, , , , 
2022-07-10 00:05:00,28.39, , , , 
2022-07-10 00:06:00,28.34, , , , 
2022-07-10 00:07:00,28.37, , , , 
2022-07-10 00:08:00,28.42, , , , 
2022-07-10 00:09:00,28.46, , , , 
2022-07-10 00:10:00,28.53, , , , 
2022-07-10 00:11:00,28.54, , , , 
2022-07-10 00:12:00,28.60, , , , 
2022-07-10 00:13:00,28.63, , , , 
2022-07-10 00:14:00,28.64, , , , 
2022-07-10 00:15:00,28.63, , , , 
2022-07-10 00:16:00,28.62, , , , 
2022-07-10 00:17:00,28.58, , , , 
2022-07-10 00:18:00,28.52, , , , 
2022-07-10 00:19:00,28.49, , , , 
2022-07-10 00:20:00,28.47, , , , 
2022-07-10 00:21:00,28.44, , , , 
2022-07-10 00:22:00,28.38, , , , 
2022-07-10 00:23:00,28.33, , , , 
2022-07-10 00:24:00,28.35, , , , 
2022-07-10 00:25:00,28.39, , , , 
2022-07-10 00:26:00,28.42, , , , 
2022-07-10 00:27:00,28.49, , , , 
2022-07-10 00:28:00,28.55, , , , 
2022-07-10 00:29:00,28.56, , , , 
2022-07-10 00:30:00,28.60, , , , 
2022-07-10 00:31:00,28.60, , , , 
2022-07-10 00:32:00,28.61, , , , 
2022-07-10 00:33:00,28.60, , , , 
2022-07-10 00:34:00,28.57, , , , 
2022-07-10 00:35:00,28.54, , , , 
2022-07-10 00:36:00,28.50, , , , 
2022-07-10 00:37:00,28.48, , , , 
2022-07-10 00:38:00,28.50, , , , 
2022-07-10 00:39:00,28.53, , , , 
2022-07-10 00:40:00,28.56, , , , 
2022-07-10 00:41:00,28.60, , , , 
2022-07-10 00:42:00,28.65, , , , 
2022-07-10 00:43:00,28.71, , , , 
2022-07-10 00:44:00,28.77, , , , 
2022-07-10 00:45:00,28.84, , , , 
2022-07-10 00:46:00,28.87, , , , 
2022-07-10 00:47:00,28.90, , , , 
2022-07-10 00:48:00,28.89, , , , 
2022-07-10 00:49:00,28.87, , , , 
2022-07-10 00:50:00,28.84, , , , 
2022-07-10 00:51:00,28.80, , , , 
2022-07-10 00:52:00,28.75, , , , 
2022-07-10 00:53:00,28.72, , , , 
2022-07-10 00:54:00,28.69, , , , 
2022-07-10 00:55:00,28.69, , , , 
2022-07-10 00:56:00,28.69, , , , 
2022-07-10 00:57:00,28.71, , , , 
2022-07-10 00:58:00,28.72, , , , 
2022-07-10 00:59:00,28.75, , , , 
2022-07-10 01:00:00,28.79, , , , 
2022-07-10 01:01:00,28.85, , , , 
2022-07-10 01:02:00,28.92, , , , 
2022-07-10 01:03:00,28.97, , , , 
2022-07-10 01:04:00,29.04, , , , 
2022-07-10 01:05:00,29.05, , , , 
2022-07-10 01:06:00,29.13, , , , 
2022-07-10 01:07:00,29.13, , , , 
2022-07-10 01:08:00,29.14, , , , 
2022-07-10 01:09:00,29.14, , , , 
2022-07-10 01:10:00,29.13, , , , 
2022-07-10 01:11:00,29.11, , , , 
2022-07-10 01:12:00,29.11, , , , 
2022-07-10 01:13:00,29.08, , , , 
2022-07-10 01:14:00,29.04, , , , 
2022-07-10 01:15:00,29.01, , , , 
2022-07-10 01:16:00,28.97, , , , 
2022-07-10 01:17:00,28.92, , , , 
2022-07-10 01:18:00,28.85, , , , 
2022-07-10 01:19:00,28.76, , , , 
2022-07-10 01:20:00,28.70, , , , 
2022-07-10 01:21:00,28.61, , , , 
2022-07-10 01:22:00,28.55, , , , 
2022-07-10 01:23:00,28.52, , , , 
2022-07-10 01:24:00,28.44, , , , 
2022-07-10 01:25:00,28.42, , , , 
2022-07-10 01:26:00,28.41, , , , 
2022-07-10 01:27:00,28.44, , , , 
2022-07-10 01:28:00,28.49, , , , 
2022-07-10 01:29:00,28.58, , , , 
2022-07-10 01:30:00,28.61, , , , 
2022-07-10 01:31:00,28.67, , , , 
2022-07-10 01:32:00,28.67, , , , 
2022-07-10 01:33:00,28.68, , , , 
2022-07-10 01:34:00,28.63, , , , 
2022-07-10 01:35:00,28.64, , , , 
2022-07-10 01:36:00,28.60, , , , 
2022-07-10 01:37:00,28.54, , , , 
2022-07-10 01:38:00,28.52, , , , 
2022-07-10 01:39:00,28.52, , , , 
2022-07-10 01:40:00,28.52, , , , 
2022-07-10 01:41:00,28.55, , , , 
2022-07-10 01:42:00,28.58, , , , 
2022-07-10 01:43:00,28.64, , , , 
2022-07-10 01:44:00,28.69, , , , 
2022-07-10 01:45:00,28.75, , , , 
2022-07-10 01:46:00,28.82, , , , 
2022-07-10 01:47:00,28.91, , , , 
2022-07-10 01:48:00,28.95, , , , 
2022-07-10 01:49:00,29.03, , , , 
2022-07-10 01:50:00,29.12, , , , 
2022-07-10 01:51:00,29.16, , , , 
2022-07-10 01:52:00,29.20, , , , 
2022-07-10 01:53:00,29.22, , , , 
2022-07-10 01:54:00,29.22, , , , 
2022-07-10 01:55:00,29.21, , , , 
2022-07-10 01:56:00,29.20, , , , 
2022-07-10 01:57:00,29.18, , , , 
2022-07-10 01:58:00,29.19, , , , 
2022-07-10 01:59:00,29.17, , , , 
2022-07-10 02:00:00,29.16, , , , 
2022-07-10 02:01:00,29.13, , , , 
2022-07-10 02:02:00,29.08, , , , 
2022-07-10 02:03:00,29.05, , , , 
2022-07-10 02:04:00,29.00, , , , 
2022-07-10 02:05:00,28.92, , , , 
2022-07-10 02:06:00,28.87, , , , 
2022-07-10 02:07:00,28.80, , , , 
2022-07-10 02:08:00,28.73, , , , 
2022-07-10 02:09:00,28.68, , , , 
2022-07-10 02:10:00,28.60, , , , 
2022-07-10 02:11:00,28.58, , , , 
2022-07-10 02:12:00,28.60, , , , 
2022-07-10 02:13:00,28.67, , , , 
2022-07-10 02:14:00,28.73, , , , 
2022-07-10 02:15:00,28.78, , , , 
2022-07-10 02:16:00,28.83, , , , 
2022-07-10 02:17:00,28.86, , , , 
2022-07-10 02:18:00,28.91, , , , 
2022-07-10 02:19:00,28.91, , , , 
2022-07-10 02:20:00,28.93, , , , 
2022-07-10 02:21:00,28.92, , , , 
2022-07-10 02:22:00,28.91, , , , 
2022-07-10 02:23:00,28.88, , , , 
2022-07-10 02:24:00,28.84, , , , 
2022-07-10 02:25:00,28.86, , , , 
2022-07-10 02:26:00,28.85, , , , 
2022-07-10 02:27:00,28.78, , , , 
2022-07-10 02:28:00,28.79, , , , 
2022-07-10 02:29:00,28.73, , , , 
2022-07-10 02:30:00,28.65, , , , 
2022-07-10 02:31:00,28.60, , , , 
2022-07-10 02:32:00,28.57, , , , 
2022-07-10 02:33:00,28.49, , , , 
2022-07-10 02:34:00,28.44, , , , 
2022-07-10 02:35:00,28.44, , , , 
2022-07-10 02:36:00,28.42, , , , 
2022-07-10 02:37:00,28.34, , , , 
2022-07-10 02:38:00,28.31, , , , 
2022-07-10 02:39:00,28.34, , , , 
2022-07-10 02:40:00,28.38, , , , 
2022-07-10 02:41:00,28.45, , , , 
2022-07-10 02:42:00,28.50, , , , 
2022-07-10 02:43:00,28.55, , , , 
2022-07-10 02:44:00,28.59, , , , 
2022-07-10 02:45:00,28.57, , , , 
2022-07-10 02:46:00,28.55, , , , 
2022-07-10 02:47:00,28.52, , , , 
2022-07-10 02:48:00,28.49, , , , 
2022-07-10 02:49:00,28.49, , , , 
2022-07-10 02:50:00,28.46, , , , 
2022-07-10 02:51:00,28.40, , , , 
2022-07-10 02:52:00,28.40, , , , 
2022-07-10 02:53:00,28.40, , , , 
2022-07-10 02:54:00,28.42, , , , 
2022-07-10 02:55:00,28.40, , , , 
2022-07-10 02:56:00,28.37, , , , 
2022-07-10 02:57:00,28.32, , , , 
2022-07-10 02:58:00,28.32, , , , 
2022-07-10 02:59:00,28.29, , , , 
2022-07-10 03:00:00,28.27, , , , 
2022-07-10 03:01:00,28.26, , , , 
2022-07-10 03:02:00,28.25, , , , 
2022-07-10 03:03:00,28.26, , , , 
2022-07-10 03:04:00,28.25, , , , 
2022-07-10 03:05:00,28.24, , , , 
2022-07-10 03:06:00,28.23, , , , 
2022-07-10 03:07:00,28.28, , , , 
2022-07-10 03:08:00,28.32, , , , 
2022-07-10 03:09:00,28.40, , , , 
2022-07-10 03:10:00,28.47, , , , 
2022-07-10 03:11:00,28.50, , , , 
2022-07-10 03:12:00,28.54, , , , 
2022-07-10 03:13:00,28.56, , , , 
2022-07-10 03:14:00,28.55, , , , 
2022-07-10 03:15:00,28.58, , , , 
2022-07-10 03:16:00,28.54, , , , 
2022-07-10 03:17:00,28.50, , , , 
2022-07-10 03:18:00,28.47, , , , 
2022-07-10 03:19:00,28.45, , , , 
2022-07-10 03:20:00,28.46, , , , 
2022-07-10 03:21:00,28.45, , , , 
2022-07-10 03:22:00,28.44, , , , 
2022-07-10 03:23:00,28.43, , , , 
2022-07-10 03:24:00,28.43, , , , 
2022-07-10 03:25:00,28.40, , , , 
2022-07-10 03:26:00,28.35, , , , 
2022-07-10 03:27:00,28.34, , , , 
2022-07-10 03:28:00,28.31, , , , 
2022-07-10 03:29:00,28.29, , , , 
2022-07-10 03:30:00,28.27, , , , 
2022-07-10 03:31:00,28.28, , , , 
2022-07-10 03:32:00,28.31, , , , 
2022-07-10 03:33:00,28.35, , , , 
2022-07-10 03:34:00,28.40, , , , 
2022-07-10 03:35:00,28.46, , , , 
2022-07-10 03:36:00,28.55, , , , 
2022-07-10 03:37:00,28.63, , , , 
2022-07-10 03:38:00,28.71, , , , 
2022-07-10 03:39:00,28.80, , , , 
2022-07-10 03:40:00,28.87, , , , 
2022-07-10 03:41:00,28.95, , , , 
2022-07-10 03:42:00,29.02, , , , 
2022-07-10 03:43:00,29.07, , , , 
2022-07-10 03:44:00,29.09, , , , 
2022-07-10 03:45:00,29.12, , , , 
2022-07-10 03:46:00,29.11, , , , 
2022-07-10 03:47:00,29.11, , , , 
2022-07-10 03:48:00,29.11, , , , 
2022-07-10 03:49:00,29.11, , , , 
2022-07-10 03:50:00,29.11, , , , 
2022-07-10 03:51:00,29.11, , , , 
2022-07-10 03:52:00,29.11, , , , 
2022-07-10 03:53:00,29.08, , , , 
2022-07-10 03:54:00,29.05, , , , 
2022-07-10 03:55:00,29.02, , , , 
2022-07-10 03:56:00,28.98, , , , 
2022-07-10 03:57:00,28.91, , , , 
2022-07-10 03:58:00,28.87, , , , 
2022-07-10 03:59:00,28.86, , , , 
2022-07-10 04:00:00,28.86, , , , 
2022-07-10 04:01:00,28.88, , , , 
2022-07-10 04:02:00,28.89, , , , 
2022-07-10 04:03:00,28.92, , , , 
2022-07-10 04:04:00,28.99, , , , 
2022-07-10 04:05:00,29.02, , , , 
2022-07-10 04:06:00,29.08, , , , 
2022-07-10 04:07:00,29.16, , , , 
2022-07-10 04:08:00,29.22, , , , 
2022-07-10 04:09:00,29.29, , , , 
2022-07-10 04:10:00,29.34, , , , 
2022-07-10 04:11:00,29.38, , , , 
2022-07-10 04:12:00,29.43, , , , 
2022-07-10 04:13:00,29.45, , , , 
2022-07-10 04:14:00,29.45, , , , 
2022-07-10 04:15:00,29.47, , , , 
2022-07-10 04:16:00,29.47, , , , 
2022-07-10 04:17:00,29.49, , , , 
2022-07-10 04:18:00,29.49, , , , 
2022-07-10 04:19:00,29.46, , , , 
2022-07-10 04:20:00,29.48, , , , 
2022-07-10 04:21:00,29.46, , , , 
2022-07-10 04:22:00,29.44, , , , 
2022-07-10 04:23:00,29.42, , , , 
2022-07-10 04:24:00,29.38, , , , 
2022-07-10 04:25:00,29.33, , , , 
2022-07-10 04:26:00,29.27, , , , 
2022-07-10 04:27:00,29.23, , , , 
2022-07-10 04:28:00,29.17, , , , 
2022-07-10 04:29:00,29.16, , , , 
2022-07-10 04:30:00,29.15, , , , 
2022-07-10 04:31:00,29.12, , , , 
2022-07-10 04:32:00,29.09, , , , 
2022-07-10 04:33:00,29.05, , , , 
2022-07-10 04:34:00,28.98, , , , 
2022-07-10 04:35:00,28.93, , , , 
2022-07-10 04:36:00,28.89, , , , 
2022-07-10 04:37:00,28.85, , , , 
2022-07-10 04:38:00,28.79, , , , 
2022-07-10 04:39:00,28.73, , , , 
2022-07-10 04:40:00,28.68, , , , 
2022-07-10 04:41:00,28.63, , , , 
2022-07-10 04:42:00,28.60, , , , 
2022-07-10 04:43:00,28.54, , , , 
2022-07-10 04:44:00,28.53, , , , 
2022-07-10 04:45:00,28.47, , , , 
2022-07-10 04:46:00,28.46, , , , 
2022-07-10 04:47:00,28.44, , , , 
2022-07-10 04:48:00,28.41, , , , 
2022-07-10 04:49:00,28.40, , , , 
2022-07-10 04:50:00,28.39, , , , 
2022-07-10 04:51:00,28.35, , , , 
2022-07-10 04:52:00,28.35, , , , 
2022-07-10 04:53:00,28.34, , , , 
2022-07-10 04:54:00,28.29, , , , 
2022-07-10 04:55:00,28.32, , , , 
2022-07-10 04:56:00,28.31, , , , 
2022-07-10 04:57:00,28.30, , , , 
2022-07-10 04:58:00,28.28, , , , 
2022-07-10 04:59:00,28.28, , , , 
2022-07-10 05:00:00,28.28, , , , 
2022-07-10 05:01:00,28.27, , , , 
2022-07-10 05:02:00,28.26, , , , 
2022-07-10 05:03:00,28.25, , , , 
2022-07-10 05:04:00,28.27, , , , 
2022-07-10 05:05:00,28.27, , , , 
2022-07-10 05:06:00,28.26, , , , 
2022-07-10 05:07:00,28.25, , , , 
2022-07-10 05:08:00,28.24, , , , 
2022-07-10 05:09:00,28.26, , , , 
2022-07-10 05:10:00,28.25, , , , 
2022-07-10 05:11:00,28.28, , , , 
2022-07-10 05:12:00,28.26, , , , 
2022-07-10 05:13:00,28.27, , , , 
2022-07-10 05:14:00,28.27, , , , 
2022-07-10 05:15:00,28.26, , , , 
2022-07-10 05:16:00,28.28, , , , 
2022-07-10 05:17:00,28.29, , , , 
2022-07-10 05:18:00,28.30, , , , 
2022-07-10 05:19:00,28.31, , , , 
2022-07-10 05:20:00,28.31, , , , 
2022-07-10 05:21:00,28.31, , , , 
2022-07-10 05:22:00,28.32, , , , 
2022-07-10 05:23:00,28.34, , , , 
2022-07-10 05:24:00,28.33, , , , 
2022-07-10 05:25:00,28.34, , , , 
2022-07-10 05:26:00,28.34, , , , 
2022-07-10 05:27:00,28.37, , , , 
2022-07-10 05:28:00,28.37, , , , 
2022-07-10 05:29:00,28.37, , , , 
2022-07-10 05:30:00,28.39, , , , 
2022-07-10 05:31:00,28.39, , , , 
2022-07-10 05:32:00,28.40, , , , 
2022-07-10 05:33:00,28.40, , , , 
2022-07-10 05:34:00,28.40, , , , 
2022-07-10 05:35:00,28.40, , , , 
2022-07-10 05:36:00,28.43, , , , 
2022-07-10 05:37:00,28.43, , , , 
2022-07-10 05:38:00,28.46, , , , 
2022-07-10 05:39:00,28.45, , , , 
2022-07-10 05:40:00,28.45, , , , 
2022-07-10 05:41:00,28.46, , , , 
2022-07-10 05:42:00,28.47, , , , 
2022-07-10 05:43:00,28.46, , , , 
2022-07-10 05:44:00,28.47, , , , 
2022-07-10 05:45:00,28.47, , , , 
2022-07-10 05:46:00,28.52, , , , 
2022-07-10 05:47:00,28.48, , , , 
2022-07-10 05:48:00,28.50, , , , 
2022-07-10 05:49:00,28.52, , , , 
2022-07-10 05:50:00,28.50, , , , 
2022-07-10 05:51:00,28.54, , , , 
2022-07-10 05:52:00,28.53, , , , 
2022-07-10 05:53:00,28.54, , , , 
2022-07-10 05:54:00,28.55, , , , 
2022-07-10 05:55:00,28.54, , , , 
2022-07-10 05:56:00,28.55, , , , 
2022-07-10 05:57:00,28.58, , , , 
2022-07-10 05:58:00,28.59, , , , 
2022-07-10 05:59:00,28.59, , , , 
2022-07-10 06:00:00,28.60, , , , 
2022-07-10 06:01:00,28.61, , , , 
2022-07-10 06:02:00,28.62, , , , 
2022-07-10 06:03:00,28.63, , , , 
2022-07-10 06:04:00,28.65, , , , 
2022-07-10 06:05:00,28.65, , , , 
2022-07-10 06:06:00,28.67, , , , 
2022-07-10 06:07:00,28.65, , , , 
2022-07-10 06:08:00,28.68, , , , 
2022-07-10 06:09:00,28.69, , , , 
2022-07-10 06:10:00,28.70, , , , 
2022-07-10 06:11:00,28.69, , , , 
2022-07-10 06:12:00,28.70, , , , 
2022-07-10 06:13:00,28.72, , , , 
2022-07-10 06:14:00,28.72, , , , 
2022-07-10 06:15:00,28.73, , , , 
2022-07-10 06:16:00,28.75, , , , 
2022-07-10 06:17:00,28.77, , , , 
2022-07-10 06:18:00,28.76, , , , 
2022-07-10 06:19:00,28.79, , , , 
2022-07-10 06:20:00,28.79, , , , 
2022-07-10 06:21:00,28.80, , , , 
2022-07-10 06:22:00,28.80, , , , 
2022-07-10 06:23:00,28.82, , , , 
2022-07-10 06:24:00,28.85, , , , 
2022-07-10 06:25:00,28.83, , , , 
2022-07-10 06:26:00,28.80, , , , 
2022-07-10 06:27:00,28.83, , , , 
2022-07-10 06:28:00,28.85, , , , 
2022-07-10 06:29:00,28.85, , , , 
2022-07-10 06:30:00,28.85, , , , 
2022-07-10 06:31:00,28.85, , , , 
2022-07-10 06:32:00,28.86, , , , 
2022-07-10 06:33:00,28.85, , , , 
2022-07-10 06:34:00,28.86, , , , 
2022-07-10 06:35:00,28.86, , , , 
2022-07-10 06:36:00,28.85, , , , 
2022-07-10 06:37:00,28.88, , , , 
2022-07-10 06:38:00,28.88, , , , 
2022-07-10 06:39:00,28.87, , , , 
2022-07-10 06:40:00,28.90, , , , 
2022-07-10 06:41:00,28.89, , , , 
2022-07-10 06:42:00,28.90, , , , 
2022-07-10 06:43:00,28.90, , , , 
2022-07-10 06:44:00,28.92, , , , 
2022-07-10 06:45:00,28.92, , , , 
2022-07-10 06:46:00,28.92, , , , 
2022-07-10 06:47:00,28.94, , , , 
2022-07-10 06:48:00,28.94, , , , 
2022-07-10 06:49:00,28.92, , , , 
2022-07-10 06:50:00,28.97, , , , 
2022-07-10 06:51:00,28.95, , , , 
2022-07-10 06:52:00,28.94, , , , 
2022-07-10 06:53:00,28.97, , , , 
2022-07-10 06:54:00,28.98, , , , 
2022-07-10 06:55:00,29.00, , , , 
2022-07-10 06:56:00,28.99, , , , 
2022-07-10 06:57:00,29.00, , , , 
2022-07-10 06:58:00,29.00, , , , 
2022-07-10 06:59:00,29.01, , , , 
2022-07-10 07:00:00,29.05, , , , 
2022-07-10 07:01:00,29.11, , , , 
2022-07-10 07:02:00,29.19, , , , 
2022-07-10 07:03:00,29.27, , , , 
2022-07-10 07:04:00,29.36, , , , 
2022-07-10 07:05:00,29.42, , , , 
2022-07-10 07:06:00,29.47, , , , 
2022-07-10 07:07:00,29.50, , , , 
2022-07-10 07:08:00,29.56, , , , 
2022-07-10 07:09:00,29.61, , , , 
2022-07-10 07:10:00,29.67, , , , 
2022-07-10 07:11:00,29.73, , , , 
2022-07-10 07:12:00,29.82, , , , 
2022-07-10 07:13:00,29.91, , , , 
2022-07-10 07:14:00,30.00, , , , 
2022-07-10 07:15:00,30.07, , , , 
2022-07-10 07:16:00,30.13, , , , 
2022-07-10 07:17:00,30.17, , , , 
2022-07-10 07:18:00,30.23, , , , 
2022-07-10 07:19:00,30.27, , , , 
2022-07-10 07:20:00,30.27, , , , 
2022-07-10 07:21:00,30.30, , , , 
2022-07-10 07:22:00,30.33, , , , 
2022-07-10 07:23:00,30.25, , , , 
2022-07-10 07:24:00,30.13, , , , 
2022-07-10 07:25:00,30.02, , , , 
2022-07-10 07:26:00,29.96, , , , 
2022-07-10 07:27:00,29.92, , , , 
2022-07-10 07:28:00,29.92, , , , 
2022-07-10 07:29:00,29.94, , , , 
2022-07-10 07:30:00,29.96, , , , 
2022-07-10 07:31:00,30.01, , , , 
2022-07-10 07:32:00,30.05, , , , 
2022-07-10 07:33:00,30.07, , , , 
2022-07-10 07:34:00,30.10, , , , 
2022-07-10 07:35:00,30.12, , , , 
2022-07-10 07:36:00,30.16, , , , 
2022-07-10 07:37:00,30.18, , , , 
2022-07-10 07:38:00,30.20, , , , 
2022-07-10 07:39:00,30.20, , , , 
2022-07-10 07:40:00,30.22, , , , 
2022-07-10 07:41:00,30.25, , , , 
2022-07-10 07:42:00,30.27, , , , 
2022-07-10 07:43:00,30.27, , , , 
2022-07-10 07:44:00,30.28, , , , 
2022-07-10 07:45:00,30.28, , , , 
2022-07-10 07:46:00,30.28, , , , 
2022-07-10 07:47:00,30.28, , , , 
2022-07-10 07:48:00,30.28, , , , 
2022-07-10 07:49:00,30.31, , , , 
2022-07-10 07:50:00,30.28, , , , 
2022-07-10 07:51:00,30.20, , , , 
2022-07-10 07:52:00,30.12, , , , 
2022-07-10 07:53:00,30.03, , , , 
2022-07-10 07:54:00,29.97, , , , 
2022-07-10 07:55:00,29.98, , , , 
2022-07-10 07:56:00,29.98, , , , 
2022-07-10 07:57:00,30.01, , , , 
2022-07-10 07:58:00,30.06, , , , 
2022-07-10 07:59:00,30.07, , , , 
2022-07-10 08:00:00,30.10, , , , 
2022-07-10 08:01:00,30.13, , , , 
2022-07-10 08:02:00,30.18, , , , 
2022-07-10 08:03:00,30.18, , , , 
2022-07-10 08:04:00,30.19, , , , 
2022-07-10 08:05:00,30.19, , , , 
2022-07-10 08:06:00,30.20, , , , 
2022-07-10 08:07:00,30.20, , , , 
2022-07-10 08:08:00,30.12, , , , 
2022-07-10 08:09:00,30.01, , , , 
2022-07-10 08:10:00,29.94, , , , 
2022-07-10 08:11:00,29.90, , , , 
2022-07-10 08:12:00,29.89, , , , 
2022-07-10 08:13:00,29.90, , , , 
2022-07-10 08:14:00,29.91, , , , 
2022-07-10 08:15:00,29.96, , , , 
2022-07-10 08:16:00,29.97, , , , 
2022-07-10 08:17:00,30.02, , , , 
2022-07-10 08:18:00,30.05, , , , 
2022-07-10 08:19:00,30.09, , , , 
2022-07-10 08:20:00,30.10, , , , 
2022-07-10 08:21:00,30.11, , , , 
2022-07-10 08:22:00,30.11, , , , 
2022-07-10 08:23:00,30.15, , , , 
2022-07-10 08:24:00,30.15, , , , 
2022-07-10 08:25:00,30.05, , , , 
2022-07-10 08:26:00,29.95, , , , 
2022-07-10 08:27:00,29.85, , , , 
2022-07-10 08:28:00,29.81, , , , 
2022-07-10 08:29:00,29.80, , , , 
2022-07-10 08:30:00,29.79, , , , 
2022-07-10 08:31:00,29.83, , , , 
2022-07-10 08:32:00,29.87, , , , 
2022-07-10 08:33:00,29.92, , , , 
2022-07-10 08:34:00,29.94, , , , 
2022-07-10 08:35:00,29.96, , , , 
2022-07-10 08:36:00,29.97, , , , 
2022-07-10 08:37:00,29.98, , , , 
2022-07-10 08:38:00,30.03, , , , 
2022-07-10 08:39:00,30.06, , , , 
2022-07-10 08:40:00,30.06, , , , 
2022-07-10 08:41:00,30.04, , , , 
2022-07-10 08:42:00,29.94, , , , 
2022-07-10 08:43:00,29.86, , , , 
2022-07-10 08:44:00,29.79, , , , 
2022-07-10 08:45:00,29.78, , , , 
2022-07-10 08:46:00,29.80, , , , 
2022-07-10 08:47:00,29.80, , , , 
2022-07-10 08:48:00,29.83, , , , 
2022-07-10 08:49:00,29.90, , , , 
2022-07-10 08:50:00,29.94, , , , 
2022-07-10 08:51:00,29.97, , , , 
2022-07-10 08:52:00,30.02, , , , 
2022-07-10 08:53:00,30.04, , , , 
2022-07-10 08:54:00,30.07, , , , 
2022-07-10 08:55:00,30.08, , , , 
2022-07-10 08:56:00,30.09, , , , 
2022-07-10 08:57:00,30.10, , , , 
2022-07-10 08:58:00,30.10, , , , 
2022-07-10 08:59:00,30.03, , , , 
2022-07-10 09:00:00,29.92, , , , 
2022-07-10 09:01:00,29.88, , , , 
2022-07-10 09:02:00,29.83, , , , 
2022-07-10 09:03:00,29.86, , , , 
2022-07-10 09:04:00,29.86, , , , 
2022-07-10 09:05:00,29.90, , , , 
2022-07-10 09:06:00,29.92, , , , 
2022-07-10 09:07:00,29.93, , , , 
2022-07-10 09:08:00,29.97, , , , 
2022-07-10 09:09:00,30.03, , , , 
2022-07-10 09:10:00,30.03, , , , 
2022-07-10 09:11:00,30.07, , , , 
2022-07-10 09:12:00,30.05, , , , 
2022-07-10 09:13:00,30.09, , , , 
2022-07-10 09:14:00,30.08, , , , 
2022-07-10 09:15:00,30.06, , , , 
2022-07-10 09:16:00,30.00, , , , 
2022-07-10 09:17:00,29.92, , , , 
2022-07-10 09:18:00,29.90, , , , 
2022-07-10 09:19:00,29.89, , , , 
2022-07-10 09:20:00,29.90, , , , 
2022-07-10 09:21:00,29.92, , , , 
2022-07-10 09:22:00,29.98, , , , 
2022-07-10 09:23:00,30.00, , , , 
2022-07-10 09:24:00,30.05, , , , 
2022-07-10 09:25:00,30.07, , , , 
2022-07-10 09:26:00,30.12, , , , 
2022-07-10 09:27:00,30.12, , , , 
2022-07-10 09:28:00,30.18, , , , 
2022-07-10 09:29:00,30.20, , , , 
2022-07-10 09:30:00,30.19, , , , 
2022-07-10 09:31:00,30.20, , , , 
2022-07-10 09:32:00,30.18, , , , 
2022-07-10 09:33:00,30.09, , , , 
2022-07-10 09:34:00,30.01, , , , 
2022-07-10 09:35:00,29.98, , , , 
2022-07-10 09:36:00,29.97, , , , 
2022-07-10 09:37:00,29.95, , , , 
2022-07-10 09:38:00,29.95, , , , 
2022-07-10 09:39:00,29.90, , , , 
2022-07-10 09:40:00,29.86, , , , 
2022-07-10 09:41:00,29.83, , , , 
2022-07-10 09:42:00,29.83, , , , 
2022-07-10 09:43:00,29.85, , , , 
2022-07-10 09:44:00,29.91, , , , 
2022-07-10 09:45:00,29.95, , , , 
2022-07-10 09:46:00,30.00, , , , 
2022-07-10 09:47:00,30.06, , , , 
2022-07-10 09:48:00,30.11, , , , 
2022-07-10 09:49:00,30.13, , , , 
2022-07-10 09:50:00,30.17, , , , 
2022-07-10 09:51:00,30.19, , , , 
2022-07-10 09:52:00,30.23, , , , 
2022-07-10 09:53:00,30.25, , , , 
2022-07-10 09:54:00,30.27, , , , 
2022-07-10 09:55:00,30.22, , , , 
2022-07-10 09:56:00,30.17, , , , 
2022-07-10 09:57:00,30.15, , , , 
2022-07-10 09:58:00,30.12, , , , 
2022-07-10 09:59:00,30.15, , , , 
2022-07-10 10:00:00,30.16, , , , 
2022-07-10 10:01:00,30.15, , , , 
2022-07-10 10:02:00,30.09, , , , 
2022-07-10 10:03:00,30.09, , , , 
2022-07-10 10:04:00,30.09, , , , 
2022-07-10 10:05:00,30.08, , , , 
2022-07-10 10:06:00,30.15, , , , 
2022-07-10 10:07:00,30.18, , , , 
2022-07-10 10:08:00,30.24, , , , 
2022-07-10 10:09:00,30.30, , , , 
2022-07-10 10:10:00,30.33, , , , 
2022-07-10 10:11:00,30.38, , , , 
2022-07-10 10:12:00,30.41, , , , 
2022-07-10 10:13:00,30.46, , , , 
2022-07-10 10:14:00,30.50, , , , 
2022-07-10 10:15:00,30.53, , , , 
2022-07-10 10:16:00,30.54, , , , 
2022-07-10 10:17:00,30.48, , , , 
2022-07-10 10:18:00,30.37, , , , 
2022-07-10 10:19:00,30.27, , , , 
2022-07-10 10:20:00,30.23, , , , 
2022-07-10 10:21:00,30.22, , , , 
2022-07-10 10:22:00,30.22, , , , 
2022-07-10 10:23:00,30.23, , , , 
2022-07-10 10:24:00,30.17, , , , 
2022-07-10 10:25:00,30.11, , , , 
2022-07-10 10:26:00,30.08, , , , 
2022-07-10 10:27:00,30.10, , , , 
2022-07-10 10:28:00,30.15, , , , 
2022-07-10 10:29:00,30.18, , , , 
2022-07-10 10:30:00,30.21, , , , 
2022-07-10 10:31:00,30.27, , , , 
2022-07-10 10:32:00,30.31, , , , 
2022-07-10 10:33:00,30.36, , , , 
2022-07-10 10:34:00,30.42, , , , 
2022-07-10 10:35:00,30.46, , , , 
2022-07-10 10:36:00,30.52, , , , 
2022-07-10 10:37:00,30.53, , , , 
2022-07-10 10:38:00,30.55, , , , 
2022-07-10 10:39:00,30.55, , , , 
2022-07-10 10:40:00,30.49, , , , 
2022-07-10 10:41:00,30.38, , , , 
2022-07-10 10:42:00,30.34, , , , 
2022-07-10 10:43:00,30.30, , , , 
2022-07-10 10:44:00,30.27, , , , 
2022-07-10 10:45:00,30.23, , , , 
2022-07-10 10:46:00,30.20, , , , 
2022-07-10 10:47:00,30.13, , , , 
2022-07-10 10:48:00,30.11, , , , 
2022-07-10 10:49:00,30.10, , , , 
2022-07-10 10:50:00,30.12, , , , 
2022-07-10 10:51:00,30.13, , , , 
2022-07-10 10:52:00,30.15, , , , 
2022-07-10 10:53:00,30.12, , , , 
2022-07-10 10:54:00,30.13, , , , 
2022-07-10 10:55:00,30.17, , , , 
2022-07-10 10:56:00,30.17, , , , 
2022-07-10 10:57:00,30.21, , , , 
2022-07-10 10:58:00,30.19, , , , 
2022-07-10 10:59:00,30.17, , , , 
2022-07-10 11:00:00,30.16, , , , 
2022-07-10 11:01:00,30.19, , , , 
2022-07-10 11:02:00,30.18, , , , 
2022-07-10 11:03:00,30.22, , , , 
2022-07-10 11:04:00,30.24, , , , 
2022-07-10 11:05:00,30.31, , , , 
2022-07-10 11:06:00,30.36, , , , 
2022-07-10 11:07:00,30.40, , , , 
2022-07-10 11:08:00,30.44, , , , 
2022-07-10 11:09:00,30.48, , , , 
2022-07-10 11:10:00,30.52, , , , 
2022-07-10 11:11:00,30.55, , , , 
2022-07-10 11:12:00,30.59, , , , 
2022-07-10 11:13:00,30.60, , , , 
2022-07-10 11:14:00,30.53, , , , 
2022-07-10 11:15:00,30.45, , , , 
2022-07-10 11:16:00,30.37, , , , 
2022-07-10 11:17:00,30.31, , , , 
2022-07-10 11:18:00,30.30, , , , 
2022-07-10 11:19:00,30.28, , , , 
2022-07-10 11:20:00,30.27, , , , 
2022-07-10 11:21:00,30.23, , , , 
2022-07-10 11:22:00,30.18, , , , 
2022-07-10 11:23:00,30.13, , , , 
2022-07-10 11:24:00,30.16, , , , 
2022-07-10 11:25:00,30.13, , , , 
2022-07-10 11:26:00,30.15, , , , 
2022-07-10 11:27:00,30.09, , , , 
2022-07-10 11:28:00,30.08, , , , 
2022-07-10 11:29:00,30.10, , , , 
2022-07-10 11:30:00,30.11, , , , 
2022-07-10 11:31:00,30.11, , , , 
2022-07-10 11:32:00,30.13, , , , 
2022-07-10 11:33:00,30.12, , , , 
2022-07-10 11:34:00,30.10, , , , 
2022-07-10 11:35:00,30.12, , , , 
2022-07-10 11:36:00,30.13, , , , 
2022-07-10 11:37:00,30.13, , , , 
2022-07-10 11:38:00,30.10, , , , 
2022-07-10 11:39:00,29.97, , , , 
2022-07-10 11:40:00,29.88, , , , 
2022-07-10 11:41:00,29.82, , , , 
2022-07-10 11:42:00,29.81, , , , 
2022-07-10 11:43:00,29.82, , , , 
2022-07-10 11:44:00,29.82, , , , 
2022-07-10 11:45:00,29.90, , , , 
2022-07-10 11:46:00,29.97, , , , 
2022-07-10 11:47:00,30.03, , , , 
2022-07-10 11:48:00,30.08, , , , 
2022-07-10 11:49:00,30.15, , , , 
2022-07-10 11:50:00,30.21, , , , 
2022-07-10 11:51:00,30.27, , , , 
2022-07-10 11:52:00,30.32, , , , 
2022-07-10 11:53:00,30.33, , , , 
2022-07-10 11:54:00,30.31, , , , 
2022-07-10 11:55:00,30.25, , , , 
2022-07-10 11:56:00,30.19, , , , 
2022-07-10 11:57:00,30.13, , , , 
2022-07-10 11:58:00,30.13, , , , 
2022-07-10 11:59:00,30.13, , , , 
2022-07-10 12:00:00,30.15, , , , 
2022-07-10 12:01:00,30.11, , , , 
2022-07-10 12:02:00,30.06, , , , 
2022-07-10 12:03:00,30.02, , , , 
2022-07-10 12:04:00,30.01, , , , 
2022-07-10 12:05:00,30.01, , , , 
2022-07-10 12:06:00,30.01, , , , 
2022-07-10 12:07:00,29.98, , , , 
2022-07-10 12:08:00,30.00, , , , 
2022-07-10 12:09:00,30.01, , , , 
2022-07-10 12:10:00,30.05, , , , 
2022-07-10 12:11:00,30.07, , , , 
2022-07-10 12:12:00,30.08, , , , 
2022-07-10 12:13:00,30.09, , , , 
2022-07-10 12:14:00,30.07, , , , 
2022-07-10 12:15:00,30.09, , , , 
2022-07-10 12:16:00,30.09, , , , 
2022-07-10 12:17:00,30.12, , , , 
2022-07-10 12:18:00,30.09, , , , 
2022-07-10 12:19:00,30.03, , , , 
2022-07-10 12:20:00,29.92, , , , 
2022-07-10 12:21:00,29.88, , , , 
2022-07-10 12:22:00,29.83, , , , 
2022-07-10 12:23:00,29.83, , , , 
2022-07-10 12:24:00,29.86, , , , 
2022-07-10 12:25:00,29.83, , , , 
2022-07-10 12:26:00,29.79, , , , 
2022-07-10 12:27:00,29.81, , , , 
2022-07-10 12:28:00,29.82, , , , 
2022-07-10 12:29:00,29.85, , , , 
2022-07-10 12:30:00,29.85, , , , 
2022-07-10 12:31:00,29.86, , , , 
2022-07-10 12:32:00,29.87, , , , 
2022-07-10 12:33:00,29.89, , , , 
2022-07-10 12:34:00,29.94, , , , 
2022-07-10 12:35:00,30.00, , , , 
2022-07-10 12:36:00,29.97, , , , 
2022-07-10 12:37:00,29.98, , , , 
2022-07-10 12:38:00,29.96, , , , 
2022-07-10 12:39:00,29.97, , , , 
2022-07-10 12:40:00,30.00, , , , 
2022-07-10 12:41:00,30.00, , , , 
2022-07-10 12:42:00,29.98, , , , 
2022-07-10 12:43:00,29.91, , , , 
2022-07-10 12:44:00,29.80, , , , 
2022-07-10 12:45:00,29.75, , , , 
2022-07-10 12:46:00,29.72, , , , 
2022-07-10 12:47:00,29.72, , , , 
2022-07-10 12:48:00,29.72, , , , 
2022-07-10 12:49:00,29.73, , , , 
2022-07-10 12:50:00,29.71, , , , 
2022-07-10 12:51:00,29.71, , , , 
2022-07-10 12:52:00,29.70, , , , 
2022-07-10 12:53:00,29.74, , , , 
2022-07-10 12:54:00,29.77, , , , 
2022-07-10 12:55:00,29.78, , , , 
2022-07-10 12:56:00,29.75, , , , 
2022-07-10 12:57:00,29.77, , , , 
2022-07-10 12:58:00,29.77, , , , 
2022-07-10 12:59:00,29.81, , , , 
2022-07-10 13:00:00,29.82, , , , 
2022-07-10 13:01:00,29.76, , , , 
2022-07-10 13:02:00,29.67, , , , 
2022-07-10 13:03:00,29.60, , , , 
2022-07-10 13:04:00,29.60, , , , 
2022-07-10 13:05:00,29.59, , , , 
2022-07-10 13:06:00,29.61, , , , 
2022-07-10 13:07:00,29.60, , , , 
2022-07-10 13:08:00,29.59, , , , 
2022-07-10 13:09:00,29.58, , , , 
2022-07-10 13:10:00,29.62, , , , 
2022-07-10 13:11:00,29.64, , , , 
2022-07-10 13:12:00,29.67, , , , 
2022-07-10 13:13:00,29.64, , , , 
2022-07-10 13:14:00,29.63, , , , 
2022-07-10 13:15:00,29.63, , , , 
2022-07-10 13:16:00,29.64, , , , 
2022-07-10 13:17:00,29.68, , , , 
2022-07-10 13:18:00,29.74, , , , 
2022-07-10 13:19:00,29.75, , , , 
2022-07-10 13:20:00,29.72, , , , 
2022-07-10 13:21:00,29.72, , , , 
2022-07-10 13:22:00,29.75, , , , 
2022-07-10 13:23:00,29.77, , , , 
2022-07-10 13:24:00,29.78, , , , 
2022-07-10 13:25:00,29.78, , , , 
2022-07-10 13:26:00,29.77, , , , 
2022-07-10 13:27:00,29.76, , , , 
2022-07-10 13:28:00,29.78, , , , 
2022-07-10 13:29:00,29.78, , , , 
2022-07-10 13:30:00,29.80, , , , 
2022-07-10 13:31:00,29.75, , , , 
2022-07-10 13:32:00,29.68, , , , 
2022-07-10 13:33:00,29.64, , , , 
2022-07-10 13:34:00,29.59, , , , 
2022-07-10 13:35:00,29.60, , , , 
2022-07-10 13:36:00,29.63, , , , 
2022-07-10 13:37:00,29.64, , , , 
2022-07-10 13:38:00,29.62, , , , 
2022-07-10 13:39:00,29.64, , , , 
2022-07-10 13:40:00,29.67, , , , 
2022-07-10 13:41:00,29.75, , , , 
2022-07-10 13:42:00,29.75, , , , 
2022-07-10 13:43:00,29.76, , , , 
2022-07-10 13:44:00,29.80, , , , 
2022-07-10 13:45:00,29.77, , , , 
2022-07-10 13:46:00,29.81, , , , 
2022-07-10 13:47:00,29.85, , , , 
2022-07-10 13:48:00,29.87, , , , 
2022-07-10 13:49:00,29.88, , , , 
2022-07-10 13:50:00,29.87, , , , 
2022-07-10 13:51:00,29.88, , , , 
2022-07-10 13:52:00,29.89, , , , 
2022-07-10 13:53:00,29.90, , , , 
2022-07-10 13:54:00,29.91, , , , 
2022-07-10 13:55:00,29.83, , , , 
2022-07-10 13:56:00,29.71, , , , 
2022-07-10 13:57:00,29.62, , , , 
2022-07-10 13:58:00,29.57, , , , 
2022-07-10 13:59:00,29.54, , , , 
2022-07-10 14:00:00,29.58, , , , 
2022-07-10 14:01:00,29.57, , , , 
2022-07-10 14:02:00,29.60, , , , 
2022-07-10 14:03:00,29.62, , , , 
2022-07-10 14:04:00,29.64, , , , 
2022-07-10 14:05:00,29.67, , , , 
2022-07-10 14:06:00,29.72, , , , 
2022-07-10 14:07:00,29.71, , , , 
2022-07-10 14:08:00,29.68, , , , 
2022-07-10 14:09:00,29.66, , , , 
2022-07-10 14:10:00,29.67, , , , 
2022-07-10 14:11:00,29.68, , , , 
2022-07-10 14:12:00,29.72, , , , 
2022-07-10 14:13:00,29.68, , , , 
2022-07-10 14:14:00,29.60, , , , 
2022-07-10 14:15:00,29.51, , , , 
2022-07-10 14:16:00,29.50, , , , 
2022-07-10 14:17:00,29.48, , , , 
2022-07-10 14:18:00,29.53, , , , 
2022-07-10 14:19:00,29.57, , , , 
2022-07-10 14:20:00,29.59, , , , 
2022-07-10 14:21:00,29.57, , , , 
2022-07-10 14:22:00,29.60, , , , 
2022-07-10 14:23:00,29.64, , , , 
2022-07-10 14:24:00,29.67, , , , 
2022-07-10 14:25:00,29.72, , , , 
2022-07-10 14:26:00,29.70, , , , 
2022-07-10 14:27:00,29.72, , , , 
2022-07-10 14:28:00,29.72, , , , 
2022-07-10 14:29:00,29.75, , , , 
2022-07-10 14:30:00,29.79, , , , 
2022-07-10 14:31:00,29.82, , , , 
2022-07-10 14:32:00,29.79, , , , 
2022-07-10 14:33:00,29.77, , , , 
2022-07-10 14:34:00,29.77, , , , 
2022-07-10 14:35:00,29.80, , , , 
2022-07-10 14:36:00,29.80, , , , 
2022-07-10 14:37:00,29.78, , , , 
2022-07-10 14:38:00,29.76, , , , 
2022-07-10 14:39:00,29.76, , , , 
2022-07-10 14:40:00,29.73, , , , 
2022-07-10 14:41:00,29.75, , , , 
2022-07-10 14:42:00,29.80, , , , 
2022-07-10 14:43:00,29.76, , , , 
2022-07-10 14:44:00,29.67, , , , 
2022-07-10 14:45:00,29.59, , , , 
2022-07-10 14:46:00,29.56, , , , 
2022-07-10 14:47:00,29.53, , , , 
2022-07-10 14:48:00,29.52, , , , 
2022-07-10 14:49:00,29.56, , , , 
2022-07-10 14:50:00,29.56, , , , 
2022-07-10 14:51:00,29.52, , , , 
2022-07-10 14:52:00,29.52, , , , 
2022-07-10 14:53:00,29.54, , , , 
2022-07-10 14:54:00,29.57, , , , 
2022-07-10 14:55:00,29.61, , , , 
2022-07-10 14:56:00,29.62, , , , 
2022-07-10 14:57:00,29.61, , , , 
2022-07-10 14:58:00,29.62, , , , 
2022-07-10 14:59:00,29.64, , , , 
2022-07-10 15:00:00,29.67, , , , 
2022-07-10 15:01:00,29.67, , , , 
2022-07-10 15:02:00,29.63, , , , 
2022-07-10 15:03:00,29.61, , , , 
2022-07-10 15:04:00,29.62, , , , 
2022-07-10 15:05:00,29.63, , , , 
2022-07-10 15:06:00,29.64, , , , 
2022-07-10 15:07:00,29.61, , , , 
2022-07-10 15:08:00,29.56, , , , 
2022-07-10 15:09:00,29.44, , , , 
2022-07-10 15:10:00,29.39, , , , 
2022-07-10 15:11:00,29.35, , , , 
2022-07-10 15:12:00,29.36, , , , 
2022-07-10 15:13:00,29.42, , , , 
2022-07-10 15:14:00,29.41, , , , 
2022-07-10 15:15:00,29.34, , , , 
2022-07-10 15:16:00,29.33, , , , 
2022-07-10 15:17:00,29.36, , , , 
2022-07-10 15:18:00,29.38, , , , 
2022-07-10 15:19:00,29.45, , , , 
2022-07-10 15:20:00,29.44, , , , 
2022-07-10 15:21:00,29.45, , , , 
2022-07-10 15:22:00,29.47, , , , 
2022-07-10 15:23:00,29.49, , , , 
2022-07-10 15:24:00,29.53, , , , 
2022-07-10 15:25:00,29.51, , , , 
2022-07-10 15:26:00,29.48, , , , 
2022-07-10 15:27:00,29.41, , , , 
2022-07-10 15:28:00,29.36, , , , 
2022-07-10 15:29:00,29.32, , , , 
2022-07-10 15:30:00,29.31, , , , 
2022-07-10 15:31:00,29.34, , , , 
2022-07-10 15:32:00,29.32, , , , 
2022-07-10 15:33:00,29.31, , , , 
2022-07-10 15:34:00,29.32, , , , 
2022-07-10 15:35:00,29.33, , , , 
2022-07-10 15:36:00,29.35, , , , 
2022-07-10 15:37:00,29.41, , , , 
2022-07-10 15:38:00,29.44, , , , 
2022-07-10 15:39:00,29.44, , , , 
2022-07-10 15:40:00,29.45, , , , 
2022-07-10 15:41:00,29.46, , , , 
2022-07-10 15:42:00,29.50, , , , 
2022-07-10 15:43:00,29.47, , , , 
2022-07-10 15:44:00,29.44, , , , 
2022-07-10 15:45:00,29.39, , , , 
2022-07-10 15:46:00,29.38, , , , 
2022-07-10 15:47:00,29.41, , , , 
2022-07-10 15:48:00,29.41, , , , 
2022-07-10 15:49:00,29.43, , , , 
2022-07-10 15:50:00,29.38, , , , 
2022-07-10 15:51:00,29.32, , , , 
2022-07-10 15:52:00,29.27, , , , 
2022-07-10 15:53:00,29.23, , , , 
2022-07-10 15:54:00,29.27, , , , 
2022-07-10 15:55:00,29.29, , , , 
2022-07-10 15:56:00,29.30, , , , 
2022-07-10 15:57:00,29.26, , , , 
2022-07-10 15:58:00,29.23, , , , 
2022-07-10 15:59:00,29.21, , , , 
2022-07-10 16:00:00,29.23, , , , 
2022-07-10 16:01:00,29.26, , , , 
2022-07-10 16:02:00,29.28, , , , 
2022-07-10 16:03:00,29.28, , , , 
2022-07-10 16:04:00,29.30, , , , 
2022-07-10 16:05:00,29.33, , , , 
2022-07-10 16:06:00,29.37, , , , 
2022-07-10 16:07:00,29.39, , , , 
2022-07-10 16:08:00,29.42, , , , 
2022-07-10 16:09:00,29.39, , , , 
2022-07-10 16:10:00,29.39, , , , 
2022-07-10 16:11:00,29.41, , , , 
2022-07-10 16:12:00,29.44, , , , 
2022-07-10 16:13:00,29.43, , , , 
2022-07-10 16:14:00,29.38, , , , 
2022-07-10 16:15:00,29.32, , , , 
2022-07-10 16:16:00,29.27, , , , 
2022-07-10 16:17:00,29.23, , , , 
2022-07-10 16:18:00,29.24, , , , 
2022-07-10 16:19:00,29.27, , , , 
2022-07-10 16:20:00,29.30, , , , 
2022-07-10 16:21:00,29.26, , , , 
2022-07-10 16:22:00,29.23, , , , 
2022-07-10 16:23:00,29.26, , , , 
2022-07-10 16:24:00,29.29, , , , 
2022-07-10 16:25:00,29.33, , , , 
2022-07-10 16:26:00,29.36, , , , 
2022-07-10 16:27:00,29.37, , , , 
2022-07-10 16:28:00,29.41, , , , 
2022-07-10 16:29:00,29.45, , , , 
2022-07-10 16:30:00,29.48, , , , 
2022-07-10 16:31:00,29.49, , , , 
2022-07-10 16:32:00,29.50, , , , 
2022-07-10 16:33:00,29.50, , , , 
2022-07-10 16:34:00,29.49, , , , 
2022-07-10 16:35:00,29.53, , , , 
2022-07-10 16:36:00,29.57, , , , 
2022-07-10 16:37:00,29.58, , , , 
2022-07-10 16:38:00,29.51, , , , 
2022-07-10 16:39:00,29.49, , , , 
2022-07-10 16:40:00,29.42, , , , 
2022-07-10 16:41:00,29.41, , , , 
2022-07-10 16:42:00,29.41, , , , 
2022-07-10 16:43:00,29.46, , , , 
2022-07-10 16:44:00,29.45, , , , 
2022-07-10 16:45:00,29.45, , , , 
2022-07-10 16:46:00,29.44, , , , 
2022-07-10 16:47:00,29.42, , , , 
2022-07-10 16:48:00,29.47, , , , 
2022-07-10 16:49:00,29.49, , , , 
2022-07-10 16:50:00,29.51, , , , 
2022-07-10 16:51:00,29.51, , , , 
2022-07-10 16:52:00,29.50, , , , 
2022-07-10 16:53:00,29.53, , , , 
2022-07-10 16:54:00,29.57, , , , 
2022-07-10 16:55:00,29.59, , , , 
2022-07-10 16:56:00,29.57, , , , 
2022-07-10 16:57:00,29.57, , , , 
2022-07-10 16:58:00,29.56, , , , 
2022-07-10 16:59:00,29.54, , , , 
2022-07-10 17:00:00,29.57, , , , 
2022-07-10 17:01:00,29.54, , , , 
2022-07-10 17:02:00,29.49, , , , 
2022-07-10 17:03:00,29.39, , , , 
2022-07-10 17:04:00,29.32, , , , 
2022-07-10 17:05:00,29.28, , , , 
2022-07-10 17:06:00,29.27, , , , 
2022-07-10 17:07:00,29.28, , , , 
2022-07-10 17:08:00,29.27, , , , 
2022-07-10 17:09:00,29.21, , , , 
2022-07-10 17:10:00,29.21, , , , 
2022-07-10 17:11:00,29.20, , , , 
2022-07-10 17:12:00,29.21, , , , 
2022-07-10 17:13:00,29.23, , , , 
2022-07-10 17:14:00,29.27, , , , 
2022-07-10 17:15:00,29.27, , , , 
2022-07-10 17:16:00,29.27, , , , 
2022-07-10 17:17:00,29.32, , , , 
2022-07-10 17:18:00,29.37, , , , 
2022-07-10 17:19:00,29.39, , , , 
2022-07-10 17:20:00,29.42, , , , 
2022-07-10 17:21:00,29.42, , , , 
2022-07-10 17:22:00,29.43, , , , 
2022-07-10 17:23:00,29.45, , , , 
2022-07-10 17:24:00,29.47, , , , 
2022-07-10 17:25:00,29.46, , , , 
2022-07-10 17:26:00,29.45, , , , 
2022-07-10 17:27:00,29.36, , , , 
2022-07-10 17:28:00,29.29, , , , 
2022-07-10 17:29:00,29.27, , , , 
2022-07-10 17:30:00,29.29, , , , 
2022-07-10 17:31:00,29.34, , , , 
2022-07-10 17:32:00,29.33, , , , 
2022-07-10 17:33:00,29.29, , , , 
2022-07-10 17:34:00,29.26, , , , 
2022-07-10 17:35:00,29.23, , , , 
2022-07-10 17:36:00,29.26, , , , 
2022-07-10 17:37:00,29.28, , , , 
2022-07-10 17:38:00,29.27, , , , 
2022-07-10 17:39:00,29.30, , , , 
2022-07-10 17:40:00,29.30, , , , 
2022-07-10 17:41:00,29.34, , , , 
2022-07-10 17:42:00,29.38, , , , 
2022-07-10 17:43:00,29.44, , , , 
2022-07-10 17:44:00,29.43, , , , 
2022-07-10 17:45:00,29.45, , , , 
2022-07-10 17:46:00,29.42, , , , 
2022-07-10 17:47:00,29.46, , , , 
2022-07-10 17:48:00,29.50, , , , 
2022-07-10 17:49:00,29.50, , , , 
2022-07-10 17:50:00,29.46, , , , 
2022-07-10 17:51:00,29.32, , , , 
2022-07-10 17:52:00,29.22, , , , 
2022-07-10 17:53:00,29.21, , , , 
2022-07-10 17:54:00,29.17, , , , 
2022-07-10 17:55:00,29.20, , , , 
2022-07-10 17:56:00,29.19, , , , 
2022-07-10 17:57:00,29.13, , , , 
2022-07-10 17:58:00,29.08, , , , 
2022-07-10 17:59:00,29.06, , , , 
2022-07-10 18:00:00,29.08, , , , 
2022-07-10 18:01:00,29.07, , , , 
2022-07-10 18:02:00,29.09, , , , 
2022-07-10 18:03:00,29.08, , , , 
2022-07-10 18:04:00,29.14, , , , 
2022-07-10 18:05:00,29.15, , , , 
2022-07-10 18:06:00,29.23, , , , 
2022-07-10 18:07:00,29.26, , , , 
2022-07-10 18:08:00,29.29, , , , 
2022-07-10 18:09:00,29.27, , , , 
2022-07-10 18:10:00,29.27, , , , 
2022-07-10 18:11:00,29.29, , , , 
2022-07-10 18:12:00,29.33, , , , 
2022-07-10 18:13:00,29.33, , , , 
2022-07-10 18:14:00,29.30, , , , 
2022-07-10 18:15:00,29.21, , , , 
2022-07-10 18:16:00,29.17, , , , 
2022-07-10 18:17:00,29.15, , , , 
2022-07-10 18:18:00,29.18, , , , 
2022-07-10 18:19:00,29.16, , , , 
2022-07-10 18:20:00,29.21, , , , 
2022-07-10 18:21:00,29.19, , , , 
2022-07-10 18:22:00,29.17, , , , 
2022-07-10 18:23:00,29.19, , , , 
2022-07-10 18:24:00,29.24, , , , 
2022-07-10 18:25:00,29.27, , , , 
2022-07-10 18:26:00,29.30, , , , 
2022-07-10 18:27:00,29.29, , , , 
2022-07-10 18:28:00,29.24, , , , 
2022-07-10 18:29:00,29.29, , , , 
2022-07-10 18:30:00,29.32, , , , 
2022-07-10 18:31:00,29.34, , , , 
2022-07-10 18:32:00,29.39, , , , 
2022-07-10 18:33:00,29.46, , , , 
2022-07-10 18:34:00,29.51, , , , 
2022-07-10 18:35:00,29.57, , , , 
2022-07-10 18:36:00,29.62, , , , 
2022-07-10 18:37:00,29.68, , , , 
2022-07-10 18:38:00,29.76, , , , 
2022-07-10 18:39:00,29.79, , , , 
2022-07-10 18:40:00,29.87, , , , 
2022-07-10 18:41:00,29.90, , , , 
2022-07-10 18:42:00,29.86, , , , 
2022-07-10 18:43:00,29.78, , , , 
2022-07-10 18:44:00,29.68, , , , 
2022-07-10 18:45:00,29.59, , , , 
2022-07-10 18:46:00,29.58, , , , 
2022-07-10 18:47:00,29.56, , , , 
2022-07-10 18:48:00,29.56, , , , 
2022-07-10 18:49:00,29.52, , , , 
2022-07-10 18:50:00,29.46, , , , 
2022-07-10 18:51:00,29.44, , , , 
2022-07-10 18:52:00,29.42, , , , 
2022-07-10 18:53:00,29.42, , , , 
2022-07-10 18:54:00,29.45, , , , 
2022-07-10 18:55:00,29.45, , , , 
2022-07-10 18:56:00,29.39, , , , 
2022-07-10 18:57:00,29.38, , , , 
2022-07-10 18:58:00,29.38, , , , 
2022-07-10 18:59:00,29.39, , , , 
2022-07-10 19:00:00,29.45, , , , 
2022-07-10 19:01:00,29.42, , , , 
2022-07-10 19:02:00,29.37, , , , 
2022-07-10 19:03:00,29.36, , , , 
2022-07-10 19:04:00,29.35, , , , 
2022-07-10 19:05:00,29.37, , , , 
2022-07-10 19:06:00,29.42, , , , 
2022-07-10 19:07:00,29.46, , , , 
2022-07-10 19:08:00,29.51, , , , 
2022-07-10 19:09:00,29.58, , , , 
2022-07-10 19:10:00,29.65, , , , 
2022-07-10 19:11:00,29.70, , , , 
2022-07-10 19:12:00,29.77, , , , 
2022-07-10 19:13:00,29.82, , , , 
2022-07-10 19:14:00,29.88, , , , 
2022-07-10 19:15:00,29.92, , , , 
2022-07-10 19:16:00,29.95, , , , 
2022-07-10 19:17:00,29.89, , , , 
2022-07-10 19:18:00,29.78, , , , 
2022-07-10 19:19:00,29.65, , , , 
2022-07-10 19:20:00,29.58, , , , 
2022-07-10 19:21:00,29.52, , , , 
2022-07-10 19:22:00,29.52, , , , 
2022-07-10 19:23:00,29.53, , , , 
2022-07-10 19:24:00,29.48, , , , 
2022-07-10 19:25:00,29.38, , , , 
2022-07-10 19:26:00,29.32, , , , 
2022-07-10 19:27:00,29.31, , , , 
2022-07-10 19:28:00,29.32, , , , 
2022-07-10 19:29:00,29.31, , , , 
2022-07-10 19:30:00,29.32, , , , 
2022-07-10 19:31:00,29.29, , , , 
2022-07-10 19:32:00,29.29, , , , 
2022-07-10 19:33:00,29.29, , , , 
2022-07-10 19:34:00,29.33, , , , 
2022-07-10 19:35:00,29.38, , , , 
2022-07-10 19:36:00,29.45, , , , 
2022-07-10 19:37:00,29.48, , , , 
2022-07-10 19:38:00,29.57, , , , 
2022-07-10 19:39:00,29.63, , , , 
2022-07-10 19:40:00,29.70, , , , 
2022-07-10 19:41:00,29.75, , , , 
2022-07-10 19:42:00,29.80, , , , 
2022-07-10 19:43:00,29.85, , , , 
2022-07-10 19:44:00,29.90, , , , 
2022-07-10 19:45:00,29.92, , , , 
2022-07-10 19:46:00,29.90, , , , 
2022-07-10 19:47:00,29.79, , , , 
2022-07-10 19:48:00,29.65, , , , 
2022-07-10 19:49:00,29.57, , , , 
2022-07-10 19:50:00,29.56, , , , 
2022-07-10 19:51:00,29.51, , , , 
2022-07-10 19:52:00,29.48, , , , 
2022-07-10 19:53:00,29.45, , , , 
2022-07-10 19:54:00,29.37, , , , 
2022-07-10 19:55:00,29.33, , , , 
2022-07-10 19:56:00,29.32, , , , 
2022-07-10 19:57:00,29.36, , , , 
2022-07-10 19:58:00,29.38, , , , 
2022-07-10 19:59:00,29.43, , , , 
2022-07-10 20:00:00,29.49, , , , 
2022-07-10 20:01:00,29.56, , , , 
2022-07-10 20:02:00,29.61, , , , 
2022-07-10 20:03:00,29.67, , , , 
2022-07-10 20:04:00,29.74, , , , 
2022-07-10 20:05:00,29.79, , , , 
2022-07-10 20:06:00,29.87, , , , 
2022-07-10 20:07:00,29.88, , , , 
2022-07-10 20:08:00,29.86, , , , 
2022-07-10 20:09:00,29.77, , , , 
2022-07-10 20:10:00,29.63, , , , 
2022-07-10 20:11:00,29.56, , , , 
2022-07-10 20:12:00,29.51, , , , 
2022-07-10 20:13:00,29.52, , , , 
2022-07-10 20:14:00,29.54, , , , 
2022-07-10 20:15:00,29.50, , , , 
2022-07-10 20:16:00,29.45, , , , 
2022-07-10 20:17:00,29.42, , , , 
2022-07-10 20:18:00,29.39, , , , 
2022-07-10 20:19:00,29.41, , , , 
2022-07-10 20:20:00,29.43, , , , 
2022-07-10 20:21:00,29.53, , , , 
2022-07-10 20:22:00,29.57, , , , 
2022-07-10 20:23:00,29.63, , , , 
2022-07-10 20:24:00,29.70, , , , 
2022-07-10 20:25:00,29.74, , , , 
2022-07-10 20:26:00,29.80, , , , 
2022-07-10 20:27:00,29.85, , , , 
2022-07-10 20:28:00,29.89, , , , 
2022-07-10 20:29:00,29.93, , , , 
2022-07-10 20:30:00,29.95, , , , 
2022-07-10 20:31:00,29.87, , , , 
2022-07-10 20:32:00,29.72, , , , 
2022-07-10 20:33:00,29.59, , , , 
2022-07-10 20:34:00,29.49, , , , 
2022-07-10 20:35:00,29.42, , , , 
2022-07-10 20:36:00,29.39, , , , 
2022-07-10 20:37:00,29.42, , , , 
2022-07-10 20:38:00,29.43, , , , 
2022-07-10 20:39:00,29.43, , , , 
2022-07-10 20:40:00,29.46, , , , 
2022-07-10 20:41:00,29.49, , , , 
2022-07-10 20:42:00,29.53, , , , 
2022-07-10 20:43:00,29.56, , , , 
2022-07-10 20:44:00,29.61, , , , 
2022-07-10 20:45:00,29.62, , , , 
2022-07-10 20:46:00,29.67, , , , 
2022-07-10 20:47:00,29.66, , , , 
2022-07-10 20:48:00,29.59, , , , 
2022-07-10 20:49:00,29.48, , , , 
2022-07-10 20:50:00,29.41, , , , 
2022-07-10 20:51:00,29.35, , , , 
2022-07-10 20:52:00,29.34, , , , 
2022-07-10 20:53:00,29.36, , , , 
2022-07-10 20:54:00,29.33, , , , 
2022-07-10 20:55:00,29.27, , , , 
2022-07-10 20:56:00,29.24, , , , 
2022-07-10 20:57:00,29.23, , , , 
2022-07-10 20:58:00,29.24, , , , 
2022-07-10 20:59:00,29.28, , , , 
2022-07-10 21:00:00,29.30, , , , 
2022-07-10 21:01:00,29.37, , , , 
2022-07-10 21:02:00,29.41, , , , 
2022-07-10 21:03:00,29.47, , , , 
2022-07-10 21:04:00,29.56, , , , 
2022-07-10 21:05:00,29.60, , , , 
2022-07-10 21:06:00,29.67, , , , 
2022-07-10 21:07:00,29.73, , , , 
2022-07-10 21:08:00,29.79, , , , 
2022-07-10 21:09:00,29.78, , , , 
2022-07-10 21:10:00,29.73, , , , 
2022-07-10 21:11:00,29.59, , , , 
2022-07-10 21:12:00,29.49, , , , 
2022-07-10 21:13:00,29.41, , , , 
2022-07-10 21:14:00,29.36, , , , 
2022-07-10 21:15:00,29.34, , , , 
2022-07-10 21:16:00,29.36, , , , 
2022-07-10 21:17:00,29.36, , , , 
2022-07-10 21:18:00,29.38, , , , 
2022-07-10 21:19:00,29.44, , , , 
2022-07-10 21:20:00,29.46, , , , 
2022-07-10 21:21:00,29.48, , , , 
2022-07-10 21:22:00,29.52, , , , 
2022-07-10 21:23:00,29.54, , , , 
2022-07-10 21:24:00,29.58, , , , 
2022-07-10 21:25:00,29.59, , , , 
2022-07-10 21:26:00,29.57, , , , 
2022-07-10 21:27:00,29.48, , , , 
2022-07-10 21:28:00,29.37, , , , 
2022-07-10 21:29:00,29.33, , , , 
2022-07-10 21:30:00,29.28, , , , 
2022-07-10 21:31:00,29.28, , , , 
2022-07-10 21:32:00,29.29, , , , 
2022-07-10 21:33:00,29.32, , , , 
2022-07-10 21:34:00,29.36, , , , 
2022-07-10 21:35:00,29.39, , , , 
2022-07-10 21:36:00,29.42, , , , 
2022-07-10 21:37:00,29.46, , , , 
2022-07-10 21:38:00,29.51, , , , 
2022-07-10 21:39:00,29.51, , , , 
2022-07-10 21:40:00,29.54, , , , 
2022-07-10 21:41:00,29.56, , , , 
2022-07-10 21:42:00,29.57, , , , 
2022-07-10 21:43:00,29.49, , , , 
2022-07-10 21:44:00,29.38, , , , 
2022-07-10 21:45:00,29.28, , , , 
2022-07-10 21:46:00,29.22, , , , 
2022-07-10 21:47:00,29.20, , , , 
2022-07-10 21:48:00,29.20, , , , 
2022-07-10 21:49:00,29.22, , , , 
2022-07-10 21:50:00,29.24, , , , 
2022-07-10 21:51:00,29.27, , , , 
2022-07-10 21:52:00,29.34, , , , 
2022-07-10 21:53:00,29.37, , , , 
2022-07-10 21:54:00,29.41, , , , 
2022-07-10 21:55:00,29.43, , , , 
2022-07-10 21:56:00,29.44, , , , 
2022-07-10 21:57:00,29.44, , , , 
2022-07-10 21:58:00,29.44, , , , 
2022-07-10 21:59:00,29.42, , , , 
2022-07-10 22:00:00,29.31, , , , 
2022-07-10 22:01:00,29.17, , , , 
2022-07-10 22:02:00,29.09, , , , 
2022-07-10 22:03:00,29.07, , , , 
2022-07-10 22:04:00,29.07, , , , 
2022-07-10 22:05:00,29.07, , , , 
2022-07-10 22:06:00,29.08, , , , 
2022-07-10 22:07:00,29.09, , , , 
2022-07-10 22:08:00,29.11, , , , 
2022-07-10 22:09:00,29.07, , , , 
2022-07-10 22:10:00,29.01, , , , 
2022-07-10 22:11:00,28.98, , , , 
2022-07-10 22:12:00,28.90, , , , 
2022-07-10 22:13:00,28.86, , , , 
2022-07-10 22:14:00,28.79, , , , 
2022-07-10 22:15:00,28.73, , , , 
2022-07-10 22:16:00,28.67, , , , 
2022-07-10 22:17:00,28.57, , , , 
2022-07-10 22:18:00,28.52, , , , 
2022-07-10 22:19:00,28.52, , , , 
2022-07-10 22:20:00,28.53, , , , 
2022-07-10 22:21:00,28.54, , , , 
2022-07-10 22:22:00,28.59, , , , 
2022-07-10 22:23:00,28.60, , , , 
2022-07-10 22:24:00,28.63, , , , 
2022-07-10 22:25:00,28.64, , , , 
2022-07-10 22:26:00,28.61, , , , 
2022-07-10 22:27:00,28.59, , , , 
2022-07-10 22:28:00,28.53, , , , 
2022-07-10 22:29:00,28.49, , , , 
2022-07-10 22:30:00,28.45, , , , 
2022-07-10 22:31:00,28.42, , , , 
2022-07-10 22:32:00,28.38, , , , 
2022-07-10 22:33:00,28.31, , , , 
2022-07-10 22:34:00,28.27, , , , 
2022-07-10 22:35:00,28.27, , , , 
2022-07-10 22:36:00,28.29, , , , 
2022-07-10 22:37:00,28.35, , , , 
2022-07-10 22:38:00,28.42, , , , 
2022-07-10 22:39:00,28.48, , , , 
2022-07-10 22:40:00,28.50, , , , 
2022-07-10 22:41:00,28.55, , , , 
2022-07-10 22:42:00,28.55, , , , 
2022-07-10 22:43:00,28.54, , , , 
2022-07-10 22:44:00,28.52, , , , 
2022-07-10 22:45:00,28.48, , , , 
2022-07-10 22:46:00,28.44, , , , 
2022-07-10 22:47:00,28.40, , , , 
2022-07-10 22:48:00,28.40, , , , 
2022-07-10 22:49:00,28.34, , , , 
2022-07-10 22:50:00,28.27, , , , 
2022-07-10 22:51:00,28.23, , , , 
2022-07-10 22:52:00,28.23, , , , 
2022-07-10 22:53:00,28.28, , , , 
2022-07-10 22:54:00,28.34, , , , 
2022-07-10 22:55:00,28.37, , , , 
2022-07-10 22:56:00,28.39, , , , 
2022-07-10 22:57:00,28.44, , , , 
2022-07-10 22:58:00,28.44, , , , 
2022-07-10 22:59:00,28.44, , , , 
2022-07-10 23:00:00,28.42, , , , 
2022-07-10 23:01:00,28.39, , , , 
2022-07-10 23:02:00,28.37, , , , 
2022-07-10 23:03:00,28.31, , , , 
2022-07-10 23:04:00,28.27, , , , 
2022-07-10 23:05:00,28.28, , , , 
2022-07-10 23:06:00,28.25, , , , 
2022-07-10 23:07:00,28.21, , , , 
2022-07-10 23:08:00,28.23, , , , 
2022-07-10 23:09:00,28.25, , , , 
2022-07-10 23:10:00,28.31, , , , 
2022-07-10 23:11:00,28.34, , , , 
2022-07-10 23:12:00,28.41, , , , 
2022-07-10 23:13:00,28.44, , , , 
2022-07-10 23:14:00,28.44, , , , 
2022-07-10 23:15:00,28.42, , , , 
2022-07-10 23:16:00,28.43, , , , 
2022-07-10 23:17:00,28.39, , , , 
2022-07-10 23:18:00,28.33, , , , 
2022-07-10 23:19:00,28.32, , , , 
2022-07-10 23:20:00,28.28, , , , 
2022-07-10 23:21:00,28.29, , , , 
2022-07-10 23:22:00,28.28, , , , 
2022-07-10 23:23:00,28.18, , , , 
2022-07-10 23:24:00,28.17, , , , 
2022-07-10 23:25:00,28.14, , , , 
2022-07-10 23:26:00,28.16, , , , 
2022-07-10 23:27:00,28.25, , , , 
2022-07-10 23:28:00,28.31, , , , 
2022-07-10 23:29:00,28.35, , , , 
2022-07-10 23:30:00,28.34, , , , 
2022-07-10 23:31:00,28.37, , , , 
2022-07-10 23:32:00,28.37, , , , 
2022-07-10 23:33:00,28.34, , , , 
2022-07-10 23:34:00,28.34, , , , 
2022-07-10 23:35:00,28.31, , , , 
2022-07-10 23:36:00,28.29, , , , 
2022-07-10 23:37:00,28.28, , , , 
2022-07-10 23:38:00,28.26, , , , 
2022-07-10 23:39:00,28.23, , , , 
2022-07-10 23:40:00,28.19, , , , 
2022-07-10 23:41:00,28.17, , , , 
2022-07-10 23:42:00,28.21, , , , 
2022-07-10 23:43:00,28.27, , , , 
2022-07-10 23:44:00,28.31, , , , 
2022-07-10 23:45:00,28.41, , , , 
2022-07-10 23:46:00,28.46, , , , 
2022-07-10 23:47:00,28.52, , , , 
2022-07-10 23:48:00,28.54, , , , 
2022-07-10 23:49:00,28.54, , , , 
2022-07-10 23:50:00,28.52, , , , 
2022-07-10 23:51:00,28.47, , , , 
2022-07-10 23:52:00,28.44, , , , 
2022-07-10 23:53:00,28.42, , , , 
2022-07-10 23:54:00,28.38, , , , 
2022-07-10 23:55:00,28.38, , , , 
2022-07-10 23:56:00,28.33, , , , 
2022-07-10 23:57:00,28.27, , , , 
2022-07-10 23:58:00,28.25, , , , 
2022-07-10 23:59:00,28.29, , , , 
2022-07-11 00:00:00,28.33, , , , 
2022-07-11 00:01:00,28.40, , , , 
2022-07-11 00:02:00,28.44, , , , 
2022-07-11 00:03:00,28.45, , , , 
2022-07-11 00:04:00,28.47, , , , 
2022-07-11 00:05:00,28.45, , , , 
2022-07-11 00:06:00,28.44, , , , 
2022-07-11 00:07:00,28.40, , , , 
2022-07-11 00:08:00,28.33, , , , 
2022-07-11 00:09:00,28.31, , , , 
2022-07-11 00:10:00,28.29, , , , 
2022-07-11 00:11:00,28.26, , , , 
2022-07-11 00:12:00,28.27, , , , 
2022-07-11 00:13:00,28.24, , , , 
2022-07-11 00:14:00,28.20, , , , 
2022-07-11 00:15:00,28.23, , , , 
2022-07-11 00:16:00,28.24, , , , 
2022-07-11 00:17:00,28.28, , , , 
2022-07-11 00:18:00,28.37, , , , 
2022-07-11 00:19:00,28.40, , , , 
2022-07-11 00:20:00,28.42, , , , 
2022-07-11 00:21:00,28.42, , , , 
2022-07-11 00:22:00,28.42, , , , 
2022-07-11 00:23:00,28.38, , , , 
2022-07-11 00:24:00,28.38, , , , 
2022-07-11 00:25:00,28.37, , , , 
2022-07-11 00:26:00,28.34, , , , 
2022-07-11 00:27:00,28.31, , , , 
2022-07-11 00:28:00,28.33, , , , 
2022-07-11 00:29:00,28.33, , , , 
2022-07-11 00:30:00,28.28, , , , 
2022-07-11 00:31:00,28.23, , , , 
2022-07-11 00:32:00,28.21, , , , 
2022-07-11 00:33:00,28.25, , , , 
2022-07-11 00:34:00,28.31, , , , 
2022-07-11 00:35:00,28.34, , , , 
2022-07-11 00:36:00,28.35, , , , 
2022-07-11 00:37:00,28.37, , , , 
2022-07-11 00:38:00,28.37, , , , 
2022-07-11 00:39:00,28.33, , , , 
2022-07-11 00:40:00,28.33, , , , 
2022-07-11 00:41:00,28.31, , , , 
2022-07-11 00:42:00,28.29, , , , 
2022-07-11 00:43:00,28.24, , , , 
2022-07-11 00:44:00,28.25, , , , 
2022-07-11 00:45:00,28.25, , , , 
2022-07-11 00:46:00,28.27, , , , 
2022-07-11 00:47:00,28.28, , , , 
2022-07-11 00:48:00,28.27, , , , 
2022-07-11 00:49:00,28.26, , , , 
2022-07-11 00:50:00,28.21, , , , 
2022-07-11 00:51:00,28.18, , , , 
2022-07-11 00:52:00,28.16, , , , 
2022-07-11 00:53:00,28.15, , , , 
2022-07-11 00:54:00,28.13, , , , 
2022-07-11 00:55:00,28.14, , , , 
2022-07-11 00:56:00,28.16, , , , 
2022-07-11 00:57:00,28.18, , , , 
2022-07-11 00:58:00,28.18, , , , 
2022-07-11 00:59:00,28.16, , , , 
2022-07-11 01:00:00,28.18, , , , 
2022-07-11 01:01:00,28.26, , , , 
2022-07-11 01:02:00,28.34, , , , 
2022-07-11 01:03:00,28.43, , , , 
2022-07-11 01:04:00,28.47, , , , 
2022-07-11 01:05:00,28.50, , , , 
2022-07-11 01:06:00,28.49, , , , 
2022-07-11 01:07:00,28.47, , , , 
2022-07-11 01:08:00,28.45, , , , 
2022-07-11 01:09:00,28.42, , , , 
2022-07-11 01:10:00,28.40, , , , 
2022-07-11 01:11:00,28.37, , , , 
2022-07-11 01:12:00,28.38, , , , 
2022-07-11 01:13:00,28.39, , , , 
2022-07-11 01:14:00,28.38, , , , 
2022-07-11 01:15:00,28.35, , , , 
2022-07-11 01:16:00,28.34, , , , 
2022-07-11 01:17:00,28.37, , , , 
2022-07-11 01:18:00,28.42, , , , 
2022-07-11 01:19:00,28.49, , , , 
2022-07-11 01:20:00,28.55, , , , 
2022-07-11 01:21:00,28.61, , , , 
2022-07-11 01:22:00,28.64, , , , 
2022-07-11 01:23:00,28.64, , , , 
2022-07-11 01:24:00,28.62, , , , 
2022-07-11 01:25:00,28.61, , , , 
2022-07-11 01:26:00,28.60, , , , 
2022-07-11 01:27:00,28.56, , , , 
2022-07-11 01:28:00,28.55, , , , 
2022-07-11 01:29:00,28.56, , , , 
2022-07-11 01:30:00,28.55, , , , 
2022-07-11 01:31:00,28.56, , , , 
2022-07-11 01:32:00,28.57, , , , 
2022-07-11 01:33:00,28.54, , , , 
2022-07-11 01:34:00,28.52, , , , 
2022-07-11 01:35:00,28.49, , , , 
2022-07-11 01:36:00,28.45, , , , 
2022-07-11 01:37:00,28.44, , , , 
2022-07-11 01:38:00,28.42, , , , 
2022-07-11 01:39:00,28.41, , , , 
2022-07-11 01:40:00,28.40, , , , 
2022-07-11 01:41:00,28.41, , , , 
2022-07-11 01:42:00,28.39, , , , 
2022-07-11 01:43:00,28.32, , , , 
2022-07-11 01:44:00,28.32, , , , 
2022-07-11 01:45:00,28.37, , , , 
2022-07-11 01:46:00,28.43, , , , 
2022-07-11 01:47:00,28.48, , , , 
2022-07-11 01:48:00,28.54, , , , 
2022-07-11 01:49:00,28.61, , , , 
2022-07-11 01:50:00,28.61, , , , 
2022-07-11 01:51:00,28.60, , , , 
2022-07-11 01:52:00,28.60, , , , 
2022-07-11 01:53:00,28.59, , , , 
2022-07-11 01:54:00,28.58, , , , 
2022-07-11 01:55:00,28.54, , , , 
2022-07-11 01:56:00,28.55, , , , 
2022-07-11 01:57:00,28.50, , , , 
2022-07-11 01:58:00,28.52, , , , 
2022-07-11 01:59:00,28.53, , , , 
2022-07-11 02:00:00,28.52, , , , 
2022-07-11 02:01:00,28.54, , , , 
2022-07-11 02:02:00,28.48, , , , 
2022-07-11 02:03:00,28.50, , , , 
2022-07-11 02:04:00,28.45, , , , 
2022-07-11 02:05:00,28.45, , , , 
2022-07-11 02:06:00,28.46, , , , 
2022-07-11 02:07:00,28.43, , , , 
2022-07-11 02:08:00,28.45, , , , 
2022-07-11 02:09:00,28.44, , , , 
2022-07-11 02:10:00,28.43, , , , 
2022-07-11 02:11:00,28.38, , , , 
2022-07-11 02:12:00,28.37, , , , 
2022-07-11 02:13:00,28.42, , , , 
2022-07-11 02:14:00,28.48, , , , 
2022-07-11 02:15:00,28.56, , , , 
2022-07-11 02:16:00,28.63, , , , 
2022-07-11 02:17:00,28.69, , , , 
2022-07-11 02:18:00,28.72, , , , 
2022-07-11 02:19:00,28.71, , , , 
2022-07-11 02:20:00,28.72, , , , 
2022-07-11 02:21:00,28.72, , , , 
2022-07-11 02:22:00,28.71, , , , 
2022-07-11 02:23:00,28.69, , , , 
2022-07-11 02:24:00,28.64, , , , 
2022-07-11 02:25:00,28.65, , , , 
2022-07-11 02:26:00,28.64, , , , 
2022-07-11 02:27:00,28.64, , , , 
2022-07-11 02:28:00,28.62, , , , 
2022-07-11 02:29:00,28.58, , , , 
2022-07-11 02:30:00,28.55, , , , 
2022-07-11 02:31:00,28.53, , , , 
2022-07-11 02:32:00,28.53, , , , 
2022-07-11 02:33:00,28.47, , , , 
2022-07-11 02:34:00,28.46, , , , 
2022-07-11 02:35:00,28.43, , , , 
2022-07-11 02:36:00,28.44, , , , 
2022-07-11 02:37:00,28.44, , , , 
2022-07-11 02:38:00,28.40, , , , 
2022-07-11 02:39:00,28.39, , , , 
2022-07-11 02:40:00,28.41, , , , 
2022-07-11 02:41:00,28.46, , , , 
2022-07-11 02:42:00,28.54, , , , 
2022-07-11 02:43:00,28.60, , , , 
2022-07-11 02:44:00,28.64, , , , 
2022-07-11 02:45:00,28.68, , , , 
2022-07-11 02:46:00,28.68, , , , 
2022-07-11 02:47:00,28.69, , , , 
2022-07-11 02:48:00,28.69, , , , 
2022-07-11 02:49:00,28.67, , , , 
2022-07-11 02:50:00,28.67, , , , 
2022-07-11 02:51:00,28.62, , , , 
2022-07-11 02:52:00,28.63, , , , 
2022-07-11 02:53:00,28.64, , , , 
2022-07-11 02:54:00,28.63, , , , 
2022-07-11 02:55:00,28.63, , , , 
2022-07-11 02:56:00,28.64, , , , 
2022-07-11 02:57:00,28.63, , , , 
2022-07-11 02:58:00,28.60, , , , 
2022-07-11 02:59:00,28.59, , , , 
2022-07-11 03:00:00,28.56, , , , 
2022-07-11 03:01:00,28.53, , , , 
2022-07-11 03:02:00,28.50, , , , 
2022-07-11 03:03:00,28.47, , , , 
2022-07-11 03:04:00,28.48, , , , 
2022-07-11 03:05:00,28.46, , , , 
2022-07-11 03:06:00,28.43, , , , 
2022-07-11 03:07:00,28.40, , , , 
2022-07-11 03:08:00,28.42, , , , 
2022-07-11 03:09:00,28.48, , , , 
2022-07-11 03:10:00,28.54, , , , 
2022-07-11 03:11:00,28.59, , , , 
2022-07-11 03:12:00,28.63, , , , 
2022-07-11 03:13:00,28.67, , , , 
2022-07-11 03:14:00,28.69, , , , 
2022-07-11 03:15:00,28.70, , , , 
2022-07-11 03:16:00,28.72, , , , 
2022-07-11 03:17:00,28.72, , , , 
2022-07-11 03:18:00,28.70, , , , 
2022-07-11 03:19:00,28.72, , , , 
2022-07-11 03:20:00,28.73, , , , 
2022-07-11 03:21:00,28.73, , , , 
2022-07-11 03:22:00,28.73, , , , 
2022-07-11 03:23:00,28.73, , , , 
2022-07-11 03:24:00,28.74, , , , 
2022-07-11 03:25:00,28.71, , , , 
2022-07-11 03:26:00,28.69, , , , 
2022-07-11 03:27:00,28.69, , , , 
2022-07-11 03:28:00,28.63, , , , 
2022-07-11 03:29:00,28.61, , , , 
2022-07-11 03:30:00,28.57, , , , 
2022-07-11 03:31:00,28.57, , , , 
2022-07-11 03:32:00,28.56, , , , 
2022-07-11 03:33:00,28.52, , , , 
2022-07-11 03:34:00,28.47, , , , 
2022-07-11 03:35:00,28.43, , , , 
2022-07-11 03:36:00,28.45, , , , 
2022-07-11 03:37:00,28.52, , , , 
2022-07-11 03:38:00,28.57, , , , 
2022-07-11 03:39:00,28.63, , , , 
2022-07-11 03:40:00,28.67, , , , 
2022-07-11 03:41:00,28.69, , , , 
2022-07-11 03:42:00,28.69, , , , 
2022-07-11 03:43:00,28.70, , , , 
2022-07-11 03:44:00,28.71, , , , 
2022-07-11 03:45:00,28.70, , , , 
2022-07-11 03:46:00,28.69, , , , 
2022-07-11 03:47:00,28.65, , , , 
2022-07-11 03:48:00,28.63, , , , 
2022-07-11 03:49:00,28.65, , , , 
2022-07-11 03:50:00,28.68, , , , 
2022-07-11 03:51:00,28.68, , , , 
2022-07-11 03:52:00,28.70, , , , 
2022-07-11 03:53:00,28.71, , , , 
2022-07-11 03:54:00,28.67, , , , 
2022-07-11 03:55:00,28.65, , , , 
2022-07-11 03:56:00,28.64, , , , 
2022-07-11 03:57:00,28.61, , , , 
2022-07-11 03:58:00,28.57, , , , 
2022-07-11 03:59:00,28.54, , , , 
2022-07-11 04:00:00,28.55, , , , 
2022-07-11 04:01:00,28.60, , , , 
2022-07-11 04:02:00,28.65, , , , 
2022-07-11 04:03:00,28.70, , , , 
2022-07-11 04:04:00,28.77, , , , 
2022-07-11 04:05:00,28.86, , , , 
2022-07-11 04:06:00,28.92, , , , 
2022-07-11 04:07:00,28.99, , , , 
2022-07-11 04:08:00,29.06, , , , 
2022-07-11 04:09:00,29.16, , , , 
2022-07-11 04:10:00,29.21, , , , 
2022-07-11 04:11:00,29.28, , , , 
2022-07-11 04:12:00,29.33, , , , 
2022-07-11 04:13:00,29.41, , , , 
2022-07-11 04:14:00,29.42, , , , 
2022-07-11 04:15:00,29.43, , , , 
2022-07-11 04:16:00,29.44, , , , 
2022-07-11 04:17:00,29.46, , , , 
2022-07-11 04:18:00,29.46, , , , 
2022-07-11 04:19:00,29.44, , , , 
2022-07-11 04:20:00,29.44, , , , 
2022-07-11 04:21:00,29.44, , , , 
2022-07-11 04:22:00,29.44, , , , 
2022-07-11 04:23:00,29.39, , , , 
2022-07-11 04:24:00,29.36, , , , 
2022-07-11 04:25:00,29.32, , , , 
2022-07-11 04:26:00,29.27, , , , 
2022-07-11 04:27:00,29.22, , , , 
2022-07-11 04:28:00,29.21, , , , 
2022-07-11 04:29:00,29.19, , , , 
2022-07-11 04:30:00,29.16, , , , 
2022-07-11 04:31:00,29.14, , , , 
2022-07-11 04:32:00,29.08, , , , 
2022-07-11 04:33:00,29.06, , , , 
2022-07-11 04:34:00,29.03, , , , 
2022-07-11 04:35:00,28.98, , , , 
2022-07-11 04:36:00,28.92, , , , 
2022-07-11 04:37:00,28.87, , , , 
2022-07-11 04:38:00,28.79, , , , 
2022-07-11 04:39:00,28.76, , , , 
2022-07-11 04:40:00,28.73, , , , 
2022-07-11 04:41:00,28.70, , , , 
2022-07-11 04:42:00,28.64, , , , 
2022-07-11 04:43:00,28.61, , , , 
2022-07-11 04:44:00,28.60, , , , 
2022-07-11 04:45:00,28.58, , , , 
2022-07-11 04:46:00,28.56, , , , 
2022-07-11 04:47:00,28.54, , , , 
2022-07-11 04:48:00,28.54, , , , 
2022-07-11 04:49:00,28.54, , , , 
2022-07-11 04:50:00,28.48, , , , 
2022-07-11 04:51:00,28.47, , , , 
2022-07-11 04:52:00,28.44, , , , 
2022-07-11 04:53:00,28.47, , , , 
2022-07-11 04:54:00,28.44, , , , 
2022-07-11 04:55:00,28.41, , , , 
2022-07-11 04:56:00,28.42, , , , 
2022-07-11 04:57:00,28.39, , , , 
2022-07-11 04:58:00,28.40, , , , 
2022-07-11 04:59:00,28.40, , , , 
2022-07-11 05:00:00,28.41, , , , 
2022-07-11 05:01:00,28.39, , , , 
2022-07-11 05:02:00,28.37, , , , 
2022-07-11 05:03:00,28.37, , , , 
2022-07-11 05:04:00,28.35, , , , 
2022-07-11 05:05:00,28.37, , , , 
2022-07-11 05:06:00,28.37, , , , 
2022-07-11 05:07:00,28.39, , , , 
2022-07-11 05:08:00,28.38, , , , 
2022-07-11 05:09:00,28.39, , , , 
2022-07-11 05:10:00,28.35, , , , 
2022-07-11 05:11:00,28.39, , , , 
2022-07-11 05:12:00,28.37, , , , 
2022-07-11 05:13:00,28.37, , , , 
2022-07-11 05:14:00,28.35, , , , 
2022-07-11 05:15:00,28.35, , , , 
2022-07-11 05:16:00,28.40, , , , 
2022-07-11 05:17:00,28.40, , , , 
2022-07-11 05:18:00,28.40, , , , 
2022-07-11 05:19:00,28.40, , , , 
2022-07-11 05:20:00,28.39, , , , 
2022-07-11 05:21:00,28.41, , , , 
2022-07-11 05:22:00,28.42, , , , 
2022-07-11 05:23:00,28.43, , , , 
2022-07-11 05:24:00,28.42, , , , 
2022-07-11 05:25:00,28.44, , , , 
2022-07-11 05:26:00,28.45, , , , 
2022-07-11 05:27:00,28.45, , , , 
2022-07-11 05:28:00,28.47, , , , 
2022-07-11 05:29:00,28.46, , , , 
2022-07-11 05:30:00,28.47, , , , 
2022-07-11 05:31:00,28.49, , , , 
2022-07-11 05:32:00,28.50, , , , 
2022-07-11 05:33:00,28.52, , , , 
2022-07-11 05:34:00,28.54, , , , 
2022-07-11 05:35:00,28.53, , , , 
2022-07-11 05:36:00,28.53, , , , 
2022-07-11 05:37:00,28.52, , , , 
2022-07-11 05:38:00,28.56, , , , 
2022-07-11 05:39:00,28.57, , , , 
2022-07-11 05:40:00,28.57, , , , 
2022-07-11 05:41:00,28.58, , , , 
2022-07-11 05:42:00,28.59, , , , 
2022-07-11 05:43:00,28.59, , , , 
2022-07-11 05:44:00,28.57, , , , 
2022-07-11 05:45:00,28.60, , , , 
2022-07-11 05:46:00,28.61, , , , 
2022-07-11 05:47:00,28.63, , , , 
2022-07-11 05:48:00,28.60, , , , 
2022-07-11 05:49:00,28.64, , , , 
2022-07-11 05:50:00,28.64, , , , 
2022-07-11 05:51:00,28.63, , , , 
2022-07-11 05:52:00,28.67, , , , 
2022-07-11 05:53:00,28.65, , , , 
2022-07-11 05:54:00,28.68, , , , 
2022-07-11 05:55:00,28.68, , , , 
2022-07-11 05:56:00,28.69, , , , 
2022-07-11 05:57:00,28.70, , , , 
2022-07-11 05:58:00,28.71, , , , 
2022-07-11 05:59:00,28.72, , , , 
2022-07-11 06:00:00,28.74, , , , 
2022-07-11 06:01:00,28.74, , , , 
2022-07-11 06:02:00,28.76, , , , 
2022-07-11 06:03:00,28.75, , , , 
2022-07-11 06:04:00,28.76, , , , 
2022-07-11 06:05:00,28.76, , , , 
2022-07-11 06:06:00,28.76, , , , 
2022-07-11 06:07:00,28.78, , , , 
2022-07-11 06:08:00,28.77, , , , 
2022-07-11 06:09:00,28.78, , , , 
2022-07-11 06:10:00,28.80, , , , 
2022-07-11 06:11:00,28.82, , , , 
2022-07-11 06:12:00,28.83, , , , 
2022-07-11 06:13:00,28.80, , , , 
2022-07-11 06:14:00,28.84, , , , 
2022-07-11 06:15:00,28.83, , , , 
2022-07-11 06:16:00,28.83, , , , 
2022-07-11 06:17:00,28.84, , , , 
2022-07-11 06:18:00,28.84, , , , 
2022-07-11 06:19:00,28.84, , , , 
2022-07-11 06:20:00,28.85, , , , 
2022-07-11 06:21:00,28.86, , , , 
2022-07-11 06:22:00,28.86, , , , 
2022-07-11 06:23:00,28.88, , , , 
2022-07-11 06:24:00,28.87, , , , 
2022-07-11 06:25:00,28.89, , , , 
2022-07-11 06:26:00,28.89, , , , 
2022-07-11 06:27:00,28.91, , , , 
2022-07-11 06:28:00,28.89, , , , 
2022-07-11 06:29:00,28.91, , , , 
2022-07-11 06:30:00,28.92, , , , 
2022-07-11 06:31:00,28.94, , , , 
2022-07-11 06:32:00,28.94, , , , 
2022-07-11 06:33:00,28.93, , , , 
2022-07-11 06:34:00,28.95, , , , 
2022-07-11 06:35:00,28.97, , , , 
2022-07-11 06:36:00,28.98, , , , 
2022-07-11 06:37:00,28.98, , , , 
2022-07-11 06:38:00,28.99, , , , 
2022-07-11 06:39:00,28.98, , , , 
2022-07-11 06:40:00,28.99, , , , 
2022-07-11 06:41:00,29.01, , , , 
2022-07-11 06:42:00,29.03, , , , 
2022-07-11 06:43:00,29.00, , , , 
2022-07-11 06:44:00,29.02, , , , 
2022-07-11 06:45:00,29.02, , , , 
2022-07-11 06:46:00,29.01, , , , 
2022-07-11 06:47:00,29.02, , , , 
2022-07-11 06:48:00,29.05, , , , 
2022-07-11 06:49:00,29.03, , , , 
2022-07-11 06:50:00,29.04, , , , 
2022-07-11 06:51:00,29.03, , , , 
2022-07-11 06:52:00,29.06, , , , 
2022-07-11 06:53:00,29.05, , , , 
2022-07-11 06:54:00,29.08, , , , 
2022-07-11 06:55:00,29.07, , , , 
2022-07-11 06:56:00,29.08, , , , 
2022-07-11 06:57:00,29.11, , , , 
2022-07-11 06:58:00,29.12, , , , 
2022-07-11 06:59:00,29.13, , , , 
2022-07-11 07:00:00,29.17, , , , 
2022-07-11 07:01:00,29.21, , , , 
2022-07-11 07:02:00,29.29, , , , 
2022-07-11 07:03:00,29.36, , , , 
2022-07-11 07:04:00,29.43, , , , 
2022-07-11 07:05:00,29.47, , , , 
2022-07-11 07:06:00,29.51, , , , 
2022-07-11 07:07:00,29.54, , , , 
2022-07-11 07:08:00,29.58, , , , 
2022-07-11 07:09:00,29.62, , , , 
2022-07-11 07:10:00,29.68, , , , 
2022-07-11 07:11:00,29.76, , , , 
2022-07-11 07:12:00,29.85, , , , 
2022-07-11 07:13:00,29.95, , , , 
2022-07-11 07:14:00,30.07, , , , 
2022-07-11 07:15:00,30.15, , , , 
2022-07-11 07:16:00,30.24, , , , 
2022-07-11 07:17:00,30.31, , , , 
2022-07-11 07:18:00,30.34, , , , 
2022-07-11 07:19:00,30.35, , , , 
2022-07-11 07:20:00,30.36, , , , 
2022-07-11 07:21:00,30.37, , , , 
2022-07-11 07:22:00,30.40, , , , 
2022-07-11 07:23:00,30.41, , , , 
2022-07-11 07:24:00,30.44, , , , 
2022-07-11 07:25:00,30.40, , , , 
2022-07-11 07:26:00,30.41, , , , 
2022-07-11 07:27:00,30.46, , , , 
2022-07-11 07:28:00,30.48, , , , 
2022-07-11 07:29:00,30.52, , , , 
2022-07-11 07:30:00,30.56, , , , 
2022-07-11 07:31:00,30.61, , , , 
2022-07-11 07:32:00,30.64, , , , 
2022-07-11 07:33:00,30.70, , , , 
2022-07-11 07:34:00,30.75, , , , 
2022-07-11 07:35:00,30.79, , , , 
2022-07-11 07:36:00,30.79, , , , 
2022-07-11 07:37:00,30.77, , , , 
2022-07-11 07:38:00,30.75, , , , 
2022-07-11 07:39:00,30.76, , , , 
2022-07-11 07:40:00,30.74, , , , 
2022-07-11 07:41:00,30.74, , , , 
2022-07-11 07:42:00,30.71, , , , 
2022-07-11 07:43:00,30.70, , , , 
2022-07-11 07:44:00,30.67, , , , 
2022-07-11 07:45:00,30.63, , , , 
2022-07-11 07:46:00,30.61, , , , 
2022-07-11 07:47:00,30.57, , , , 
2022-07-11 07:48:00,30.54, , , , 
2022-07-11 07:49:00,30.54, , , , 
2022-07-11 07:50:00,30.52, , , , 
2022-07-11 07:51:00,30.45, , , , 
2022-07-11 07:52:00,30.30, , , , 
2022-07-11 07:53:00,30.18, , , , 
2022-07-11 07:54:00,30.07, , , , 
2022-07-11 07:55:00,30.06, , , , 
2022-07-11 07:56:00,30.08, , , , 
2022-07-11 07:57:00,30.09, , , , 
2022-07-11 07:58:00,30.11, , , , 
2022-07-11 07:59:00,30.11, , , , 
2022-07-11 08:00:00,30.15, , , , 
2022-07-11 08:01:00,30.15, , , , 
2022-07-11 08:02:00,30.16, , , , 
2022-07-11 08:03:00,30.18, , , , 
2022-07-11 08:04:00,30.19, , , , 
2022-07-11 08:05:00,30.20, , , , 
2022-07-11 08:06:00,30.21, , , , 
2022-07-11 08:07:00,30.22, , , , 
2022-07-11 08:08:00,30.22, , , , 
2022-07-11 08:09:00,30.23, , , , 
2022-07-11 08:10:00,30.22, , , , 
2022-07-11 08:11:00,30.21, , , , 
2022-07-11 08:12:00,30.19, , , , 
2022-07-11 08:13:00,30.21, , , , 
2022-07-11 08:14:00,30.20, , , , 
2022-07-11 08:15:00,30.20, , , , 
2022-07-11 08:16:00,30.20, , , , 
2022-07-11 08:17:00,30.22, , , , 
2022-07-11 08:18:00,30.22, , , , 
2022-07-11 08:19:00,30.16, , , , 
2022-07-11 08:20:00,30.07, , , , 
2022-07-11 08:21:00,29.95, , , , 
2022-07-11 08:22:00,29.90, , , , 
2022-07-11 08:23:00,29.89, , , , 
2022-07-11 08:24:00,29.91, , , , 
2022-07-11 08:25:00,29.92, , , , 
2022-07-11 08:26:00,29.92, , , , 
2022-07-11 08:27:00,29.97, , , , 
2022-07-11 08:28:00,30.01, , , , 
2022-07-11 08:29:00,30.01, , , , 
2022-07-11 08:30:00,30.01, , , , 
2022-07-11 08:31:00,30.05, , , , 
2022-07-11 08:32:00,30.05, , , , 
2022-07-11 08:33:00,30.03, , , , 
2022-07-11 08:34:00,30.07, , , , 
2022-07-11 08:35:00,30.08, , , , 
2022-07-11 08:36:00,30.10, , , , 
2022-07-11 08:37:00,30.09, , , , 
2022-07-11 08:38:00,30.12, , , , 
2022-07-11 08:39:00,30.12, , , , 
2022-07-11 08:40:00,30.18, , , , 
2022-07-11 08:41:00,30.21, , , , 
2022-07-11 08:42:00,30.25, , , , 
2022-07-11 08:43:00,30.28, , , , 
2022-07-11 08:44:00,30.30, , , , 
2022-07-11 08:45:00,30.30, , , , 
2022-07-11 08:46:00,30.31, , , , 
2022-07-11 08:47:00,30.31, , , , 
2022-07-11 08:48:00,30.30, , , , 
2022-07-11 08:49:00,30.27, , , , 
2022-07-11 08:50:00,30.26, , , , 
2022-07-11 08:51:00,30.22, , , , 
2022-07-11 08:52:00,30.23, , , , 
2022-07-11 08:53:00,30.17, , , , 
2022-07-11 08:54:00,30.06, , , , 
2022-07-11 08:55:00,29.95, , , , 
2022-07-11 08:56:00,29.91, , , , 
2022-07-11 08:57:00,29.90, , , , 
2022-07-11 08:58:00,29.91, , , , 
2022-07-11 08:59:00,29.93, , , , 
2022-07-11 09:00:00,29.94, , , , 
2022-07-11 09:01:00,29.96, , , , 
2022-07-11 09:02:00,29.97, , , , 
2022-07-11 09:03:00,30.01, , , , 
2022-07-11 09:04:00,30.03, , , , 
2022-07-11 09:05:00,30.03, , , , 
2022-07-11 09:06:00,30.05, , , , 
2022-07-11 09:07:00,30.02, , , , 
2022-07-11 09:08:00,30.05, , , , 
2022-07-11 09:09:00,30.03, , , , 
2022-07-11 09:10:00,29.95, , , , 
2022-07-11 09:11:00,29.87, , , , 
2022-07-11 09:12:00,29.78, , , , 
2022-07-11 09:13:00,29.72, , , , 
2022-07-11 09:14:00,29.70, , , , 
2022-07-11 09:15:00,29.71, , , , 
2022-07-11 09:16:00,29.74, , , , 
2022-07-11 09:17:00,29.78, , , , 
2022-07-11 09:18:00,29.83, , , , 
2022-07-11 09:19:00,29.89, , , , 
2022-07-11 09:20:00,29.95, , , , 
2022-07-11 09:21:00,30.03, , , , 
2022-07-11 09:22:00,30.08, , , , 
2022-07-11 09:23:00,30.09, , , , 
2022-07-11 09:24:00,30.16, , , , 
2022-07-11 09:25:00,30.20, , , , 
2022-07-11 09:26:00,30.24, , , , 
2022-07-11 09:27:00,30.27, , , , 
2022-07-11 09:28:00,30.33, , , , 
2022-07-11 09:29:00,30.37, , , , 
2022-07-11 09:30:00,30.40, , , , 
2022-07-11 09:31:00,30.45, , , , 
2022-07-11 09:32:00,30.47, , , , 
2022-07-11 09:33:00,30.48, , , , 
2022-07-11 09:34:00,30.49, , , , 
2022-07-11 09:35:00,30.48, , , , 
2022-07-11 09:36:00,30.49, , , , 
2022-07-11 09:37:00,30.51, , , , 
2022-07-11 09:38:00,30.48, , , , 
2022-07-11 09:39:00,30.46, , , , 
2022-07-11 09:40:00,30.41, , , , 
2022-07-11 09:41:00,30.40, , , , 
2022-07-11 09:42:00,30.37, , , , 
2022-07-11 09:43:00,30.40, , , , 
2022-07-11 09:44:00,30.41, , , , 
2022-07-11 09:45:00,30.42, , , , 
2022-07-11 09:46:00,30.41, , , , 
2022-07-11 09:47:00,30.40, , , , 
2022-07-11 09:48:00,30.42, , , , 
2022-07-11 09:49:00,30.41, , , , 
2022-07-11 09:50:00,30.42, , , , 
2022-07-11 09:51:00,30.44, , , , 
2022-07-11 09:52:00,30.44, , , , 
2022-07-11 09:53:00,30.47, , , , 
2022-07-11 09:54:00,30.47, , , , 
2022-07-11 09:55:00,30.47, , , , 
2022-07-11 09:56:00,30.49, , , , 
2022-07-11 09:57:00,30.47, , , , 
2022-07-11 09:58:00,30.49, , , , 
2022-07-11 09:59:00,30.50, , , , 
2022-07-11 10:00:00,30.50, , , , 
2022-07-11 10:01:00,30.46, , , , 
2022-07-11 10:02:00,30.42, , , , 
2022-07-11 10:03:00,30.39, , , , 
2022-07-11 10:04:00,30.35, , , , 
2022-07-11 10:05:00,30.35, , , , 
2022-07-11 10:06:00,30.37, , , , 
2022-07-11 10:07:00,30.38, , , , 
2022-07-11 10:08:00,30.38, , , , 
2022-07-11 10:09:00,30.38, , , , 
2022-07-11 10:10:00,30.37, , , , 
2022-07-11 10:11:00,30.38, , , , 
2022-07-11 10:12:00,30.41, , , , 
2022-07-11 10:13:00,30.40, , , , 
2022-07-11 10:14:00,30.44, , , , 
2022-07-11 10:15:00,30.40, , , , 
2022-07-11 10:16:00,30.44, , , , 
2022-07-11 10:17:00,30.42, , , , 
2022-07-11 10:18:00,30.45, , , , 
2022-07-11 10:19:00,30.40, , , , 
2022-07-11 10:20:00,30.41, , , , 
2022-07-11 10:21:00,30.40, , , , 
2022-07-11 10:22:00,30.40, , , , 
2022-07-11 10:23:00,30.41, , , , 
2022-07-11 10:24:00,30.38, , , , 
2022-07-11 10:25:00,30.35, , , , 
2022-07-11 10:26:00,30.33, , , , 
2022-07-11 10:27:00,30.33, , , , 
2022-07-11 10:28:00,30.34, , , , 
2022-07-11 10:29:00,30.30, , , , 
2022-07-11 10:30:00,30.30, , , , 
2022-07-11 10:31:00,30.24, , , , 
2022-07-11 10:32:00,30.21, , , , 
2022-07-11 10:33:00,30.21, , , , 
2022-07-11 10:34:00,30.22, , , , 
2022-07-11 10:35:00,30.25, , , , 
2022-07-11 10:36:00,30.23, , , , 
2022-07-11 10:37:00,30.22, , , , 
2022-07-11 10:38:00,30.24, , , , 
2022-07-11 10:39:00,30.21, , , , 
2022-07-11 10:40:00,30.21, , , , 
2022-07-11 10:41:00,30.23, , , , 
2022-07-11 10:42:00,30.23, , , , 
2022-07-11 10:43:00,30.24, , , , 
2022-07-11 10:44:00,30.24, , , , 
2022-07-11 10:45:00,30.26, , , , 
2022-07-11 10:46:00,30.27, , , , 
2022-07-11 10:47:00,30.30, , , , 
2022-07-11 10:48:00,30.31, , , , 
2022-07-11 10:49:00,30.30, , , , 
2022-07-11 10:50:00,30.27, , , , 
2022-07-11 10:51:00,30.32, , , , 
2022-07-11 10:52:00,30.27, , , , 
2022-07-11 10:53:00,30.27, , , , 
2022-07-11 10:54:00,30.24, , , , 
2022-07-11 10:55:00,30.20, , , , 
2022-07-11 10:56:00,30.21, , , , 
2022-07-11 10:57:00,30.21, , , , 
2022-07-11 10:58:00,30.20, , , , 
2022-07-11 10:59:00,30.15, , , , 
2022-07-11 11:00:00,30.12, , , , 
2022-07-11 11:01:00,30.10, , , , 
2022-07-11 11:02:00,30.12, , , , 
2022-07-11 11:03:00,30.12, , , , 
2022-07-11 11:04:00,30.09, , , , 
2022-07-11 11:05:00,30.08, , , , 
2022-07-11 11:06:00,30.05, , , , 
2022-07-11 11:07:00,30.08, , , , 
2022-07-11 11:08:00,30.08, , , , 
2022-07-11 11:09:00,30.10, , , , 
2022-07-11 11:10:00,30.08, , , , 
2022-07-11 11:11:00,30.09, , , , 
2022-07-11 11:12:00,30.07, , , , 
2022-07-11 11:13:00,30.06, , , , 
2022-07-11 11:14:00,30.07, , , , 
2022-07-11 11:15:00,30.11, , , , 
2022-07-11 11:16:00,30.13, , , , 
2022-07-11 11:17:00,30.13, , , , 
2022-07-11 11:18:00,30.12, , , , 
2022-07-11 11:19:00,30.13, , , , 
2022-07-11 11:20:00,30.16, , , , 
2022-07-11 11:21:00,30.16, , , , 
2022-07-11 11:22:00,30.12, , , , 
2022-07-11 11:23:00,30.12, , , , 
2022-07-11 11:24:00,30.17, , , , 
2022-07-11 11:25:00,30.18, , , , 
2022-07-11 11:26:00,30.19, , , , 
2022-07-11 11:27:00,30.20, , , , 
2022-07-11 11:28:00,30.19, , , , 
2022-07-11 11:29:00,30.20, , , , 
2022-07-11 11:30:00,30.19, , , , 
2022-07-11 11:31:00,30.17, , , , 
2022-07-11 11:32:00,30.15, , , , 
2022-07-11 11:33:00,30.15, , , , 
2022-07-11 11:34:00,30.08, , , , 
2022-07-11 11:35:00,30.07, , , , 
2022-07-11 11:36:00,30.08, , , , 
2022-07-11 11:37:00,30.10, , , , 
2022-07-11 11:38:00,30.11, , , , 
2022-07-11 11:39:00,30.09, , , , 
2022-07-11 11:40:00,30.05, , , , 
2022-07-11 11:41:00,30.01, , , , 
2022-07-11 11:42:00,30.01, , , , 
2022-07-11 11:43:00,30.05, , , , 
2022-07-11 11:44:00,30.05, , , , 
2022-07-11 11:45:00,30.01, , , , 
2022-07-11 11:46:00,29.97, , , , 
2022-07-11 11:47:00,29.95, , , , 
2022-07-11 11:48:00,29.97, , , , 
2022-07-11 11:49:00,29.97, , , , 
2022-07-11 11:50:00,29.97, , , , 
2022-07-11 11:51:00,29.98, , , , 
2022-07-11 11:52:00,30.00, , , , 
2022-07-11 11:53:00,29.97, , , , 
2022-07-11 11:54:00,29.97, , , , 
2022-07-11 11:55:00,30.02, , , , 
2022-07-11 11:56:00,30.01, , , , 
2022-07-11 11:57:00,29.98, , , , 
2022-07-11 11:58:00,29.93, , , , 
2022-07-11 11:59:00,29.92, , , , 
2022-07-11 12:00:00,29.90, , , , 
2022-07-11 12:01:00,29.94, , , , 
2022-07-11 12:02:00,29.93, , , , 
2022-07-11 12:03:00,29.93, , , , 
2022-07-11 12:04:00,29.93, , , , 
2022-07-11 12:05:00,29.90, , , , 
2022-07-11 12:06:00,29.90, , , , 
2022-07-11 12:07:00,29.94, , , , 
2022-07-11 12:08:00,29.94, , , , 
2022-07-11 12:09:00,29.95, , , , 
2022-07-11 12:10:00,29.94, , , , 
2022-07-11 12:11:00,29.92, , , , 
2022-07-11 12:12:00,29.92, , , , 
2022-07-11 12:13:00,29.92, , , , 
2022-07-11 12:14:00,29.92, , , , 
2022-07-11 12:15:00,29.91, , , , 
2022-07-11 12:16:00,29.91, , , , 
2022-07-11 12:17:00,29.90, , , , 
2022-07-11 12:18:00,29.93, , , , 
2022-07-11 12:19:00,29.93, , , , 
2022-07-11 12:20:00,29.93, , , , 
2022-07-11 12:21:00,29.94, , , , 
2022-07-11 12:22:00,29.89, , , , 
2022-07-11 12:23:00,29.87, , , , 
2022-07-11 12:24:00,29.90, , , , 
2022-07-11 12:25:00,29.90, , , , 
2022-07-11 12:26:00,29.91, , , , 
2022-07-11 12:27:00,29.88, , , , 
2022-07-11 12:28:00,29.86, , , , 
2022-07-11 12:29:00,29.85, , , , 
2022-07-11 12:30:00,29.83, , , , 
2022-07-11 12:31:00,29.87, , , , 
2022-07-11 12:32:00,29.89, , , , 
2022-07-11 12:33:00,29.88, , , , 
2022-07-11 12:34:00,29.85, , , , 
2022-07-11 12:35:00,29.79, , , , 
2022-07-11 12:36:00,29.78, , , , 
2022-07-11 12:37:00,29.79, , , , 
2022-07-11 12:38:00,29.81, , , , 
2022-07-11 12:39:00,29.80, , , , 
2022-07-11 12:40:00,29.78, , , , 
2022-07-11 12:41:00,29.75, , , , 
2022-07-11 12:42:00,29.74, , , , 
2022-07-11 12:43:00,29.74, , , , 
2022-07-11 12:44:00,29.77, , , , 
2022-07-11 12:45:00,29.76, , , , 
2022-07-11 12:46:00,29.74, , , , 
2022-07-11 12:47:00,29.71, , , , 
2022-07-11 12:48:00,29.70, , , , 
2022-07-11 12:49:00,29.70, , , , 
2022-07-11 12:50:00,29.72, , , , 
2022-07-11 12:51:00,29.72, , , , 
2022-07-11 12:52:00,29.71, , , , 
2022-07-11 12:53:00,29.68, , , , 
2022-07-11 12:54:00,29.66, , , , 
2022-07-11 12:55:00,29.64, , , , 
2022-07-11 12:56:00,29.67, , , , 
2022-07-11 12:57:00,29.70, , , , 
2022-07-11 12:58:00,29.67, , , , 
2022-07-11 12:59:00,29.62, , , , 
2022-07-11 13:00:00,29.60, , , , 
2022-07-11 13:01:00,29.59, , , , 
2022-07-11 13:02:00,29.61, , , , 
2022-07-11 13:03:00,29.65, , , , 
2022-07-11 13:04:00,29.66, , , , 
2022-07-11 13:05:00,29.64, , , , 
2022-07-11 13:06:00,29.60, , , , 
2022-07-11 13:07:00,29.60, , , , 
2022-07-11 13:08:00,29.59, , , , 
2022-07-11 13:09:00,29.62, , , , 
2022-07-11 13:10:00,29.64, , , , 
2022-07-11 13:11:00,29.64, , , , 
2022-07-11 13:12:00,29.64, , , , 
2022-07-11 13:13:00,29.65, , , , 
2022-07-11 13:14:00,29.66, , , , 
2022-07-11 13:15:00,29.68, , , , 
2022-07-11 13:16:00,29.70, , , , 
2022-07-11 13:17:00,29.71, , , , 
2022-07-11 13:18:00,29.72, , , , 
2022-07-11 13:19:00,29.73, , , , 
2022-07-11 13:20:00,29.75, , , , 
2022-07-11 13:21:00,29.77, , , , 
2022-07-11 13:22:00,29.75, , , , 
2022-07-11 13:23:00,29.70, , , , 
2022-07-11 13:24:00,29.68, , , , 
2022-07-11 13:25:00,29.71, , , , 
2022-07-11 13:26:00,29.68, , , , 
2022-07-11 13:27:00,29.70, , , , 
2022-07-11 13:28:00,29.72, , , , 
2022-07-11 13:29:00,29.68, , , , 
2022-07-11 13:30:00,29.70, , , , 
2022-07-11 13:31:00,29.71, , , , 
2022-07-11 13:32:00,29.72, , , , 
2022-07-11 13:33:00,29.71, , , , 
2022-07-11 13:34:00,29.75, , , , 
2022-07-11 13:35:00,29.75, , , , 
2022-07-11 13:36:00,29.75, , , , 
2022-07-11 13:37:00,29.77, , , , 
2022-07-11 13:38:00,29.77, , , , 
2022-07-11 13:39:00,29.77, , , , 
2022-07-11 13:40:00,29.75, , , , 
2022-07-11 13:41:00,29.75, , , , 
2022-07-11 13:42:00,29.74, , , , 
2022-07-11 13:43:00,29.76, , , , 
2022-07-11 13:44:00,29.77, , , , 
2022-07-11 13:45:00,29.75, , , , 
2022-07-11 13:46:00,29.73, , , , 
2022-07-11 13:47:00,29.75, , , , 
2022-07-11 13:48:00,29.74, , , , 
2022-07-11 13:49:00,29.74, , , , 
2022-07-11 13:50:00,29.74, , , , 
2022-07-11 13:51:00,29.74, , , , 
2022-07-11 13:52:00,29.70, , , , 
2022-07-11 13:53:00,29.64, , , , 
2022-07-11 13:54:00,29.61, , , , 
2022-07-11 13:55:00,29.62, , , , 
2022-07-11 13:56:00,29.64, , , , 
2022-07-11 13:57:00,29.64, , , , 
2022-07-11 13:58:00,29.61, , , , 
2022-07-11 13:59:00,29.59, , , , 
2022-07-11 14:00:00,29.59, , , , 
2022-07-11 14:01:00,29.64, , , , 
2022-07-11 14:02:00,29.65, , , , 
2022-07-11 14:03:00,29.62, , , , 
2022-07-11 14:04:00,29.62, , , , 
2022-07-11 14:05:00,29.59, , , , 
2022-07-11 14:06:00,29.58, , , , 
2022-07-11 14:07:00,29.59, , , , 
2022-07-11 14:08:00,29.62, , , , 
2022-07-11 14:09:00,29.62, , , , 
2022-07-11 14:10:00,29.61, , , , 
2022-07-11 14:11:00,29.60, , , , 
2022-07-11 14:12:00,29.62, , , , 
2022-07-11 14:13:00,29.66, , , , 
2022-07-11 14:14:00,29.67, , , , 
2022-07-11 14:15:00,29.67, , , , 
2022-07-11 14:16:00,29.67, , , , 
2022-07-11 14:17:00,29.67, , , , 
2022-07-11 14:18:00,29.67, , , , 
2022-07-11 14:19:00,29.68, , , , 
2022-07-11 14:20:00,29.71, , , , 
2022-07-11 14:21:00,29.67, , , , 
2022-07-11 14:22:00,29.66, , , , 
2022-07-11 14:23:00,29.63, , , , 
2022-07-11 14:24:00,29.66, , , , 
2022-07-11 14:25:00,29.64, , , , 
2022-07-11 14:26:00,29.66, , , , 
2022-07-11 14:27:00,29.67, , , , 
2022-07-11 14:28:00,29.65, , , , 
2022-07-11 14:29:00,29.60, , , , 
2022-07-11 14:30:00,29.58, , , , 
2022-07-11 14:31:00,29.56, , , , 
2022-07-11 14:32:00,29.57, , , , 
2022-07-11 14:33:00,29.51, , , , 
2022-07-11 14:34:00,29.45, , , , 
2022-07-11 14:35:00,29.41, , , , 
2022-07-11 14:36:00,29.36, , , , 
2022-07-11 14:37:00,29.32, , , , 
2022-07-11 14:38:00,29.32, , , , 
2022-07-11 14:39:00,29.32, , , , 
2022-07-11 14:40:00,29.29, , , , 
2022-07-11 14:41:00,29.21, , , , 
2022-07-11 14:42:00,29.17, , , , 
2022-07-11 14:43:00,29.18, , , , 
2022-07-11 14:44:00,29.18, , , , 
2022-07-11 14:45:00,29.21, , , , 
2022-07-11 14:46:00,29.24, , , , 
2022-07-11 14:47:00,29.23, , , , 
2022-07-11 14:48:00,29.18, , , , 
2022-07-11 14:49:00,29.16, , , , 
2022-07-11 14:50:00,29.16, , , , 
2022-07-11 14:51:00,29.20, , , , 
2022-07-11 14:52:00,29.24, , , , 
2022-07-11 14:53:00,29.27, , , , 
2022-07-11 14:54:00,29.28, , , , 
2022-07-11 14:55:00,29.29, , , , 
2022-07-11 14:56:00,29.35, , , , 
2022-07-11 14:57:00,29.35, , , , 
2022-07-11 14:58:00,29.41, , , , 
2022-07-11 14:59:00,29.46, , , , 
2022-07-11 15:00:00,29.48, , , , 
2022-07-11 15:01:00,29.46, , , , 
2022-07-11 15:02:00,29.45, , , , 
2022-07-11 15:03:00,29.50, , , , 
2022-07-11 15:04:00,29.51, , , , 
2022-07-11 15:05:00,29.54, , , , 
2022-07-11 15:06:00,29.54, , , , 
2022-07-11 15:07:00,29.54, , , , 
2022-07-11 15:08:00,29.57, , , , 
2022-07-11 15:09:00,29.61, , , , 
2022-07-11 15:10:00,29.63, , , , 
2022-07-11 15:11:00,29.64, , , , 
2022-07-11 15:12:00,29.65, , , , 
2022-07-11 15:13:00,29.66, , , , 
2022-07-11 15:14:00,29.66, , , , 
2022-07-11 15:15:00,29.66, , , , 
2022-07-11 15:16:00,29.70, , , , 
2022-07-11 15:17:00,29.75, , , , 
2022-07-11 15:18:00,29.75, , , , 
2022-07-11 15:19:00,29.75, , , , 
2022-07-11 15:20:00,29.78, , , , 
2022-07-11 15:21:00,29.77, , , , 
2022-07-11 15:22:00,29.79, , , , 
2022-07-11 15:23:00,29.76, , , , 
2022-07-11 15:24:00,29.77, , , , 
2022-07-11 15:25:00,29.71, , , , 
2022-07-11 15:26:00,29.66, , , , 
2022-07-11 15:27:00,29.65, , , , 
2022-07-11 15:28:00,29.64, , , , 
2022-07-11 15:29:00,29.63, , , , 
2022-07-11 15:30:00,29.64, , , , 
2022-07-11 15:31:00,29.64, , , , 
2022-07-11 15:32:00,29.64, , , , 
2022-07-11 15:33:00,29.64, , , , 
2022-07-11 15:34:00,29.63, , , , 
2022-07-11 15:35:00,29.67, , , , 
2022-07-11 15:36:00,29.67, , , , 
2022-07-11 15:37:00,29.70, , , , 
2022-07-11 15:38:00,29.70, , , , 
2022-07-11 15:39:00,29.67, , , , 
2022-07-11 15:40:00,29.74, , , , 
2022-07-11 15:41:00,29.75, , , , 
2022-07-11 15:42:00,29.75, , , , 
2022-07-11 15:43:00,29.76, , , , 
2022-07-11 15:44:00,29.75, , , , 
2022-07-11 15:45:00,29.76, , , , 
2022-07-11 15:46:00,29.77, , , , 
2022-07-11 15:47:00,29.76, , , , 
2022-07-11 15:48:00,29.72, , , , 
2022-07-11 15:49:00,29.72, , , , 
2022-07-11 15:50:00,29.67, , , , 
2022-07-11 15:51:00,29.65, , , , 
2022-07-11 15:52:00,29.65, , , , 
2022-07-11 15:53:00,29.66, , , , 
2022-07-11 15:54:00,29.70, , , , 
2022-07-11 15:55:00,29.67, , , , 
2022-07-11 15:56:00,29.64, , , , 
2022-07-11 15:57:00,29.59, , , , 
2022-07-11 15:58:00,29.54, , , , 
2022-07-11 15:59:00,29.49, , , , 
2022-07-11 16:00:00,29.49, , , , 
2022-07-11 16:01:00,29.50, , , , 
2022-07-11 16:02:00,29.51, , , , 
2022-07-11 16:03:00,29.54, , , , 
2022-07-11 16:04:00,29.54, , , , 
2022-07-11 16:05:00,29.54, , , , 
2022-07-11 16:06:00,29.53, , , , 
2022-07-11 16:07:00,29.54, , , , 
2022-07-11 16:08:00,29.57, , , , 
2022-07-11 16:09:00,29.59, , , , 
2022-07-11 16:10:00,29.59, , , , 
2022-07-11 16:11:00,29.59, , , , 
2022-07-11 16:12:00,29.59, , , , 
2022-07-11 16:13:00,29.63, , , , 
2022-07-11 16:14:00,29.68, , , , 
2022-07-11 16:15:00,29.68, , , , 
2022-07-11 16:16:00,29.70, , , , 
2022-07-11 16:17:00,29.70, , , , 
2022-07-11 16:18:00,29.71, , , , 
2022-07-11 16:19:00,29.73, , , , 
2022-07-11 16:20:00,29.76, , , , 
2022-07-11 16:21:00,29.75, , , , 
2022-07-11 16:22:00,29.75, , , , 
2022-07-11 16:23:00,29.67, , , , 
2022-07-11 16:24:00,29.64, , , , 
2022-07-11 16:25:00,29.68, , , , 
2022-07-11 16:26:00,29.70, , , , 
2022-07-11 16:27:00,29.70, , , , 
2022-07-11 16:28:00,29.70, , , , 
2022-07-11 16:29:00,29.66, , , , 
2022-07-11 16:30:00,29.62, , , , 
2022-07-11 16:31:00,29.62, , , , 
2022-07-11 16:32:00,29.64, , , , 
2022-07-11 16:33:00,29.66, , , , 
2022-07-11 16:34:00,29.65, , , , 
2022-07-11 16:35:00,29.66, , , , 
2022-07-11 16:36:00,29.66, , , , 
2022-07-11 16:37:00,29.66, , , , 
2022-07-11 16:38:00,29.65, , , , 
2022-07-11 16:39:00,29.68, , , , 
2022-07-11 16:40:00,29.68, , , , 
2022-07-11 16:41:00,29.68, , , , 
2022-07-11 16:42:00,29.65, , , , 
2022-07-11 16:43:00,29.70, , , , 
2022-07-11 16:44:00,29.71, , , , 
2022-07-11 16:45:00,29.70, , , , 
2022-07-11 16:46:00,29.70, , , , 
2022-07-11 16:47:00,29.71, , , , 
2022-07-11 16:48:00,29.68, , , , 
2022-07-11 16:49:00,29.68, , , , 
2022-07-11 16:50:00,29.68, , , , 
2022-07-11 16:51:00,29.66, , , , 
2022-07-11 16:52:00,29.65, , , , 
2022-07-11 16:53:00,29.64, , , , 
2022-07-11 16:54:00,29.61, , , , 
2022-07-11 16:55:00,29.56, , , , 
2022-07-11 16:56:00,29.54, , , , 
2022-07-11 16:57:00,29.52, , , , 
2022-07-11 16:58:00,29.56, , , , 
2022-07-11 16:59:00,29.57, , , , 
2022-07-11 17:00:00,29.53, , , , 
2022-07-11 17:01:00,29.59, , , , 
2022-07-11 17:02:00,29.60, , , , 
2022-07-11 17:03:00,29.60, , , , 
2022-07-11 17:04:00,29.60, , , , 
2022-07-11 17:05:00,29.61, , , , 
2022-07-11 17:06:00,29.62, , , , 
2022-07-11 17:07:00,29.65, , , , 
2022-07-11 17:08:00,29.67, , , , 
2022-07-11 17:09:00,29.68, , , , 
2022-07-11 17:10:00,29.70, , , , 
2022-07-11 17:11:00,29.70, , , , 
2022-07-11 17:12:00,29.67, , , , 
2022-07-11 17:13:00,29.67, , , , 
2022-07-11 17:14:00,29.67, , , , 
2022-07-11 17:15:00,29.68, , , , 
2022-07-11 17:16:00,29.67, , , , 
2022-07-11 17:17:00,29.65, , , , 
2022-07-11 17:18:00,29.59, , , , 
2022-07-11 17:19:00,29.57, , , , 
2022-07-11 17:20:00,29.57, , , , 
2022-07-11 17:21:00,29.56, , , , 
2022-07-11 17:22:00,29.57, , , , 
2022-07-11 17:23:00,29.56, , , , 
2022-07-11 17:24:00,29.54, , , , 
2022-07-11 17:25:00,29.52, , , , 
2022-07-11 17:26:00,29.54, , , , 
2022-07-11 17:27:00,29.57, , , , 
2022-07-11 17:28:00,29.59, , , , 
2022-07-11 17:29:00,29.57, , , , 
2022-07-11 17:30:00,29.54, , , , 
2022-07-11 17:31:00,29.53, , , , 
2022-07-11 17:32:00,29.54, , , , 
2022-07-11 17:33:00,29.59, , , , 
2022-07-11 17:34:00,29.58, , , , 
2022-07-11 17:35:00,29.57, , , , 
2022-07-11 17:36:00,29.58, , , , 
2022-07-11 17:37:00,29.58, , , , 
2022-07-11 17:38:00,29.58, , , , 
2022-07-11 17:39:00,29.58, , , , 
2022-07-11 17:40:00,29.61, , , , 
2022-07-11 17:41:00,29.58, , , , 
2022-07-11 17:42:00,29.53, , , , 
2022-07-11 17:43:00,29.49, , , , 
2022-07-11 17:44:00,29.48, , , , 
2022-07-11 17:45:00,29.48, , , , 
2022-07-11 17:46:00,29.47, , , , 
2022-07-11 17:47:00,29.50, , , , 
2022-07-11 17:48:00,29.48, , , , 
2022-07-11 17:49:00,29.47, , , , 
2022-07-11 17:50:00,29.47, , , , 
2022-07-11 17:51:00,29.52, , , , 
2022-07-11 17:52:00,29.54, , , , 
2022-07-11 17:53:00,29.54, , , , 
2022-07-11 17:54:00,29.57, , , , 
2022-07-11 17:55:00,29.56, , , , 
2022-07-11 17:56:00,29.58, , , , 
2022-07-11 17:57:00,29.59, , , , 
2022-07-11 17:58:00,29.60, , , , 
2022-07-11 17:59:00,29.62, , , , 
2022-07-11 18:00:00,29.59, , , , 
2022-07-11 18:01:00,29.61, , , , 
2022-07-11 18:02:00,29.63, , , , 
2022-07-11 18:03:00,29.62, , , , 
2022-07-11 18:04:00,29.65, , , , 
2022-07-11 18:05:00,29.59, , , , 
2022-07-11 18:06:00,29.56, , , , 
2022-07-11 18:07:00,29.50, , , , 
2022-07-11 18:08:00,29.49, , , , 
2022-07-11 18:09:00,29.47, , , , 
2022-07-11 18:10:00,29.46, , , , 
2022-07-11 18:11:00,29.48, , , , 
2022-07-11 18:12:00,29.46, , , , 
2022-07-11 18:13:00,29.44, , , , 
2022-07-11 18:14:00,29.44, , , , 
2022-07-11 18:15:00,29.45, , , , 
2022-07-11 18:16:00,29.47, , , , 
2022-07-11 18:17:00,29.45, , , , 
2022-07-11 18:18:00,29.44, , , , 
2022-07-11 18:19:00,29.43, , , , 
2022-07-11 18:20:00,29.43, , , , 
2022-07-11 18:21:00,29.46, , , , 
2022-07-11 18:22:00,29.48, , , , 
2022-07-11 18:23:00,29.49, , , , 
2022-07-11 18:24:00,29.49, , , , 
2022-07-11 18:25:00,29.44, , , , 
2022-07-11 18:26:00,29.45, , , , 
2022-07-11 18:27:00,29.44, , , , 
2022-07-11 18:28:00,29.45, , , , 
2022-07-11 18:29:00,29.46, , , , 
2022-07-11 18:30:00,29.45, , , , 
2022-07-11 18:31:00,29.46, , , , 
2022-07-11 18:32:00,29.46, , , , 
2022-07-11 18:33:00,29.45, , , , 
2022-07-11 18:34:00,29.47, , , , 
2022-07-11 18:35:00,29.46, , , , 
2022-07-11 18:36:00,29.46, , , , 
2022-07-11 18:37:00,29.46, , , , 
2022-07-11 18:38:00,29.46, , , , 
2022-07-11 18:39:00,29.46, , , , 
2022-07-11 18:40:00,29.43, , , , 
2022-07-11 18:41:00,29.37, , , , 
2022-07-11 18:42:00,29.34, , , , 
2022-07-11 18:43:00,29.32, , , , 
2022-07-11 18:44:00,29.33, , , , 
2022-07-11 18:45:00,29.33, , , , 
2022-07-11 18:46:00,29.30, , , , 
2022-07-11 18:47:00,29.28, , , , 
2022-07-11 18:48:00,29.27, , , , 
2022-07-11 18:49:00,29.27, , , , 
2022-07-11 18:50:00,29.32, , , , 
2022-07-11 18:51:00,29.34, , , , 
2022-07-11 18:52:00,29.32, , , , 
2022-07-11 18:53:00,29.34, , , , 
2022-07-11 18:54:00,29.32, , , , 
2022-07-11 18:55:00,29.31, , , , 
2022-07-11 18:56:00,29.33, , , , 
2022-07-11 18:57:00,29.34, , , , 
2022-07-11 18:58:00,29.34, , , , 
2022-07-11 18:59:00,29.31, , , , 
2022-07-11 19:00:00,29.28, , , , 
2022-07-11 19:01:00,29.30, , , , 
2022-07-11 19:02:00,29.29, , , , 
2022-07-11 19:03:00,29.32, , , , 
2022-07-11 19:04:00,29.33, , , , 
2022-07-11 19:05:00,29.34, , , , 
2022-07-11 19:06:00,29.31, , , , 
2022-07-11 19:07:00,29.32, , , , 
2022-07-11 19:08:00,29.30, , , , 
2022-07-11 19:09:00,29.30, , , , 
2022-07-11 19:10:00,29.28, , , , 
2022-07-11 19:11:00,29.27, , , , 
2022-07-11 19:12:00,29.28, , , , 
2022-07-11 19:13:00,29.26, , , , 
2022-07-11 19:14:00,29.28, , , , 
2022-07-11 19:15:00,29.24, , , , 
2022-07-11 19:16:00,29.20, , , , 
2022-07-11 19:17:00,29.19, , , , 
2022-07-11 19:18:00,29.19, , , , 
2022-07-11 19:19:00,29.21, , , , 
2022-07-11 19:20:00,29.20, , , , 
2022-07-11 19:21:00,29.20, , , , 
2022-07-11 19:22:00,29.20, , , , 
2022-07-11 19:23:00,29.17, , , , 
2022-07-11 19:24:00,29.17, , , , 
2022-07-11 19:25:00,29.17, , , , 
2022-07-11 19:26:00,29.20, , , , 
2022-07-11 19:27:00,29.20, , , , 
2022-07-11 19:28:00,29.19, , , , 
2022-07-11 19:29:00,29.20, , , , 
2022-07-11 19:30:00,29.21, , , , 
2022-07-11 19:31:00,29.21, , , , 
2022-07-11 19:32:00,29.20, , , , 
2022-07-11 19:33:00,29.21, , , , 
2022-07-11 19:34:00,29.20, , , , 
2022-07-11 19:35:00,29.23, , , , 
2022-07-11 19:36:00,29.24, , , , 
2022-07-11 19:37:00,29.27, , , , 
2022-07-11 19:38:00,29.23, , , , 
2022-07-11 19:39:00,29.19, , , , 
2022-07-11 19:40:00,29.21, , , , 
2022-07-11 19:41:00,29.20, , , , 
2022-07-11 19:42:00,29.22, , , , 
2022-07-11 19:43:00,29.20, , , , 
2022-07-11 19:44:00,29.18, , , , 
2022-07-11 19:45:00,29.17, , , , 
2022-07-11 19:46:00,29.13, , , , 
2022-07-11 19:47:00,29.18, , , , 
2022-07-11 19:48:00,29.20, , , , 
2022-07-11 19:49:00,29.21, , , , 
2022-07-11 19:50:00,29.21, , , , 
2022-07-11 19:51:00,29.21, , , , 
2022-07-11 19:52:00,29.20, , , , 
2022-07-11 19:53:00,29.23, , , , 
2022-07-11 19:54:00,29.23, , , , 
2022-07-11 19:55:00,29.23, , , , 
2022-07-11 19:56:00,29.21, , , , 
2022-07-11 19:57:00,29.20, , , , 
2022-07-11 19:58:00,29.22, , , , 
2022-07-11 19:59:00,29.24, , , , 
2022-07-11 20:00:00,29.20, , , , 
2022-07-11 20:01:00,29.18, , , , 
2022-07-11 20:02:00,29.16, , , , 
2022-07-11 20:03:00,29.14, , , , 
2022-07-11 20:04:00,29.18, , , , 
2022-07-11 20:05:00,29.15, , , , 
2022-07-11 20:06:00,29.16, , , , 
2022-07-11 20:07:00,29.13, , , , 
2022-07-11 20:08:00,29.13, , , , 
2022-07-11 20:09:00,29.12, , , , 
2022-07-11 20:10:00,29.15, , , , 
2022-07-11 20:11:00,29.15, , , , 
2022-07-11 20:12:00,29.16, , , , 
2022-07-11 20:13:00,29.17, , , , 
2022-07-11 20:14:00,29.16, , , , 
2022-07-11 20:15:00,29.15, , , , 
2022-07-11 20:16:00,29.16, , , , 
2022-07-11 20:17:00,29.16, , , , 
2022-07-11 20:18:00,29.15, , , , 
2022-07-11 20:19:00,29.16, , , , 
2022-07-11 20:20:00,29.18, , , , 
2022-07-11 20:21:00,29.17, , , , 
2022-07-11 20:22:00,29.14, , , , 
2022-07-11 20:23:00,29.08, , , , 
2022-07-11 20:24:00,29.11, , , , 
2022-07-11 20:25:00,29.08, , , , 
2022-07-11 20:26:00,29.08, , , , 
2022-07-11 20:27:00,29.07, , , , 
2022-07-11 20:28:00,29.06, , , , 
2022-07-11 20:29:00,29.08, , , , 
2022-07-11 20:30:00,29.04, , , , 
2022-07-11 20:31:00,29.02, , , , 
2022-07-11 20:32:00,29.05, , , , 
2022-07-11 20:33:00,29.05, , , , 
2022-07-11 20:34:00,29.05, , , , 
2022-07-11 20:35:00,29.07, , , , 
2022-07-11 20:36:00,29.07, , , , 
2022-07-11 20:37:00,29.06, , , , 
2022-07-11 20:38:00,29.07, , , , 
2022-07-11 20:39:00,29.09, , , , 
2022-07-11 20:40:00,29.08, , , , 
2022-07-11 20:41:00,29.12, , , , 
2022-07-11 20:42:00,29.12, , , , 
2022-07-11 20:43:00,29.12, , , , 
2022-07-11 20:44:00,29.15, , , , 
2022-07-11 20:45:00,29.12, , , , 
2022-07-11 20:46:00,29.14, , , , 
2022-07-11 20:47:00,29.11, , , , 
2022-07-11 20:48:00,29.12, , , , 
2022-07-11 20:49:00,29.11, , , , 
2022-07-11 20:50:00,29.14, , , , 
2022-07-11 20:51:00,29.13, , , , 
2022-07-11 20:52:00,29.13, , , , 
2022-07-11 20:53:00,29.13, , , , 
2022-07-11 20:54:00,29.16, , , , 
2022-07-11 20:55:00,29.16, , , , 
2022-07-11 20:56:00,29.16, , , , 
2022-07-11 20:57:00,29.16, , , , 
2022-07-11 20:58:00,29.17, , , , 
2022-07-11 20:59:00,29.18, , , , 
2022-07-11 21:00:00,29.17, , , , 
2022-07-11 21:01:00,29.15, , , , 
2022-07-11 21:02:00,29.16, , , , 
2022-07-11 21:03:00,29.16, , , , 
2022-07-11 21:04:00,29.14, , , , 
2022-07-11 21:05:00,29.18, , , , 
2022-07-11 21:06:00,29.20, , , , 
2022-07-11 21:07:00,29.21, , , , 
2022-07-11 21:08:00,29.22, , , , 
2022-07-11 21:09:00,29.20, , , , 
2022-07-11 21:10:00,29.22, , , , 
2022-07-11 21:11:00,29.23, , , , 
2022-07-11 21:12:00,29.19, , , , 
2022-07-11 21:13:00,29.19, , , , 
2022-07-11 21:14:00,29.19, , , , 
2022-07-11 21:15:00,29.19, , , , 
2022-07-11 21:16:00,29.18, , , , 
2022-07-11 21:17:00,29.20, , , , 
2022-07-11 21:18:00,29.20, , , , 
2022-07-11 21:19:00,29.16, , , , 
2022-07-11 21:20:00,29.14, , , , 
2022-07-11 21:21:00,29.15, , , , 
2022-07-11 21:22:00,29.16, , , , 
2022-07-11 21:23:00,29.18, , , , 
2022-07-11 21:24:00,29.21, , , , 
2022-07-11 21:25:00,29.20, , , , 
2022-07-11 21:26:00,29.19, , , , 
2022-07-11 21:27:00,29.20, , , , 
2022-07-11 21:28:00,29.19, , , , 
2022-07-11 21:29:00,29.20, , , , 
2022-07-11 21:30:00,29.18, , , , 
2022-07-11 21:31:00,29.18, , , , 
2022-07-11 21:32:00,29.18, , , , 
2022-07-11 21:33:00,29.20, , , , 
2022-07-11 21:34:00,29.18, , , , 
2022-07-11 21:35:00,29.17, , , , 
2022-07-11 21:36:00,29.14, , , , 
2022-07-11 21:37:00,29.14, , , , 
2022-07-11 21:38:00,29.17, , , , 
2022-07-11 21:39:00,29.19, , , , 
2022-07-11 21:40:00,29.23, , , , 
2022-07-11 21:41:00,29.23, , , , 
2022-07-11 21:42:00,29.22, , , , 
2022-07-11 21:43:00,29.21, , , , 
2022-07-11 21:44:00,29.21, , , , 
2022-07-11 21:45:00,29.21, , , , 
2022-07-11 21:46:00,29.21, , , , 
2022-07-11 21:47:00,29.21, , , , 
2022-07-11 21:48:00,29.19, , , , 
2022-07-11 21:49:00,29.20, , , , 
2022-07-11 21:50:00,29.21, , , , 
2022-07-11 21:51:00,29.21, , , , 
2022-07-11 21:52:00,29.18, , , , 
2022-07-11 21:53:00,29.18, , , , 
2022-07-11 21:54:00,29.20, , , , 
2022-07-11 21:55:00,29.22, , , , 
2022-07-11 21:56:00,29.24, , , , 
2022-07-11 21:57:00,29.29, , , , 
2022-07-11 21:58:00,29.32, , , , 
2022-07-11 21:59:00,29.37, , , , 
2022-07-11 22:00:00,29.42, , , , 
2022-07-11 22:01:00,29.48, , , , 
2022-07-11 22:02:00,29.54, , , , 
2022-07-11 22:03:00,29.62, , , , 
2022-07-11 22:04:00,29.64, , , , 
2022-07-11 22:05:00,29.65, , , , 
2022-07-11 22:06:00,29.61, , , , 
2022-07-11 22:07:00,29.49, , , , 
2022-07-11 22:08:00,29.32, , , , 
2022-07-11 22:09:00,29.16, , , , 
2022-07-11 22:10:00,29.05, , , , 
2022-07-11 22:11:00,29.00, , , , 
2022-07-11 22:12:00,28.98, , , , 
2022-07-11 22:13:00,28.98, , , , 
2022-07-11 22:14:00,28.95, , , , 
2022-07-11 22:15:00,28.98, , , , 
2022-07-11 22:16:00,28.97, , , , 
2022-07-11 22:17:00,28.99, , , , 
2022-07-11 22:18:00,28.98, , , , 
2022-07-11 22:19:00,28.98, , , , 
2022-07-11 22:20:00,28.97, , , , 
2022-07-11 22:21:00,28.97, , , , 
2022-07-11 22:22:00,28.97, , , , 
2022-07-11 22:23:00,28.92, , , , 
2022-07-11 22:24:00,28.83, , , , 
2022-07-11 22:25:00,28.68, , , , 
2022-07-11 22:26:00,28.57, , , , 
2022-07-11 22:27:00,28.52, , , , 
2022-07-11 22:28:00,28.50, , , , 
2022-07-11 22:29:00,28.52, , , , 
2022-07-11 22:30:00,28.54, , , , 
2022-07-11 22:31:00,28.56, , , , 
2022-07-11 22:32:00,28.60, , , , 
2022-07-11 22:33:00,28.63, , , , 
2022-07-11 22:34:00,28.65, , , , 
2022-07-11 22:35:00,28.68, , , , 
2022-07-11 22:36:00,28.70, , , , 
2022-07-11 22:37:00,28.73, , , , 
2022-07-11 22:38:00,28.74, , , , 
2022-07-11 22:39:00,28.77, , , , 
2022-07-11 22:40:00,28.79, , , , 
2022-07-11 22:41:00,28.80, , , , 
2022-07-11 22:42:00,28.85, , , , 
2022-07-11 22:43:00,28.86, , , , 
2022-07-11 22:44:00,28.87, , , , 
2022-07-11 22:45:00,28.87, , , , 
2022-07-11 22:46:00,28.88, , , , 
2022-07-11 22:47:00,28.88, , , , 
2022-07-11 22:48:00,28.87, , , , 
2022-07-11 22:49:00,28.87, , , , 
2022-07-11 22:50:00,28.85, , , , 
2022-07-11 22:51:00,28.78, , , , 
2022-07-11 22:52:00,28.70, , , , 
2022-07-11 22:53:00,28.58, , , , 
2022-07-11 22:54:00,28.50, , , , 
2022-07-11 22:55:00,28.47, , , , 
2022-07-11 22:56:00,28.46, , , , 
2022-07-11 22:57:00,28.52, , , , 
2022-07-11 22:58:00,28.54, , , , 
2022-07-11 22:59:00,28.55, , , , 
2022-07-11 23:00:00,28.58, , , , 
2022-07-11 23:01:00,28.63, , , , 
2022-07-11 23:02:00,28.69, , , , 
2022-07-11 23:03:00,28.72, , , , 
2022-07-11 23:04:00,28.73, , , , 
2022-07-11 23:05:00,28.76, , , , 
2022-07-11 23:06:00,28.76, , , , 
2022-07-11 23:07:00,28.78, , , , 
2022-07-11 23:08:00,28.80, , , , 
2022-07-11 23:09:00,28.83, , , , 
2022-07-11 23:10:00,28.82, , , , 
2022-07-11 23:11:00,28.83, , , , 
2022-07-11 23:12:00,28.85, , , , 
2022-07-11 23:13:00,28.89, , , , 
2022-07-11 23:14:00,28.90, , , , 
2022-07-11 23:15:00,28.97, , , , 
2022-07-11 23:16:00,29.00, , , , 
2022-07-11 23:17:00,29.03, , , , 
2022-07-11 23:18:00,29.02, , , , 
2022-07-11 23:19:00,29.05, , , , 
2022-07-11 23:20:00,29.05, , , , 
2022-07-11 23:21:00,29.03, , , , 
2022-07-11 23:22:00,29.03, , , , 
2022-07-11 23:23:00,29.04, , , , 
2022-07-11 23:24:00,29.03, , , , 
2022-07-11 23:25:00,29.03, , , , 
2022-07-11 23:26:00,29.03, , , , 
2022-07-11 23:27:00,29.03, , , , 
2022-07-11 23:28:00,29.03, , , , 
2022-07-11 23:29:00,29.02, , , , 
2022-07-11 23:30:00,29.05, , , , 
2022-07-11 23:31:00,29.02, , , , 
2022-07-11 23:32:00,28.99, , , , 
2022-07-11 23:33:00,28.99, , , , 
2022-07-11 23:34:00,28.98, , , , 
2022-07-11 23:35:00,28.94, , , , 
2022-07-11 23:36:00,28.88, , , , 
2022-07-11 23:37:00,28.76, , , , 
2022-07-11 23:38:00,28.64, , , , 
2022-07-11 23:39:00,28.57, , , , 
2022-07-11 23:40:00,28.54, , , , 
2022-07-11 23:41:00,28.54, , , , 
2022-07-11 23:42:00,28.54, , , , 
2022-07-11 23:43:00,28.56, , , , 
2022-07-11 23:44:00,28.57, , , , 
2022-07-11 23:45:00,28.57, , , , 
2022-07-11 23:46:00,28.58, , , , 
2022-07-11 23:47:00,28.57, , , , 
2022-07-11 23:48:00,28.57, , , , 
2022-07-11 23:49:00,28.57, , , , 
2022-07-11 23:50:00,28.50, , , , 
2022-07-11 23:51:00,28.48, , , , 
2022-07-11 23:52:00,28.49, , , , 
2022-07-11 23:53:00,28.47, , , , 
2022-07-11 23:54:00,28.43, , , , 
2022-07-11 23:55:00,28.45, , , , 
2022-07-11 23:56:00,28.43, , , , 
2022-07-11 23:57:00,28.41, , , , 
2022-07-11 23:58:00,28.41, , , , 
2022-07-11 23:59:00,28.34, , , , 
2022-07-12 00:00:00,28.31, , , , 
2022-07-12 00:01:00,28.30, , , , 
2022-07-12 00:02:00,28.27, , , , 
2022-07-12 00:03:00,28.26, , , , 
2022-07-12 00:04:00,28.24, , , , 
2022-07-12 00:05:00,28.28, , , , 
2022-07-12 00:06:00,28.27, , , , 
2022-07-12 00:07:00,28.31, , , , 
2022-07-12 00:08:00,28.33, , , , 
2022-07-12 00:09:00,28.39, , , , 
2022-07-12 00:10:00,28.48, , , , 
2022-07-12 00:11:00,28.54, , , , 
2022-07-12 00:12:00,28.59, , , , 
2022-07-12 00:13:00,28.62, , , , 
2022-07-12 00:14:00,28.69, , , , 
2022-07-12 00:15:00,28.75, , , , 
2022-07-12 00:16:00,28.76, , , , 
2022-07-12 00:17:00,28.78, , , , 
2022-07-12 00:18:00,28.80, , , , 
2022-07-12 00:19:00,28.85, , , , 
2022-07-12 00:20:00,28.86, , , , 
2022-07-12 00:21:00,28.87, , , , 
2022-07-12 00:22:00,28.90, , , , 
2022-07-12 00:23:00,28.92, , , , 
2022-07-12 00:24:00,28.93, , , , 
2022-07-12 00:25:00,28.94, , , , 
2022-07-12 00:26:00,28.94, , , , 
2022-07-12 00:27:00,28.93, , , , 
2022-07-12 00:28:00,28.91, , , , 
2022-07-12 00:29:00,28.92, , , , 
2022-07-12 00:30:00,28.91, , , , 
2022-07-12 00:31:00,28.89, , , , 
2022-07-12 00:32:00,28.92, , , , 
2022-07-12 00:33:00,28.87, , , , 
2022-07-12 00:34:00,28.90, , , , 
2022-07-12 00:35:00,28.87, , , , 
2022-07-12 00:36:00,28.89, , , , 
2022-07-12 00:37:00,28.91, , , , 
2022-07-12 00:38:00,28.92, , , , 
2022-07-12 00:39:00,29.00, , , , 
2022-07-12 00:40:00,29.03, , , , 
2022-07-12 00:41:00,29.04, , , , 
2022-07-12 00:42:00,29.06, , , , 
2022-07-12 00:43:00,29.05, , , , 
2022-07-12 00:44:00,29.06, , , , 
2022-07-12 00:45:00,29.06, , , , 
2022-07-12 00:46:00,29.06, , , , 
2022-07-12 00:47:00,29.06, , , , 
2022-07-12 00:48:00,29.06, , , , 
2022-07-12 00:49:00,29.06, , , , 
2022-07-12 00:50:00,29.07, , , , 
2022-07-12 00:51:00,29.08, , , , 
2022-07-12 00:52:00,29.08, , , , 
2022-07-12 00:53:00,29.08, , , , 
2022-07-12 00:54:00,29.08, , , , 
2022-07-12 00:55:00,29.09, , , , 
2022-07-12 00:56:00,29.08, , , , 
2022-07-12 00:57:00,29.08, , , , 
2022-07-12 00:58:00,29.08, , , , 
2022-07-12 00:59:00,29.08, , , , 
2022-07-12 01:00:00,29.08, , , , 
2022-07-12 01:01:00,29.14, , , , 
2022-07-12 01:02:00,29.12, , , , 
2022-07-12 01:03:00,29.15, , , , 
2022-07-12 01:04:00,29.12, , , , 
2022-07-12 01:05:00,29.12, , , , 
2022-07-12 01:06:00,29.12, , , , 
2022-07-12 01:07:00,29.12, , , , 
2022-07-12 01:08:00,29.12, , , , 
2022-07-12 01:09:00,29.13, , , , 
2022-07-12 01:10:00,29.12, , , , 
2022-07-12 01:11:00,29.11, , , , 
2022-07-12 01:12:00,29.11, , , , 
2022-07-12 01:13:00,29.09, , , , 
2022-07-12 01:14:00,29.08, , , , 
2022-07-12 01:15:00,29.08, , , , 
2022-07-12 01:16:00,29.05, , , , 
2022-07-12 01:17:00,29.04, , , , 
2022-07-12 01:18:00,28.99, , , , 
2022-07-12 01:19:00,28.92, , , , 
2022-07-12 01:20:00,28.88, , , , 
2022-07-12 01:21:00,28.82, , , , 
2022-07-12 01:22:00,28.77, , , , 
2022-07-12 01:23:00,28.70, , , , 
2022-07-12 01:24:00,28.65, , , , 
2022-07-12 01:25:00,28.61, , , , 
2022-07-12 01:26:00,28.57, , , , 
2022-07-12 01:27:00,28.53, , , , 
2022-07-12 01:28:00,28.48, , , , 
2022-07-12 01:29:00,28.41, , , , 
2022-07-12 01:30:00,28.39, , , , 
2022-07-12 01:31:00,28.35, , , , 
2022-07-12 01:32:00,28.31, , , , 
2022-07-12 01:33:00,28.29, , , , 
2022-07-12 01:34:00,28.25, , , , 
2022-07-12 01:35:00,28.21, , , , 
2022-07-12 01:36:00,28.18, , , , 
2022-07-12 01:37:00,28.15, , , , 
2022-07-12 01:38:00,28.15, , , , 
2022-07-12 01:39:00,28.13, , , , 
2022-07-12 01:40:00,28.12, , , , 
2022-07-12 01:41:00,28.11, , , , 
2022-07-12 01:42:00,28.08, , , , 
2022-07-12 01:43:00,28.05, , , , 
2022-07-12 01:44:00,28.04, , , , 
2022-07-12 01:45:00,28.04, , , , 
2022-07-12 01:46:00,28.03, , , , 
2022-07-12 01:47:00,28.03, , , , 
2022-07-12 01:48:00,28.01, , , , 
2022-07-12 01:49:00,28.01, , , , 
2022-07-12 01:50:00,28.02, , , , 
2022-07-12 01:51:00,27.99, , , , 
2022-07-12 01:52:00,27.99, , , , 
2022-07-12 01:53:00,28.00, , , , 
2022-07-12 01:54:00,27.98, , , , 
2022-07-12 01:55:00,27.99, , , , 
2022-07-12 01:56:00,28.01, , , , 
2022-07-12 01:57:00,27.98, , , , 
2022-07-12 01:58:00,27.98, , , , 
2022-07-12 01:59:00,27.98, , , , 
2022-07-12 02:00:00,27.98, , , , 
2022-07-12 02:01:00,27.99, , , , 
2022-07-12 02:02:00,28.00, , , , 
2022-07-12 02:03:00,28.01, , , , 
2022-07-12 02:04:00,28.00, , , , 
2022-07-12 02:05:00,28.01, , , , 
2022-07-12 02:06:00,28.02, , , , 
2022-07-12 02:07:00,28.01, , , , 
2022-07-12 02:08:00,28.02, , , , 
2022-07-12 02:09:00,28.02, , , , 
2022-07-12 02:10:00,28.04, , , , 
2022-07-12 02:11:00,28.03, , , , 
2022-07-12 02:12:00,28.04, , , , 
2022-07-12 02:13:00,28.05, , , , 
2022-07-12 02:14:00,28.05, , , , 
2022-07-12 02:15:00,28.04, , , , 
2022-07-12 02:16:00,28.08, , , , 
2022-07-12 02:17:00,28.06, , , , 
2022-07-12 02:18:00,28.06, , , , 
2022-07-12 02:19:00,28.10, , , , 
2022-07-12 02:20:00,28.10, , , , 
2022-07-12 02:21:00,28.09, , , , 
2022-07-12 02:22:00,28.10, , , , 
2022-07-12 02:23:00,28.10, , , , 
2022-07-12 02:24:00,28.12, , , , 
2022-07-12 02:25:00,28.11, , , , 
2022-07-12 02:26:00,28.13, , , , 
2022-07-12 02:27:00,28.15, , , , 
2022-07-12 02:28:00,28.15, , , , 
2022-07-12 02:29:00,28.16, , , , 
2022-07-12 02:30:00,28.18, , , , 
2022-07-12 02:31:00,28.17, , , , 
2022-07-12 02:32:00,28.20, , , , 
2022-07-12 02:33:00,28.23, , , , 
2022-07-12 02:34:00,28.21, , , , 
2022-07-12 02:35:00,28.23, , , , 
2022-07-12 02:36:00,28.24, , , , 
2022-07-12 02:37:00,28.25, , , , 
2022-07-12 02:38:00,28.25, , , , 
2022-07-12 02:39:00,28.25, , , , 
2022-07-12 02:40:00,28.24, , , , 
2022-07-12 02:41:00,28.27, , , , 
2022-07-12 02:42:00,28.29, , , , 
2022-07-12 02:43:00,28.27, , , , 
2022-07-12 02:44:00,28.28, , , , 
2022-07-12 02:45:00,28.28, , , , 
2022-07-12 02:46:00,28.29, , , , 
2022-07-12 02:47:00,28.30, , , , 
2022-07-12 02:48:00,28.30, , , , 
2022-07-12 02:49:00,28.31, , , , 
2022-07-12 02:50:00,28.32, , , , 
2022-07-12 02:51:00,28.31, , , , 
2022-07-12 02:52:00,28.32, , , , 
2022-07-12 02:53:00,28.32, , , , 
2022-07-12 02:54:00,28.34, , , , 
2022-07-12 02:55:00,28.37, , , , 
2022-07-12 02:56:00,28.34, , , , 
2022-07-12 02:57:00,28.35, , , , 
2022-07-12 02:58:00,28.37, , , , 
2022-07-12 02:59:00,28.39, , , , 
2022-07-12 03:00:00,28.41, , , , 
2022-07-12 03:01:00,28.41, , , , 
2022-07-12 03:02:00,28.42, , , , 
2022-07-12 03:03:00,28.43, , , , 
2022-07-12 03:04:00,28.42, , , , 
2022-07-12 03:05:00,28.44, , , , 
2022-07-12 03:06:00,28.45, , , , 
2022-07-12 03:07:00,28.44, , , , 
2022-07-12 03:08:00,28.45, , , , 
2022-07-12 03:09:00,28.47, , , , 
2022-07-12 03:10:00,28.47, , , , 
2022-07-12 03:11:00,28.46, , , , 
2022-07-12 03:12:00,28.47, , , , 
2022-07-12 03:13:00,28.48, , , , 
2022-07-12 03:14:00,28.50, , , , 
2022-07-12 03:15:00,28.54, , , , 
2022-07-12 03:16:00,28.57, , , , 
2022-07-12 03:17:00,28.67, , , , 
2022-07-12 03:18:00,28.72, , , , 
2022-07-12 03:19:00,28.77, , , , 
2022-07-12 03:20:00,28.89, , , , 
2022-07-12 03:21:00,28.94, , , , 
2022-07-12 03:22:00,29.02, , , , 
2022-07-12 03:23:00,29.09, , , , 
2022-07-12 03:24:00,29.16, , , , 
2022-07-12 03:25:00,29.23, , , , 
2022-07-12 03:26:00,29.28, , , , 
2022-07-12 03:27:00,29.35, , , , 
2022-07-12 03:28:00,29.38, , , , 
2022-07-12 03:29:00,29.41, , , , 
2022-07-12 03:30:00,29.46, , , , 
2022-07-12 03:31:00,29.45, , , , 
2022-07-12 03:32:00,29.42, , , , 
2022-07-12 03:33:00,29.32, , , , 
2022-07-12 03:34:00,29.28, , , , 
2022-07-12 03:35:00,29.28, , , , 
2022-07-12 03:36:00,29.28, , , , 
2022-07-12 03:37:00,29.30, , , , 
2022-07-12 03:38:00,29.31, , , , 
2022-07-12 03:39:00,29.37, , , , 
2022-07-12 03:40:00,29.38, , , , 
2022-07-12 03:41:00,29.42, , , , 
2022-07-12 03:42:00,29.45, , , , 
2022-07-12 03:43:00,29.46, , , , 
2022-07-12 03:44:00,29.49, , , , 
2022-07-12 03:45:00,29.49, , , , 
2022-07-12 03:46:00,29.51, , , , 
2022-07-12 03:47:00,29.52, , , , 
2022-07-12 03:48:00,29.54, , , , 
2022-07-12 03:49:00,29.57, , , , 
2022-07-12 03:50:00,29.57, , , , 
2022-07-12 03:51:00,29.58, , , , 
2022-07-12 03:52:00,29.58, , , , 
2022-07-12 03:53:00,29.59, , , , 
2022-07-12 03:54:00,29.59, , , , 
2022-07-12 03:55:00,29.60, , , , 
2022-07-12 03:56:00,29.59, , , , 
2022-07-12 03:57:00,29.58, , , , 
2022-07-12 03:58:00,29.59, , , , 
2022-07-12 03:59:00,29.62, , , , 
2022-07-12 04:00:00,29.61, , , , 
2022-07-12 04:01:00,29.65, , , , 
2022-07-12 04:02:00,29.65, , , , 
2022-07-12 04:03:00,29.65, , , , 
2022-07-12 04:04:00,29.68, , , , 
2022-07-12 04:05:00,29.66, , , , 
2022-07-12 04:06:00,29.65, , , , 
2022-07-12 04:07:00,29.67, , , , 
2022-07-12 04:08:00,29.66, , , , 
2022-07-12 04:09:00,29.67, , , , 
2022-07-12 04:10:00,29.67, , , , 
2022-07-12 04:11:00,29.65, , , , 
2022-07-12 04:12:00,29.67, , , , 
2022-07-12 04:13:00,29.67, , , , 
2022-07-12 04:14:00,29.65, , , , 
2022-07-12 04:15:00,29.62, , , , 
2022-07-12 04:16:00,29.63, , , , 
2022-07-12 04:17:00,29.61, , , , 
2022-07-12 04:18:00,29.57, , , , 
2022-07-12 04:19:00,29.52, , , , 
2022-07-12 04:20:00,29.50, , , , 
2022-07-12 04:21:00,29.48, , , , 
2022-07-12 04:22:00,29.42, , , , 
2022-07-12 04:23:00,29.37, , , , 
2022-07-12 04:24:00,29.33, , , , 
2022-07-12 04:25:00,29.29, , , , 
2022-07-12 04:26:00,29.22, , , , 
2022-07-12 04:27:00,29.18, , , , 
2022-07-12 04:28:00,29.13, , , , 
2022-07-12 04:29:00,29.07, , , , 
2022-07-12 04:30:00,29.03, , , , 
2022-07-12 04:31:00,29.00, , , , 
2022-07-12 04:32:00,28.97, , , , 
2022-07-12 04:33:00,28.92, , , , 
2022-07-12 04:34:00,28.89, , , , 
2022-07-12 04:35:00,28.85, , , , 
2022-07-12 04:36:00,28.84, , , , 
2022-07-12 04:37:00,28.80, , , , 
2022-07-12 04:38:00,28.76, , , , 
2022-07-12 04:39:00,28.75, , , , 
2022-07-12 04:40:00,28.72, , , , 
2022-07-12 04:41:00,28.70, , , , 
2022-07-12 04:42:00,28.68, , , , 
2022-07-12 04:43:00,28.69, , , , 
2022-07-12 04:44:00,28.70, , , , 
2022-07-12 04:45:00,28.71, , , , 
2022-07-12 04:46:00,28.77, , , , 
2022-07-12 04:47:00,28.82, , , , 
2022-07-12 04:48:00,28.88, , , , 
2022-07-12 04:49:00,28.92, , , , 
2022-07-12 04:50:00,29.01, , , , 
2022-07-12 04:51:00,29.08, , , , 
2022-07-12 04:52:00,29.16, , , , 
2022-07-12 04:53:00,29.20, , , , 
2022-07-12 04:54:00,29.28, , , , 
2022-07-12 04:55:00,29.33, , , , 
2022-07-12 04:56:00,29.39, , , , 
2022-07-12 04:57:00,29.44, , , , 
2022-07-12 04:58:00,29.48, , , , 
2022-07-12 04:59:00,29.49, , , , 
2022-07-12 05:00:00,29.52, , , , 
2022-07-12 05:01:00,29.54, , , , 
2022-07-12 05:02:00,29.57, , , , 
2022-07-12 05:03:00,29.61, , , , 
2022-07-12 05:04:00,29.63, , , , 
2022-07-12 05:05:00,29.65, , , , 
2022-07-12 05:06:00,29.68, , , , 
2022-07-12 05:07:00,29.66, , , , 
2022-07-12 05:08:00,29.68, , , , 
2022-07-12 05:09:00,29.70, , , , 
2022-07-12 05:10:00,29.70, , , , 
2022-07-12 05:11:00,29.72, , , , 
2022-07-12 05:12:00,29.67, , , , 
2022-07-12 05:13:00,29.59, , , , 
2022-07-12 05:14:00,29.47, , , , 
2022-07-12 05:15:00,29.42, , , , 
2022-07-12 05:16:00,29.42, , , , 
2022-07-12 05:17:00,29.41, , , , 
2022-07-12 05:18:00,29.42, , , , 
2022-07-12 05:19:00,29.46, , , , 
2022-07-12 05:20:00,29.47, , , , 
2022-07-12 05:21:00,29.50, , , , 
2022-07-12 05:22:00,29.52, , , , 
2022-07-12 05:23:00,29.54, , , , 
2022-07-12 05:24:00,29.56, , , , 
2022-07-12 05:25:00,29.57, , , , 
2022-07-12 05:26:00,29.59, , , , 
2022-07-12 05:27:00,29.57, , , , 
2022-07-12 05:28:00,29.59, , , , 
2022-07-12 05:29:00,29.61, , , , 
2022-07-12 05:30:00,29.62, , , , 
2022-07-12 05:31:00,29.62, , , , 
2022-07-12 05:32:00,29.61, , , , 
2022-07-12 05:33:00,29.64, , , , 
2022-07-12 05:34:00,29.64, , , , 
2022-07-12 05:35:00,29.63, , , , 
2022-07-12 05:36:00,29.64, , , , 
2022-07-12 05:37:00,29.64, , , , 
2022-07-12 05:38:00,29.65, , , , 
2022-07-12 05:39:00,29.67, , , , 
2022-07-12 05:40:00,29.70, , , , 
2022-07-12 05:41:00,29.67, , , , 
2022-07-12 05:42:00,29.71, , , , 
2022-07-12 05:43:00,29.70, , , , 
2022-07-12 05:44:00,29.70, , , , 
2022-07-12 05:45:00,29.70, , , , 
2022-07-12 05:46:00,29.71, , , , 
2022-07-12 05:47:00,29.70, , , , 
2022-07-12 05:48:00,29.72, , , , 
2022-07-12 05:49:00,29.72, , , , 
2022-07-12 05:50:00,29.71, , , , 
2022-07-12 05:51:00,29.71, , , , 
2022-07-12 05:52:00,29.74, , , , 
2022-07-12 05:53:00,29.73, , , , 
2022-07-12 05:54:00,29.70, , , , 
2022-07-12 05:55:00,29.67, , , , 
2022-07-12 05:56:00,29.67, , , , 
2022-07-12 05:57:00,29.63, , , , 
2022-07-12 05:58:00,29.60, , , , 
2022-07-12 05:59:00,29.57, , , , 
2022-07-12 06:00:00,29.50, , , , 
2022-07-12 06:01:00,29.46, , , , 
2022-07-12 06:02:00,29.38, , , , 
2022-07-12 06:03:00,29.34, , , , 
2022-07-12 06:04:00,29.28, , , , 
2022-07-12 06:05:00,29.21, , , , 
2022-07-12 06:06:00,29.17, , , , 
2022-07-12 06:07:00,29.11, , , , 
2022-07-12 06:08:00,29.05, , , , 
2022-07-12 06:09:00,29.02, , , , 
2022-07-12 06:10:00,28.97, , , , 
2022-07-12 06:11:00,28.93, , , , 
2022-07-12 06:12:00,28.91, , , , 
2022-07-12 06:13:00,28.83, , , , 
2022-07-12 06:14:00,28.82, , , , 
2022-07-12 06:15:00,28.79, , , , 
2022-07-12 06:16:00,28.77, , , , 
2022-07-12 06:17:00,28.73, , , , 
2022-07-12 06:18:00,28.70, , , , 
2022-07-12 06:19:00,28.67, , , , 
2022-07-12 06:20:00,28.69, , , , 
2022-07-12 06:21:00,28.62, , , , 
2022-07-12 06:22:00,28.62, , , , 
2022-07-12 06:23:00,28.60, , , , 
2022-07-12 06:24:00,28.60, , , , 
2022-07-12 06:25:00,28.57, , , , 
2022-07-12 06:26:00,28.58, , , , 
2022-07-12 06:27:00,28.54, , , , 
2022-07-12 06:28:00,28.55, , , , 
2022-07-12 06:29:00,28.53, , , , 
2022-07-12 06:30:00,28.54, , , , 
2022-07-12 06:31:00,28.54, , , , 
2022-07-12 06:32:00,28.54, , , , 
2022-07-12 06:33:00,28.56, , , , 
2022-07-12 06:34:00,28.60, , , , 
2022-07-12 06:35:00,28.63, , , , 
2022-07-12 06:36:00,28.70, , , , 
2022-07-12 06:37:00,28.79, , , , 
2022-07-12 06:38:00,28.89, , , , 
2022-07-12 06:39:00,28.94, , , , 
2022-07-12 06:40:00,29.02, , , , 
2022-07-12 06:41:00,29.12, , , , 
2022-07-12 06:42:00,29.18, , , , 
2022-07-12 06:43:00,29.26, , , , 
2022-07-12 06:44:00,29.32, , , , 
2022-07-12 06:45:00,29.38, , , , 
2022-07-12 06:46:00,29.42, , , , 
2022-07-12 06:47:00,29.46, , , , 
2022-07-12 06:48:00,29.51, , , , 
2022-07-12 06:49:00,29.54, , , , 
2022-07-12 06:50:00,29.59, , , , 
2022-07-12 06:51:00,29.61, , , , 
2022-07-12 06:52:00,29.64, , , , 
2022-07-12 06:53:00,29.64, , , , 
2022-07-12 06:54:00,29.68, , , , 
2022-07-12 06:55:00,29.70, , , , 
2022-07-12 06:56:00,29.70, , , , 
2022-07-12 06:57:00,29.74, , , , 
2022-07-12 06:58:00,29.74, , , , 
2022-07-12 06:59:00,29.74, , , , 
2022-07-12 07:00:00,29.76, , , , 
2022-07-12 07:01:00,29.76, , , , 
2022-07-12 07:02:00,29.75, , , , 
2022-07-12 07:03:00,29.80, , , , 
2022-07-12 07:04:00,29.83, , , , 
2022-07-12 07:05:00,29.89, , , , 
2022-07-12 07:06:00,29.92, , , , 
2022-07-12 07:07:00,30.01, , , , 
2022-07-12 07:08:00,30.06, , , , 
2022-07-12 07:09:00,30.12, , , , 
2022-07-12 07:10:00,30.18, , , , 
2022-07-12 07:11:00,30.19, , , , 
2022-07-12 07:12:00,30.18, , , , 
2022-07-12 07:13:00,30.15, , , , 
2022-07-12 07:14:00,30.13, , , , 
2022-07-12 07:15:00,30.08, , , , 
2022-07-12 07:16:00,30.07, , , , 
2022-07-12 07:17:00,30.05, , , , 
2022-07-12 07:18:00,30.02, , , , 
2022-07-12 07:19:00,30.03, , , , 
2022-07-12 07:20:00,30.00, , , , 
2022-07-12 07:21:00,30.00, , , , 
2022-07-12 07:22:00,29.97, , , , 
2022-07-12 07:23:00,29.95, , , , 
2022-07-12 07:24:00,29.92, , , , 
2022-07-12 07:25:00,29.90, , , , 
2022-07-12 07:26:00,29.89, , , , 
2022-07-12 07:27:00,29.90, , , , 
2022-07-12 07:28:00,29.88, , , , 
2022-07-12 07:29:00,29.89, , , , 
2022-07-12 07:30:00,29.88, , , , 
2022-07-12 07:31:00,29.87, , , , 
2022-07-12 07:32:00,29.86, , , , 
2022-07-12 07:33:00,29.87, , , , 
2022-07-12 07:34:00,29.86, , , , 
2022-07-12 07:35:00,29.85, , , , 
2022-07-12 07:36:00,29.85, , , , 
2022-07-12 07:37:00,29.82, , , , 
2022-07-12 07:38:00,29.85, , , , 
2022-07-12 07:39:00,29.85, , , , 
2022-07-12 07:40:00,29.81, , , , 
2022-07-12 07:41:00,29.85, , , , 
2022-07-12 07:42:00,29.85, , , , 
2022-07-12 07:43:00,29.87, , , , 
2022-07-12 07:44:00,29.83, , , , 
2022-07-12 07:45:00,29.82, , , , 
2022-07-12 07:46:00,29.80, , , , 
2022-07-12 07:47:00,29.78, , , , 
2022-07-12 07:48:00,29.75, , , , 
2022-07-12 07:49:00,29.74, , , , 
2022-07-12 07:50:00,29.68, , , , 
2022-07-12 07:51:00,29.66, , , , 
2022-07-12 07:52:00,29.64, , , , 
2022-07-12 07:53:00,29.63, , , , 
2022-07-12 07:54:00,29.57, , , , 
2022-07-12 07:55:00,29.52, , , , 
2022-07-12 07:56:00,29.49, , , , 
2022-07-12 07:57:00,29.45, , , , 
2022-07-12 07:58:00,29.39, , , , 
2022-07-12 07:59:00,29.35, , , , 
2022-07-12 08:00:00,29.29, , , , 
2022-07-12 08:01:00,29.24, , , , 
2022-07-12 08:02:00,29.18, , , , 
2022-07-12 08:03:00,29.18, , , , 
2022-07-12 08:04:00,29.12, , , , 
2022-07-12 08:05:00,29.07, , , , 
2022-07-12 08:06:00,29.06, , , , 
2022-07-12 08:07:00,29.00, , , , 
2022-07-12 08:08:00,28.95, , , , 
2022-07-12 08:09:00,28.92, , , , 
2022-07-12 08:10:00,28.89, , , , 
2022-07-12 08:11:00,28.86, , , , 
2022-07-12 08:12:00,28.88, , , , 
2022-07-12 08:13:00,28.88, , , , 
2022-07-12 08:14:00,28.92, , , , 
2022-07-12 08:15:00,28.97, , , , 
2022-07-12 08:16:00,29.01, , , , 
2022-07-12 08:17:00,29.09, , , , 
2022-07-12 08:18:00,29.16, , , , 
2022-07-12 08:19:00,29.24, , , , 
2022-07-12 08:20:00,29.28, , , , 
2022-07-12 08:21:00,29.36, , , , 
2022-07-12 08:22:00,29.45, , , , 
2022-07-12 08:23:00,29.49, , , , 
2022-07-12 08:24:00,29.54, , , , 
2022-07-12 08:25:00,29.59, , , , 
2022-07-12 08:26:00,29.60, , , , 
2022-07-12 08:27:00,29.65, , , , 
2022-07-12 08:28:00,29.67, , , , 
2022-07-12 08:29:00,29.72, , , , 
2022-07-12 08:30:00,29.73, , , , 
2022-07-12 08:31:00,29.75, , , , 
2022-07-12 08:32:00,29.76, , , , 
2022-07-12 08:33:00,29.79, , , , 
2022-07-12 08:34:00,29.79, , , , 
2022-07-12 08:35:00,29.81, , , , 
2022-07-12 08:36:00,29.83, , , , 
2022-07-12 08:37:00,29.86, , , , 
2022-07-12 08:38:00,29.85, , , , 
2022-07-12 08:39:00,29.85, , , , 
2022-07-12 08:40:00,29.83, , , , 
2022-07-12 08:41:00,29.78, , , , 
2022-07-12 08:42:00,29.71, , , , 
2022-07-12 08:43:00,29.66, , , , 
2022-07-12 08:44:00,29.66, , , , 
2022-07-12 08:45:00,29.64, , , , 
2022-07-12 08:46:00,29.68, , , , 
2022-07-12 08:47:00,29.70, , , , 
2022-07-12 08:48:00,29.77, , , , 
2022-07-12 08:49:00,29.77, , , , 
2022-07-12 08:50:00,29.78, , , , 
2022-07-12 08:51:00,29.81, , , , 
2022-07-12 08:52:00,29.80, , , , 
2022-07-12 08:53:00,29.81, , , , 
2022-07-12 08:54:00,29.82, , , , 
2022-07-12 08:55:00,29.82, , , , 
2022-07-12 08:56:00,29.82, , , , 
2022-07-12 08:57:00,29.86, , , , 
2022-07-12 08:58:00,29.87, , , , 
2022-07-12 08:59:00,29.87, , , , 
2022-07-12 09:00:00,29.88, , , , 
2022-07-12 09:01:00,29.86, , , , 
2022-07-12 09:02:00,29.87, , , , 
2022-07-12 09:03:00,29.87, , , , 
2022-07-12 09:04:00,29.86, , , , 
2022-07-12 09:05:00,29.88, , , , 
2022-07-12 09:06:00,29.87, , , , 
2022-07-12 09:07:00,29.89, , , , 
2022-07-12 09:08:00,29.85, , , , 
2022-07-12 09:09:00,29.77, , , , 
2022-07-12 09:10:00,29.71, , , , 
2022-07-12 09:11:00,29.65, , , , 
2022-07-12 09:12:00,29.62, , , , 
2022-07-12 09:13:00,29.59, , , , 
2022-07-12 09:14:00,29.60, , , , 
2022-07-12 09:15:00,29.59, , , , 
2022-07-12 09:16:00,29.61, , , , 
2022-07-12 09:17:00,29.64, , , , 
2022-07-12 09:18:00,29.64, , , , 
2022-07-12 09:19:00,29.61, , , , 
2022-07-12 09:20:00,29.60, , , , 
2022-07-12 09:21:00,29.60, , , , 
2022-07-12 09:22:00,29.59, , , , 
2022-07-12 09:23:00,29.58, , , , 
2022-07-12 09:24:00,29.56, , , , 
2022-07-12 09:25:00,29.56, , , , 
2022-07-12 09:26:00,29.50, , , , 
2022-07-12 09:27:00,29.48, , , , 
2022-07-12 09:28:00,29.39, , , , 
2022-07-12 09:29:00,29.33, , , , 
2022-07-12 09:30:00,29.26, , , , 
2022-07-12 09:31:00,29.20, , , , 
2022-07-12 09:32:00,29.16, , , , 
2022-07-12 09:33:00,29.09, , , , 
2022-07-12 09:34:00,29.05, , , , 
2022-07-12 09:35:00,29.04, , , , 
2022-07-12 09:36:00,29.02, , , , 
2022-07-12 09:37:00,29.00, , , , 
2022-07-12 09:38:00,28.97, , , , 
2022-07-12 09:39:00,28.92, , , , 
2022-07-12 09:40:00,28.89, , , , 
2022-07-12 09:41:00,28.86, , , , 
2022-07-12 09:42:00,28.80, , , , 
2022-07-12 09:43:00,28.80, , , , 
2022-07-12 09:44:00,28.77, , , , 
2022-07-12 09:45:00,28.73, , , , 
2022-07-12 09:46:00,28.70, , , , 
2022-07-12 09:47:00,28.69, , , , 
2022-07-12 09:48:00,28.65, , , , 
2022-07-12 09:49:00,28.63, , , , 
2022-07-12 09:50:00,28.60, , , , 
2022-07-12 09:51:00,28.56, , , , 
2022-07-12 09:52:00,28.55, , , , 
2022-07-12 09:53:00,28.50, , , , 
2022-07-12 09:54:00,28.46, , , , 
2022-07-12 09:55:00,28.43, , , , 
2022-07-12 09:56:00,28.39, , , , 
2022-07-12 09:57:00,28.38, , , , 
2022-07-12 09:58:00,28.37, , , , 
2022-07-12 09:59:00,28.34, , , , 
2022-07-12 10:00:00,28.34, , , , 
2022-07-12 10:01:00,28.31, , , , 
2022-07-12 10:02:00,28.31, , , , 
2022-07-12 10:03:00,28.27, , , , 
2022-07-12 10:04:00,28.26, , , , 
2022-07-12 10:05:00,28.24, , , , 
2022-07-12 10:06:00,28.23, , , , 
2022-07-12 10:07:00,28.21, , , , 
2022-07-12 10:08:00,28.21, , , , 
2022-07-12 10:09:00,28.18, , , , 
2022-07-12 10:10:00,28.17, , , , 
2022-07-12 10:11:00,28.17, , , , 
2022-07-12 10:12:00,28.18, , , , 
2022-07-12 10:13:00,28.19, , , , 
2022-07-12 10:14:00,28.18, , , , 
2022-07-12 10:15:00,28.17, , , , 
2022-07-12 10:16:00,28.16, , , , 
2022-07-12 10:17:00,28.18, , , , 
2022-07-12 10:18:00,28.18, , , , 
2022-07-12 10:19:00,28.16, , , , 
2022-07-12 10:20:00,28.19, , , , 
2022-07-12 10:21:00,28.18, , , , 
2022-07-12 10:22:00,28.15, , , , 
2022-07-12 10:23:00,28.04, , , , 
2022-07-12 10:24:00,28.00, , , , 
2022-07-12 10:25:00,27.99, , , , 
2022-07-12 10:26:00,28.04, , , , 
2022-07-12 10:27:00,28.11, , , , 
2022-07-12 10:28:00,28.15, , , , 
2022-07-12 10:29:00,28.21, , , , 
2022-07-12 10:30:00,28.27, , , , 
2022-07-12 10:31:00,28.29, , , , 
2022-07-12 10:32:00,28.33, , , , 
2022-07-12 10:33:00,28.38, , , , 
2022-07-12 10:34:00,28.41, , , , 
2022-07-12 10:35:00,28.44, , , , 
2022-07-12 10:36:00,28.47, , , , 
2022-07-12 10:37:00,28.50, , , , 
2022-07-12 10:38:00,28.54, , , , 
2022-07-12 10:39:00,28.56, , , , 
2022-07-12 10:40:00,28.60, , , , 
2022-07-12 10:41:00,28.62, , , , 
2022-07-12 10:42:00,28.65, , , , 
2022-07-12 10:43:00,28.69, , , , 
2022-07-12 10:44:00,28.72, , , , 
2022-07-12 10:45:00,28.71, , , , 
2022-07-12 10:46:00,28.74, , , , 
2022-07-12 10:47:00,28.82, , , , 
2022-07-12 10:48:00,28.88, , , , 
2022-07-12 10:49:00,28.99, , , , 
2022-07-12 10:50:00,29.08, , , , 
2022-07-12 10:51:00,29.18, , , , 
2022-07-12 10:52:00,29.30, , , , 
2022-07-12 10:53:00,29.44, , , , 
2022-07-12 10:54:00,29.52, , , , 
2022-07-12 10:55:00,29.62, , , , 
2022-07-12 10:56:00,29.70, , , , 
2022-07-12 10:57:00,29.73, , , , 
2022-07-12 10:58:00,29.79, , , , 
2022-07-12 10:59:00,29.82, , , , 
2022-07-12 11:00:00,29.90, , , , 
2022-07-12 11:01:00,29.95, , , , 
2022-07-12 11:02:00,30.00, , , , 
2022-07-12 11:03:00,30.07, , , , 
2022-07-12 11:04:00,30.09, , , , 
2022-07-12 11:05:00,30.10, , , , 
2022-07-12 11:06:00,30.13, , , , 
2022-07-12 11:07:00,30.15, , , , 
2022-07-12 11:08:00,30.15, , , , 
2022-07-12 11:09:00,30.13, , , , 
2022-07-12 11:10:00,30.12, , , , 
2022-07-12 11:11:00,30.12, , , , 
2022-07-12 11:12:00,30.13, , , , 
2022-07-12 11:13:00,30.15, , , , 
2022-07-12 11:14:00,30.15, , , , 
2022-07-12 11:15:00,30.13, , , , 
2022-07-12 11:16:00,30.12, , , , 
2022-07-12 11:17:00,30.10, , , , 
2022-07-12 11:18:00,30.12, , , , 
2022-07-12 11:19:00,30.11, , , , 
2022-07-12 11:20:00,30.09, , , , 
2022-07-12 11:21:00,30.09, , , , 
2022-07-12 11:22:00,30.04, , , , 
2022-07-12 11:23:00,30.05, , , , 
2022-07-12 11:24:00,30.00, , , , 
2022-07-12 11:25:00,30.01, , , , 
2022-07-12 11:26:00,29.96, , , , 
2022-07-12 11:27:00,29.91, , , , 
2022-07-12 11:28:00,29.89, , , , 
2022-07-12 11:29:00,29.87, , , , 
2022-07-12 11:30:00,29.87, , , , 
2022-07-12 11:31:00,29.88, , , , 
2022-07-12 11:32:00,29.89, , , , 
2022-07-12 11:33:00,29.95, , , , 
2022-07-12 11:34:00,29.97, , , , 
2022-07-12 11:35:00,30.01, , , , 
2022-07-12 11:36:00,30.05, , , , 
2022-07-12 11:37:00,30.10, , , , 
2022-07-12 11:38:00,30.13, , , , 
2022-07-12 11:39:00,30.19, , , , 
2022-07-12 11:40:00,30.22, , , , 
2022-07-12 11:41:00,30.24, , , , 
2022-07-12 11:42:00,30.30, , , , 
2022-07-12 11:43:00,30.30, , , , 
2022-07-12 11:44:00,30.27, , , , 
2022-07-12 11:45:00,30.26, , , , 
2022-07-12 11:46:00,30.25, , , , 
2022-07-12 11:47:00,30.25, , , , 
2022-07-12 11:48:00,30.25, , , , 
2022-07-12 11:49:00,30.23, , , , 
2022-07-12 11:50:00,30.20, , , , 
2022-07-12 11:51:00,30.16, , , , 
2022-07-12 11:52:00,30.13, , , , 
2022-07-12 11:53:00,30.12, , , , 
2022-07-12 11:54:00,30.08, , , , 
2022-07-12 11:55:00,30.06, , , , 
2022-07-12 11:56:00,30.03, , , , 
2022-07-12 11:57:00,30.01, , , , 
2022-07-12 11:58:00,30.00, , , , 
2022-07-12 11:59:00,29.96, , , , 
2022-07-12 12:00:00,29.94, , , , 
2022-07-12 12:01:00,29.90, , , , 
2022-07-12 12:02:00,29.87, , , , 
2022-07-12 12:03:00,29.87, , , , 
2022-07-12 12:04:00,29.81, , , , 
2022-07-12 12:05:00,29.82, , , , 
2022-07-12 12:06:00,29.86, , , , 
2022-07-12 12:07:00,29.87, , , , 
2022-07-12 12:08:00,29.91, , , , 
2022-07-12 12:09:00,29.93, , , , 
2022-07-12 12:10:00,29.96, , , , 
2022-07-12 12:11:00,30.02, , , , 
2022-07-12 12:12:00,30.03, , , , 
2022-07-12 12:13:00,30.05, , , , 
2022-07-12 12:14:00,30.08, , , , 
2022-07-12 12:15:00,30.13, , , , 
2022-07-12 12:16:00,30.13, , , , 
2022-07-12 12:17:00,30.17, , , , 
2022-07-12 12:18:00,30.15, , , , 
2022-07-12 12:19:00,30.16, , , , 
2022-07-12 12:20:00,30.12, , , , 
2022-07-12 12:21:00,30.12, , , , 
2022-07-12 12:22:00,30.11, , , , 
2022-07-12 12:23:00,30.09, , , , 
2022-07-12 12:24:00,30.05, , , , 
2022-07-12 12:25:00,30.05, , , , 
2022-07-12 12:26:00,30.02, , , , 
2022-07-12 12:27:00,30.01, , , , 
2022-07-12 12:28:00,29.98, , , , 
2022-07-12 12:29:00,29.94, , , , 
2022-07-12 12:30:00,29.92, , , , 
2022-07-12 12:31:00,29.91, , , , 
2022-07-12 12:32:00,29.88, , , , 
2022-07-12 12:33:00,29.86, , , , 
2022-07-12 12:34:00,29.85, , , , 
2022-07-12 12:35:00,29.80, , , , 
2022-07-12 12:36:00,29.82, , , , 
2022-07-12 12:37:00,29.79, , , , 
2022-07-12 12:38:00,29.76, , , , 
2022-07-12 12:39:00,29.76, , , , 
2022-07-12 12:40:00,29.78, , , , 
2022-07-12 12:41:00,29.81, , , , 
2022-07-12 12:42:00,29.82, , , , 
2022-07-12 12:43:00,29.89, , , , 
2022-07-12 12:44:00,29.89, , , , 
2022-07-12 12:45:00,29.93, , , , 
2022-07-12 12:46:00,29.97, , , , 
2022-07-12 12:47:00,30.03, , , , 
2022-07-12 12:48:00,30.06, , , , 
2022-07-12 12:49:00,30.13, , , , 
2022-07-12 12:50:00,30.16, , , , 
2022-07-12 12:51:00,30.18, , , , 
2022-07-12 12:52:00,30.18, , , , 
2022-07-12 12:53:00,30.16, , , , 
2022-07-12 12:54:00,30.12, , , , 
2022-07-12 12:55:00,30.15, , , , 
2022-07-12 12:56:00,30.12, , , , 
2022-07-12 12:57:00,30.13, , , , 
2022-07-12 12:58:00,30.09, , , , 
2022-07-12 12:59:00,30.07, , , , 
2022-07-12 13:00:00,30.05, , , , 
2022-07-12 13:01:00,30.03, , , , 
2022-07-12 13:02:00,30.01, , , , 
2022-07-12 13:03:00,29.97, , , , 
2022-07-12 13:04:00,29.93, , , , 
2022-07-12 13:05:00,29.91, , , , 
2022-07-12 13:06:00,29.86, , , , 
2022-07-12 13:07:00,29.83, , , , 
2022-07-12 13:08:00,29.82, , , , 
2022-07-12 13:09:00,29.77, , , , 
2022-07-12 13:10:00,29.78, , , , 
2022-07-12 13:11:00,29.75, , , , 
2022-07-12 13:12:00,29.75, , , , 
2022-07-12 13:13:00,29.74, , , , 
2022-07-12 13:14:00,29.74, , , , 
2022-07-12 13:15:00,29.70, , , , 
2022-07-12 13:16:00,29.68, , , , 
2022-07-12 13:17:00,29.67, , , , 
2022-07-12 13:18:00,29.64, , , , 
2022-07-12 13:19:00,29.62, , , , 
2022-07-12 13:20:00,29.64, , , , 
2022-07-12 13:21:00,29.66, , , , 
2022-07-12 13:22:00,29.70, , , , 
2022-07-12 13:23:00,29.74, , , , 
2022-07-12 13:24:00,29.77, , , , 
2022-07-12 13:25:00,29.79, , , , 
2022-07-12 13:26:00,29.87, , , , 
2022-07-12 13:27:00,29.90, , , , 
2022-07-12 13:28:00,29.92, , , , 
2022-07-12 13:29:00,29.97, , , , 
2022-07-12 13:30:00,30.01, , , , 
2022-07-12 13:31:00,30.05, , , , 
2022-07-12 13:32:00,30.06, , , , 
2022-07-12 13:33:00,30.06, , , , 
2022-07-12 13:34:00,30.04, , , , 
2022-07-12 13:35:00,30.02, , , , 
2022-07-12 13:36:00,30.03, , , , 
2022-07-12 13:37:00,29.96, , , , 
2022-07-12 13:38:00,29.98, , , , 
2022-07-12 13:39:00,29.96, , , , 
2022-07-12 13:40:00,29.97, , , , 
2022-07-12 13:41:00,29.95, , , , 
2022-07-12 13:42:00,29.93, , , , 
2022-07-12 13:43:00,29.91, , , , 
2022-07-12 13:44:00,29.92, , , , 
2022-07-12 13:45:00,29.87, , , , 
2022-07-12 13:46:00,29.87, , , , 
2022-07-12 13:47:00,29.83, , , , 
2022-07-12 13:48:00,29.79, , , , 
2022-07-12 13:49:00,29.77, , , , 
2022-07-12 13:50:00,29.77, , , , 
2022-07-12 13:51:00,29.74, , , , 
2022-07-12 13:52:00,29.75, , , , 
2022-07-12 13:53:00,29.72, , , , 
2022-07-12 13:54:00,29.71, , , , 
2022-07-12 13:55:00,29.74, , , , 
2022-07-12 13:56:00,29.72, , , , 
2022-07-12 13:57:00,29.73, , , , 
2022-07-12 13:58:00,29.72, , , , 
2022-07-12 13:59:00,29.70, , , , 
2022-07-12 14:00:00,29.72, , , , 
2022-07-12 14:01:00,29.70, , , , 
2022-07-12 14:02:00,29.68, , , , 
2022-07-12 14:03:00,29.68, , , , 
2022-07-12 14:04:00,29.66, , , , 
2022-07-12 14:05:00,29.66, , , , 
2022-07-12 14:06:00,29.65, , , , 
2022-07-12 14:07:00,29.66, , , , 
2022-07-12 14:08:00,29.65, , , , 
2022-07-12 14:09:00,29.65, , , , 
2022-07-12 14:10:00,29.63, , , , 
2022-07-12 14:11:00,29.60, , , , 
2022-07-12 14:12:00,29.62, , , , 
2022-07-12 14:13:00,29.63, , , , 
2022-07-12 14:14:00,29.65, , , , 
2022-07-12 14:15:00,29.68, , , , 
2022-07-12 14:16:00,29.71, , , , 
2022-07-12 14:17:00,29.75, , , , 
2022-07-12 14:18:00,29.77, , , , 
2022-07-12 14:19:00,29.82, , , , 
2022-07-12 14:20:00,29.88, , , , 
2022-07-12 14:21:00,29.92, , , , 
2022-07-12 14:22:00,29.98, , , , 
2022-07-12 14:23:00,30.01, , , , 
2022-07-12 14:24:00,30.05, , , , 
2022-07-12 14:25:00,30.05, , , , 
2022-07-12 14:26:00,30.04, , , , 
2022-07-12 14:27:00,30.03, , , , 
2022-07-12 14:28:00,30.01, , , , 
2022-07-12 14:29:00,30.00, , , , 
2022-07-12 14:30:00,30.00, , , , 
2022-07-12 14:31:00,29.95, , , , 
2022-07-12 14:32:00,29.91, , , , 
2022-07-12 14:33:00,29.88, , , , 
2022-07-12 14:34:00,29.87, , , , 
2022-07-12 14:35:00,29.82, , , , 
2022-07-12 14:36:00,29.80, , , , 
2022-07-12 14:37:00,29.80, , , , 
2022-07-12 14:38:00,29.76, , , , 
2022-07-12 14:39:00,29.75, , , , 
2022-07-12 14:40:00,29.73, , , , 
2022-07-12 14:41:00,29.70, , , , 
2022-07-12 14:42:00,29.70, , , , 
2022-07-12 14:43:00,29.66, , , , 
2022-07-12 14:44:00,29.67, , , , 
2022-07-12 14:45:00,29.64, , , , 
2022-07-12 14:46:00,29.64, , , , 
2022-07-12 14:47:00,29.64, , , , 
2022-07-12 14:48:00,29.64, , , , 
2022-07-12 14:49:00,29.64, , , , 
2022-07-12 14:50:00,29.59, , , , 
2022-07-12 14:51:00,29.61, , , , 
2022-07-12 14:52:00,29.59, , , , 
2022-07-12 14:53:00,29.58, , , , 
2022-07-12 14:54:00,29.58, , , , 
2022-07-12 14:55:00,29.57, , , , 
2022-07-12 14:56:00,29.56, , , , 
2022-07-12 14:57:00,29.54, , , , 
2022-07-12 14:58:00,29.54, , , , 
2022-07-12 14:59:00,29.53, , , , 
2022-07-12 15:00:00,29.52, , , , 
2022-07-12 15:01:00,29.51, , , , 
2022-07-12 15:02:00,29.49, , , , 
2022-07-12 15:03:00,29.50, , , , 
2022-07-12 15:04:00,29.49, , , , 
2022-07-12 15:05:00,29.46, , , , 
2022-07-12 15:06:00,29.48, , , , 
2022-07-12 15:07:00,29.49, , , , 
2022-07-12 15:08:00,29.49, , , , 
2022-07-12 15:09:00,29.49, , , , 
2022-07-12 15:10:00,29.49, , , , 
2022-07-12 15:11:00,29.49, , , , 
2022-07-12 15:12:00,29.48, , , , 
2022-07-12 15:13:00,29.50, , , , 
2022-07-12 15:14:00,29.50, , , , 
2022-07-12 15:15:00,29.49, , , , 
2022-07-12 15:16:00,29.46, , , , 
2022-07-12 15:17:00,29.47, , , , 
2022-07-12 15:18:00,29.49, , , , 
2022-07-12 15:19:00,29.49, , , , 
2022-07-12 15:20:00,29.48, , , , 
2022-07-12 15:21:00,29.45, , , , 
2022-07-12 15:22:00,29.47, , , , 
2022-07-12 15:23:00,29.49, , , , 
2022-07-12 15:24:00,29.46, , , , 
2022-07-12 15:25:00,29.47, , , , 
2022-07-12 15:26:00,29.47, , , , 
2022-07-12 15:27:00,29.46, , , , 
2022-07-12 15:28:00,29.46, , , , 
2022-07-12 15:29:00,29.43, , , , 
2022-07-12 15:30:00,29.44, , , , 
2022-07-12 15:31:00,29.43, , , , 
2022-07-12 15:32:00,29.44, , , , 
2022-07-12 15:33:00,29.42, , , , 
2022-07-12 15:34:00,29.39, , , , 
2022-07-12 15:35:00,29.39, , , , 
2022-07-12 15:36:00,29.42, , , , 
2022-07-12 15:37:00,29.42, , , , 
2022-07-12 15:38:00,29.45, , , , 
2022-07-12 15:39:00,29.50, , , , 
2022-07-12 15:40:00,29.54, , , , 
2022-07-12 15:41:00,29.60, , , , 
2022-07-12 15:42:00,29.63, , , , 
2022-07-12 15:43:00,29.70, , , , 
2022-07-12 15:44:00,29.76, , , , 
2022-07-12 15:45:00,29.81, , , , 
2022-07-12 15:46:00,29.86, , , , 
2022-07-12 15:47:00,29.90, , , , 
2022-07-12 15:48:00,29.92, , , , 
2022-07-12 15:49:00,29.93, , , , 
2022-07-12 15:50:00,29.90, , , , 
2022-07-12 15:51:00,29.86, , , , 
2022-07-12 15:52:00,29.85, , , , 
2022-07-12 15:53:00,29.83, , , , 
2022-07-12 15:54:00,29.82, , , , 
2022-07-12 15:55:00,29.80, , , , 
2022-07-12 15:56:00,29.77, , , , 
2022-07-12 15:57:00,29.76, , , , 
2022-07-12 15:58:00,29.74, , , , 
2022-07-12 15:59:00,29.72, , , , 
2022-07-12 16:00:00,29.72, , , , 
2022-07-12 16:01:00,29.68, , , , 
2022-07-12 16:02:00,29.67, , , , 
2022-07-12 16:03:00,29.67, , , , 
2022-07-12 16:04:00,29.65, , , , 
2022-07-12 16:05:00,29.65, , , , 
2022-07-12 16:06:00,29.63, , , , 
2022-07-12 16:07:00,29.61, , , , 
2022-07-12 16:08:00,29.59, , , , 
2022-07-12 16:09:00,29.59, , , , 
2022-07-12 16:10:00,29.58, , , , 
2022-07-12 16:11:00,29.58, , , , 
2022-07-12 16:12:00,29.57, , , , 
2022-07-12 16:13:00,29.57, , , , 
2022-07-12 16:14:00,29.57, , , , 
2022-07-12 16:15:00,29.57, , , , 
2022-07-12 16:16:00,29.56, , , , 
2022-07-12 16:17:00,29.54, , , , 
2022-07-12 16:18:00,29.53, , , , 
2022-07-12 16:19:00,29.49, , , , 
2022-07-12 16:20:00,29.48, , , , 
2022-07-12 16:21:00,29.45, , , , 
2022-07-12 16:22:00,29.45, , , , 
2022-07-12 16:23:00,29.43, , , , 
2022-07-12 16:24:00,29.43, , , , 
2022-07-12 16:25:00,29.39, , , , 
2022-07-12 16:26:00,29.39, , , , 
2022-07-12 16:27:00,29.42, , , , 
2022-07-12 16:28:00,29.44, , , , 
2022-07-12 16:29:00,29.48, , , , 
2022-07-12 16:30:00,29.53, , , , 
2022-07-12 16:31:00,29.59, , , , 
2022-07-12 16:32:00,29.63, , , , 
2022-07-12 16:33:00,29.67, , , , 
2022-07-12 16:34:00,29.73, , , , 
2022-07-12 16:35:00,29.81, , , , 
2022-07-12 16:36:00,29.86, , , , 
2022-07-12 16:37:00,29.94, , , , 
2022-07-12 16:38:00,30.02, , , , 
2022-07-12 16:39:00,30.05, , , , 
2022-07-12 16:40:00,30.05, , , , 
2022-07-12 16:41:00,30.00, , , , 
2022-07-12 16:42:00,29.96, , , , 
2022-07-12 16:43:00,29.94, , , , 
2022-07-12 16:44:00,29.91, , , , 
2022-07-12 16:45:00,29.91, , , , 
2022-07-12 16:46:00,29.90, , , , 
2022-07-12 16:47:00,29.86, , , , 
2022-07-12 16:48:00,29.87, , , , 
2022-07-12 16:49:00,29.79, , , , 
2022-07-12 16:50:00,29.77, , , , 
2022-07-12 16:51:00,29.76, , , , 
2022-07-12 16:52:00,29.75, , , , 
2022-07-12 16:53:00,29.71, , , , 
2022-07-12 16:54:00,29.68, , , , 
2022-07-12 16:55:00,29.66, , , , 
2022-07-12 16:56:00,29.65, , , , 
2022-07-12 16:57:00,29.62, , , , 
2022-07-12 16:58:00,29.61, , , , 
2022-07-12 16:59:00,29.61, , , , 
2022-07-12 17:00:00,29.57, , , , 
2022-07-12 17:01:00,29.58, , , , 
2022-07-12 17:02:00,29.53, , , , 
2022-07-12 17:03:00,29.54, , , , 
2022-07-12 17:04:00,29.56, , , , 
2022-07-12 17:05:00,29.57, , , , 
2022-07-12 17:06:00,29.54, , , , 
2022-07-12 17:07:00,29.52, , , , 
2022-07-12 17:08:00,29.49, , , , 
2022-07-12 17:09:00,29.50, , , , 
2022-07-12 17:10:00,29.48, , , , 
2022-07-12 17:11:00,29.46, , , , 
2022-07-12 17:12:00,29.44, , , , 
2022-07-12 17:13:00,29.41, , , , 
2022-07-12 17:14:00,29.41, , , , 
2022-07-12 17:15:00,29.43, , , , 
2022-07-12 17:16:00,29.42, , , , 
2022-07-12 17:17:00,29.38, , , , 
2022-07-12 17:18:00,29.36, , , , 
2022-07-12 17:19:00,29.34, , , , 
2022-07-12 17:20:00,29.35, , , , 
2022-07-12 17:21:00,29.34, , , , 
2022-07-12 17:22:00,29.36, , , , 
2022-07-12 17:23:00,29.39, , , , 
2022-07-12 17:24:00,29.43, , , , 
2022-07-12 17:25:00,29.46, , , , 
2022-07-12 17:26:00,29.51, , , , 
2022-07-12 17:27:00,29.54, , , , 
2022-07-12 17:28:00,29.59, , , , 
2022-07-12 17:29:00,29.63, , , , 
2022-07-12 17:30:00,29.67, , , , 
2022-07-12 17:31:00,29.74, , , , 
2022-07-12 17:32:00,29.77, , , , 
2022-07-12 17:33:00,29.81, , , , 
2022-07-12 17:34:00,29.80, , , , 
2022-07-12 17:35:00,29.79, , , , 
2022-07-12 17:36:00,29.76, , , , 
2022-07-12 17:37:00,29.80, , , , 
2022-07-12 17:38:00,29.78, , , , 
2022-07-12 17:39:00,29.79, , , , 
2022-07-12 17:40:00,29.76, , , , 
2022-07-12 17:41:00,29.75, , , , 
2022-07-12 17:42:00,29.72, , , , 
2022-07-12 17:43:00,29.72, , , , 
2022-07-12 17:44:00,29.68, , , , 
2022-07-12 17:45:00,29.64, , , , 
2022-07-12 17:46:00,29.66, , , , 
2022-07-12 17:47:00,29.62, , , , 
2022-07-12 17:48:00,29.61, , , , 
2022-07-12 17:49:00,29.60, , , , 
2022-07-12 17:50:00,29.57, , , , 
2022-07-12 17:51:00,29.56, , , , 
2022-07-12 17:52:00,29.54, , , , 
2022-07-12 17:53:00,29.54, , , , 
2022-07-12 17:54:00,29.52, , , , 
2022-07-12 17:55:00,29.56, , , , 
2022-07-12 17:56:00,29.52, , , , 
2022-07-12 17:57:00,29.51, , , , 
2022-07-12 17:58:00,29.52, , , , 
2022-07-12 17:59:00,29.50, , , , 
2022-07-12 18:00:00,29.49, , , , 
2022-07-12 18:01:00,29.51, , , , 
2022-07-12 18:02:00,29.50, , , , 
2022-07-12 18:03:00,29.54, , , , 
2022-07-12 18:04:00,29.56, , , , 
2022-07-12 18:05:00,29.60, , , , 
2022-07-12 18:06:00,29.64, , , , 
2022-07-12 18:07:00,29.68, , , , 
2022-07-12 18:08:00,29.73, , , , 
2022-07-12 18:09:00,29.78, , , , 
2022-07-12 18:10:00,29.80, , , , 
2022-07-12 18:11:00,29.87, , , , 
2022-07-12 18:12:00,29.90, , , , 
2022-07-12 18:13:00,29.92, , , , 
2022-07-12 18:14:00,29.92, , , , 
2022-07-12 18:15:00,29.90, , , , 
2022-07-12 18:16:00,29.90, , , , 
2022-07-12 18:17:00,29.88, , , , 
2022-07-12 18:18:00,29.85, , , , 
2022-07-12 18:19:00,29.82, , , , 
2022-07-12 18:20:00,29.82, , , , 
2022-07-12 18:21:00,29.78, , , , 
2022-07-12 18:22:00,29.74, , , , 
2022-07-12 18:23:00,29.72, , , , 
2022-07-12 18:24:00,29.68, , , , 
2022-07-12 18:25:00,29.65, , , , 
2022-07-12 18:26:00,29.62, , , , 
2022-07-12 18:27:00,29.57, , , , 
2022-07-12 18:28:00,29.50, , , , 
2022-07-12 18:29:00,29.49, , , , 
2022-07-12 18:30:00,29.47, , , , 
2022-07-12 18:31:00,29.47, , , , 
2022-07-12 18:32:00,29.51, , , , 
2022-07-12 18:33:00,29.51, , , , 
2022-07-12 18:34:00,29.54, , , , 
2022-07-12 18:35:00,29.57, , , , 
2022-07-12 18:36:00,29.62, , , , 
2022-07-12 18:37:00,29.64, , , , 
2022-07-12 18:38:00,29.70, , , , 
2022-07-12 18:39:00,29.75, , , , 
2022-07-12 18:40:00,29.78, , , , 
2022-07-12 18:41:00,29.81, , , , 
2022-07-12 18:42:00,29.81, , , , 
2022-07-12 18:43:00,29.80, , , , 
2022-07-12 18:44:00,29.79, , , , 
2022-07-12 18:45:00,29.74, , , , 
2022-07-12 18:46:00,29.76, , , , 
2022-07-12 18:47:00,29.73, , , , 
2022-07-12 18:48:00,29.68, , , , 
2022-07-12 18:49:00,29.66, , , , 
2022-07-12 18:50:00,29.63, , , , 
2022-07-12 18:51:00,29.60, , , , 
2022-07-12 18:52:00,29.58, , , , 
2022-07-12 18:53:00,29.59, , , , 
2022-07-12 18:54:00,29.63, , , , 
2022-07-12 18:55:00,29.67, , , , 
2022-07-12 18:56:00,29.70, , , , 
2022-07-12 18:57:00,29.72, , , , 
2022-07-12 18:58:00,29.76, , , , 
2022-07-12 18:59:00,29.80, , , , 
2022-07-12 19:00:00,29.82, , , , 
2022-07-12 19:01:00,29.86, , , , 
2022-07-12 19:02:00,29.88, , , , 
2022-07-12 19:03:00,29.88, , , , 
2022-07-12 19:04:00,29.90, , , , 
2022-07-12 19:05:00,29.89, , , , 
2022-07-12 19:06:00,29.86, , , , 
2022-07-12 19:07:00,29.82, , , , 
2022-07-12 19:08:00,29.78, , , , 
2022-07-12 19:09:00,29.75, , , , 
2022-07-12 19:10:00,29.71, , , , 
2022-07-12 19:11:00,29.67, , , , 
2022-07-12 19:12:00,29.64, , , , 
2022-07-12 19:13:00,29.59, , , , 
2022-07-12 19:14:00,29.57, , , , 
2022-07-12 19:15:00,29.56, , , , 
2022-07-12 19:16:00,29.54, , , , 
2022-07-12 19:17:00,29.58, , , , 
2022-07-12 19:18:00,29.58, , , , 
2022-07-12 19:19:00,29.60, , , , 
2022-07-12 19:20:00,29.64, , , , 
2022-07-12 19:21:00,29.66, , , , 
2022-07-12 19:22:00,29.68, , , , 
2022-07-12 19:23:00,29.72, , , , 
2022-07-12 19:24:00,29.76, , , , 
2022-07-12 19:25:00,29.80, , , , 
2022-07-12 19:26:00,29.85, , , , 
2022-07-12 19:27:00,29.85, , , , 
2022-07-12 19:28:00,29.82, , , , 
2022-07-12 19:29:00,29.78, , , , 
2022-07-12 19:30:00,29.77, , , , 
2022-07-12 19:31:00,29.74, , , , 
2022-07-12 19:32:00,29.71, , , , 
2022-07-12 19:33:00,29.67, , , , 
2022-07-12 19:34:00,29.62, , , , 
2022-07-12 19:35:00,29.58, , , , 
2022-07-12 19:36:00,29.54, , , , 
2022-07-12 19:37:00,29.52, , , , 
2022-07-12 19:38:00,29.52, , , , 
2022-07-12 19:39:00,29.53, , , , 
2022-07-12 19:40:00,29.51, , , , 
2022-07-12 19:41:00,29.54, , , , 
2022-07-12 19:42:00,29.59, , , , 
2022-07-12 19:43:00,29.59, , , , 
2022-07-12 19:44:00,29.61, , , , 
2022-07-12 19:45:00,29.64, , , , 
2022-07-12 19:46:00,29.66, , , , 
2022-07-12 19:47:00,29.70, , , , 
2022-07-12 19:48:00,29.72, , , , 
2022-07-12 19:49:00,29.70, , , , 
2022-07-12 19:50:00,29.68, , , , 
2022-07-12 19:51:00,29.64, , , , 
2022-07-12 19:52:00,29.61, , , , 
2022-07-12 19:53:00,29.58, , , , 
2022-07-12 19:54:00,29.56, , , , 
2022-07-12 19:55:00,29.58, , , , 
2022-07-12 19:56:00,29.59, , , , 
2022-07-12 19:57:00,29.61, , , , 
2022-07-12 19:58:00,29.64, , , , 
2022-07-12 19:59:00,29.67, , , , 
2022-07-12 20:00:00,29.68, , , , 
2022-07-12 20:01:00,29.70, , , , 
2022-07-12 20:02:00,29.74, , , , 
2022-07-12 20:03:00,29.76, , , , 
2022-07-12 20:04:00,29.77, , , , 
2022-07-12 20:05:00,29.78, , , , 
2022-07-12 20:06:00,29.77, , , , 
2022-07-12 20:07:00,29.78, , , , 
2022-07-12 20:08:00,29.75, , , , 
2022-07-12 20:09:00,29.70, , , , 
2022-07-12 20:10:00,29.66, , , , 
2022-07-12 20:11:00,29.61, , , , 
2022-07-12 20:12:00,29.58, , , , 
2022-07-12 20:13:00,29.53, , , , 
2022-07-12 20:14:00,29.49, , , , 
2022-07-12 20:15:00,29.43, , , , 
2022-07-12 20:16:00,29.39, , , , 
2022-07-12 20:17:00,29.39, , , , 
2022-07-12 20:18:00,29.41, , , , 
2022-07-12 20:19:00,29.42, , , , 
2022-07-12 20:20:00,29.42, , , , 
2022-07-12 20:21:00,29.45, , , , 
2022-07-12 20:22:00,29.45, , , , 
2022-07-12 20:23:00,29.45, , , , 
2022-07-12 20:24:00,29.50, , , , 
2022-07-12 20:25:00,29.51, , , , 
2022-07-12 20:26:00,29.58, , , , 
2022-07-12 20:27:00,29.59, , , , 
2022-07-12 20:28:00,29.58, , , , 
2022-07-12 20:29:00,29.57, , , , 
2022-07-12 20:30:00,29.54, , , , 
2022-07-12 20:31:00,29.51, , , , 
2022-07-12 20:32:00,29.49, , , , 
2022-07-12 20:33:00,29.46, , , , 
2022-07-12 20:34:00,29.45, , , , 
2022-07-12 20:35:00,29.46, , , , 
2022-07-12 20:36:00,29.47, , , , 
2022-07-12 20:37:00,29.46, , , , 
2022-07-12 20:38:00,29.49, , , , 
2022-07-12 20:39:00,29.50, , , , 
2022-07-12 20:40:00,29.52, , , , 
2022-07-12 20:41:00,29.56, , , , 
2022-07-12 20:42:00,29.54, , , , 
2022-07-12 20:43:00,29.56, , , , 
2022-07-12 20:44:00,29.57, , , , 
2022-07-12 20:45:00,29.57, , , , 
2022-07-12 20:46:00,29.57, , , , 
2022-07-12 20:47:00,29.51, , , , 
2022-07-12 20:48:00,29.49, , , , 
2022-07-12 20:49:00,29.47, , , , 
2022-07-12 20:50:00,29.45, , , , 
2022-07-12 20:51:00,29.45, , , , 
2022-07-12 20:52:00,29.46, , , , 
2022-07-12 20:53:00,29.47, , , , 
2022-07-12 20:54:00,29.48, , , , 
2022-07-12 20:55:00,29.50, , , , 
2022-07-12 20:56:00,29.51, , , , 
2022-07-12 20:57:00,29.53, , , , 
2022-07-12 20:58:00,29.57, , , , 
2022-07-12 20:59:00,29.57, , , , 
2022-07-12 21:00:00,29.60, , , , 
2022-07-12 21:01:00,29.57, , , , 
2022-07-12 21:02:00,29.56, , , , 
2022-07-12 21:03:00,29.52, , , , 
2022-07-12 21:04:00,29.49, , , , 
2022-07-12 21:05:00,29.45, , , , 
2022-07-12 21:06:00,29.44, , , , 
2022-07-12 21:07:00,29.44, , , , 
2022-07-12 21:08:00,29.46, , , , 
2022-07-12 21:09:00,29.46, , , , 
2022-07-12 21:10:00,29.46, , , , 
2022-07-12 21:11:00,29.46, , , , 
2022-07-12 21:12:00,29.51, , , , 
2022-07-12 21:13:00,29.56, , , , 
2022-07-12 21:14:00,29.53, , , , 
2022-07-12 21:15:00,29.57, , , , 
2022-07-12 21:16:00,29.59, , , , 
2022-07-12 21:17:00,29.60, , , , 
2022-07-12 21:18:00,29.60, , , , 
2022-07-12 21:19:00,29.58, , , , 
2022-07-12 21:20:00,29.54, , , , 
2022-07-12 21:21:00,29.50, , , , 
2022-07-12 21:22:00,29.47, , , , 
2022-07-12 21:23:00,29.45, , , , 
2022-07-12 21:24:00,29.43, , , , 
2022-07-12 21:25:00,29.45, , , , 
2022-07-12 21:26:00,29.44, , , , 
2022-07-12 21:27:00,29.46, , , , 
2022-07-12 21:28:00,29.46, , , , 
2022-07-12 21:29:00,29.48, , , , 
2022-07-12 21:30:00,29.52, , , , 
2022-07-12 21:31:00,29.51, , , , 
2022-07-12 21:32:00,29.54, , , , 
2022-07-12 21:33:00,29.57, , , , 
2022-07-12 21:34:00,29.58, , , , 
2022-07-12 21:35:00,29.57, , , , 
2022-07-12 21:36:00,29.57, , , , 
2022-07-12 21:37:00,29.51, , , , 
2022-07-12 21:38:00,29.47, , , , 
2022-07-12 21:39:00,29.45, , , , 
2022-07-12 21:40:00,29.43, , , , 
2022-07-12 21:41:00,29.45, , , , 
2022-07-12 21:42:00,29.46, , , , 
2022-07-12 21:43:00,29.46, , , , 
2022-07-12 21:44:00,29.47, , , , 
2022-07-12 21:45:00,29.49, , , , 
2022-07-12 21:46:00,29.49, , , , 
2022-07-12 21:47:00,29.49, , , , 
2022-07-12 21:48:00,29.53, , , , 
2022-07-12 21:49:00,29.56, , , , 
2022-07-12 21:50:00,29.54, , , , 
2022-07-12 21:51:00,29.54, , , , 
2022-07-12 21:52:00,29.53, , , , 
2022-07-12 21:53:00,29.51, , , , 
2022-07-12 21:54:00,29.47, , , , 
2022-07-12 21:55:00,29.42, , , , 
2022-07-12 21:56:00,29.41, , , , 
2022-07-12 21:57:00,29.38, , , , 
2022-07-12 21:58:00,29.38, , , , 
2022-07-12 21:59:00,29.41, , , , 
2022-07-12 22:00:00,29.41, , , , 
2022-07-12 22:01:00,29.42, , , , 
2022-07-12 22:02:00,29.44, , , , 
2022-07-12 22:03:00,29.45, , , , 
2022-07-12 22:04:00,29.48, , , , 
2022-07-12 22:05:00,29.50, , , , 
2022-07-12 22:06:00,29.51, , , , 
2022-07-12 22:07:00,29.52, , , , 
2022-07-12 22:08:00,29.51, , , , 
2022-07-12 22:09:00,29.50, , , , 
2022-07-12 22:10:00,29.45, , , , 
2022-07-12 22:11:00,29.46, , , , 
2022-07-12 22:12:00,29.38, , , , 
2022-07-12 22:13:00,29.37, , , , 
2022-07-12 22:14:00,29.36, , , , 
2022-07-12 22:15:00,29.36, , , , 
2022-07-12 22:16:00,29.38, , , , 
2022-07-12 22:17:00,29.39, , , , 
2022-07-12 22:18:00,29.42, , , , 
2022-07-12 22:19:00,29.42, , , , 
2022-07-12 22:20:00,29.44, , , , 
2022-07-12 22:21:00,29.45, , , , 
2022-07-12 22:22:00,29.49, , , , 
2022-07-12 22:23:00,29.50, , , , 
2022-07-12 22:24:00,29.51, , , , 
2022-07-12 22:25:00,29.51, , , , 
2022-07-12 22:26:00,29.52, , , , 
2022-07-12 22:27:00,29.49, , , , 
2022-07-12 22:28:00,29.42, , , , 
2022-07-12 22:29:00,29.41, , , , 
2022-07-12 22:30:00,29.36, , , , 
2022-07-12 22:31:00,29.36, , , , 
2022-07-12 22:32:00,29.36, , , , 
2022-07-12 22:33:00,29.39, , , , 
2022-07-12 22:34:00,29.39, , , , 
2022-07-12 22:35:00,29.42, , , , 
2022-07-12 22:36:00,29.43, , , , 
2022-07-12 22:37:00,29.44, , , , 
2022-07-12 22:38:00,29.45, , , , 
2022-07-12 22:39:00,29.48, , , , 
2022-07-12 22:40:00,29.49, , , , 
2022-07-12 22:41:00,29.51, , , , 
2022-07-12 22:42:00,29.51, , , , 
2022-07-12 22:43:00,29.51, , , , 
2022-07-12 22:44:00,29.48, , , , 
2022-07-12 22:45:00,29.44, , , , 
2022-07-12 22:46:00,29.36, , , , 
2022-07-12 22:47:00,29.36, , , , 
2022-07-12 22:48:00,29.34, , , , 
2022-07-12 22:49:00,29.36, , , , 
2022-07-12 22:50:00,29.36, , , , 
2022-07-12 22:51:00,29.39, , , , 
2022-07-12 22:52:00,29.39, , , , 
2022-07-12 22:53:00,29.41, , , , 
2022-07-12 22:54:00,29.43, , , , 
2022-07-12 22:55:00,29.45, , , , 
2022-07-12 22:56:00,29.44, , , , 
2022-07-12 22:57:00,29.45, , , , 
2022-07-12 22:58:00,29.46, , , , 
2022-07-12 22:59:00,29.49, , , , 
2022-07-12 23:00:00,29.51, , , , 
2022-07-12 23:01:00,29.52, , , , 
2022-07-12 23:02:00,29.56, , , , 
2022-07-12 23:03:00,29.56, , , , 
2022-07-12 23:04:00,29.59, , , , 
2022-07-12 23:05:00,29.60, , , , 
2022-07-12 23:06:00,29.63, , , , 
2022-07-12 23:07:00,29.62, , , , 
2022-07-12 23:08:00,29.65, , , , 
2022-07-12 23:09:00,29.64, , , , 
2022-07-12 23:10:00,29.63, , , , 
2022-07-12 23:11:00,29.61, , , , 
2022-07-12 23:12:00,29.58, , , , 
2022-07-12 23:13:00,29.50, , , , 
2022-07-12 23:14:00,29.46, , , , 
2022-07-12 23:15:00,29.45, , , , 
2022-07-12 23:16:00,29.43, , , , 
2022-07-12 23:17:00,29.43, , , , 
2022-07-12 23:18:00,29.45, , , , 
2022-07-12 23:19:00,29.41, , , , 
2022-07-12 23:20:00,29.43, , , , 
2022-07-12 23:21:00,29.42, , , , 
2022-07-12 23:22:00,29.46, , , , 
2022-07-12 23:23:00,29.46, , , , 
2022-07-12 23:24:00,29.48, , , , 
2022-07-12 23:25:00,29.50, , , , 
2022-07-12 23:26:00,29.52, , , , 
2022-07-12 23:27:00,29.53, , , , 
2022-07-12 23:28:00,29.54, , , , 
2022-07-12 23:29:00,29.59, , , , 
2022-07-12 23:30:00,29.60, , , , 
2022-07-12 23:31:00,29.64, , , , 
2022-07-12 23:32:00,29.65, , , , 
2022-07-12 23:33:00,29.67, , , , 
2022-07-12 23:34:00,29.68, , , , 
2022-07-12 23:35:00,29.73, , , , 
2022-07-12 23:36:00,29.76, , , , 
2022-07-12 23:37:00,29.75, , , , 
2022-07-12 23:38:00,29.74, , , , 
2022-07-12 23:39:00,29.70, , , , 
2022-07-12 23:40:00,29.66, , , , 
2022-07-12 23:41:00,29.63, , , , 
2022-07-12 23:42:00,29.62, , , , 
2022-07-12 23:43:00,29.64, , , , 
2022-07-12 23:44:00,29.67, , , , 
2022-07-12 23:45:00,29.71, , , , 
2022-07-12 23:46:00,29.75, , , , 
2022-07-12 23:47:00,29.79, , , , 
2022-07-12 23:48:00,29.83, , , , 
2022-07-12 23:49:00,29.91, , , , 
2022-07-12 23:50:00,29.96, , , , 
2022-07-12 23:51:00,30.03, , , , 
2022-07-12 23:52:00,30.07, , , , 
2022-07-12 23:53:00,30.08, , , , 
2022-07-12 23:54:00,30.12, , , , 
2022-07-12 23:55:00,30.13, , , , 
2022-07-12 23:56:00,30.18, , , , 
2022-07-12 23:57:00,30.21, , , , 
2022-07-12 23:58:00,30.24, , , , 
2022-07-12 23:59:00,30.27, , , , 
2022-07-13 00:00:00,30.31, , , , 
2022-07-13 00:01:00,30.33, , , , 
2022-07-13 00:02:00,30.31, , , , 
2022-07-13 00:03:00,30.33, , , , 
2022-07-13 00:04:00,30.30, , , , 
2022-07-13 00:05:00,30.24, , , , 
2022-07-13 00:06:00,30.18, , , , 
2022-07-13 00:07:00,30.11, , , , 
2022-07-13 00:08:00,30.06, , , , 
2022-07-13 00:09:00,30.01, , , , 
2022-07-13 00:10:00,30.00, , , , 
2022-07-13 00:11:00,29.98, , , , 
2022-07-13 00:12:00,30.00, , , , 
2022-07-13 00:13:00,30.00, , , , 
2022-07-13 00:14:00,30.02, , , , 
2022-07-13 00:15:00,30.05, , , , 
2022-07-13 00:16:00,30.09, , , , 
2022-07-13 00:17:00,30.16, , , , 
2022-07-13 00:18:00,30.19, , , , 
2022-07-13 00:19:00,30.22, , , , 
2022-07-13 00:20:00,30.23, , , , 
2022-07-13 00:21:00,30.26, , , , 
2022-07-13 00:22:00,30.25, , , , 
2022-07-13 00:23:00,30.28, , , , 
2022-07-13 00:24:00,30.30, , , , 
2022-07-13 00:25:00,30.32, , , , 
2022-07-13 00:26:00,30.34, , , , 
2022-07-13 00:27:00,30.37, , , , 
2022-07-13 00:28:00,30.40, , , , 
2022-07-13 00:29:00,30.40, , , , 
2022-07-13 00:30:00,30.40, , , , 
2022-07-13 00:31:00,30.41, , , , 
2022-07-13 00:32:00,30.41, , , , 
2022-07-13 00:33:00,30.41, , , , 
2022-07-13 00:34:00,30.40, , , , 
2022-07-13 00:35:00,30.45, , , , 
2022-07-13 00:36:00,30.42, , , , 
2022-07-13 00:37:00,30.45, , , , 
2022-07-13 00:38:00,30.46, , , , 
2022-07-13 00:39:00,30.46, , , , 
2022-07-13 00:40:00,30.45, , , , 
2022-07-13 00:41:00,30.44, , , , 
2022-07-13 00:42:00,30.46, , , , 
2022-07-13 00:43:00,30.42, , , , 
2022-07-13 00:44:00,30.42, , , , 
2022-07-13 00:45:00,30.40, , , , 
2022-07-13 00:46:00,30.42, , , , 
2022-07-13 00:47:00,30.40, , , , 
2022-07-13 00:48:00,30.38, , , , 
2022-07-13 00:49:00,30.37, , , , 
2022-07-13 00:50:00,30.35, , , , 
2022-07-13 00:51:00,30.33, , , , 
2022-07-13 00:52:00,30.32, , , , 
2022-07-13 00:53:00,30.28, , , , 
2022-07-13 00:54:00,30.27, , , , 
2022-07-13 00:55:00,30.27, , , , 
2022-07-13 00:56:00,30.24, , , , 
2022-07-13 00:57:00,30.21, , , , 
2022-07-13 00:58:00,30.21, , , , 
2022-07-13 00:59:00,30.20, , , , 
2022-07-13 01:00:00,30.16, , , , 
2022-07-13 01:01:00,30.16, , , , 
2022-07-13 01:02:00,30.12, , , , 
2022-07-13 01:03:00,30.07, , , , 
2022-07-13 01:04:00,30.03, , , , 
2022-07-13 01:05:00,29.94, , , , 
2022-07-13 01:06:00,29.90, , , , 
2022-07-13 01:07:00,29.82, , , , 
2022-07-13 01:08:00,29.75, , , , 
2022-07-13 01:09:00,29.70, , , , 
2022-07-13 01:10:00,29.61, , , , 
2022-07-13 01:11:00,29.54, , , , 
2022-07-13 01:12:00,29.50, , , , 
2022-07-13 01:13:00,29.45, , , , 
2022-07-13 01:14:00,29.42, , , , 
2022-07-13 01:15:00,29.37, , , , 
2022-07-13 01:16:00,29.34, , , , 
2022-07-13 01:17:00,29.34, , , , 
2022-07-13 01:18:00,29.28, , , , 
2022-07-13 01:19:00,29.28, , , , 
2022-07-13 01:20:00,29.27, , , , 
2022-07-13 01:21:00,29.22, , , , 
2022-07-13 01:22:00,29.21, , , , 
2022-07-13 01:23:00,29.18, , , , 
2022-07-13 01:24:00,29.16, , , , 
2022-07-13 01:25:00,29.13, , , , 
2022-07-13 01:26:00,29.11, , , , 
2022-07-13 01:27:00,29.07, , , , 
2022-07-13 01:28:00,29.04, , , , 
2022-07-13 01:29:00,29.02, , , , 
2022-07-13 01:30:00,29.01, , , , 
2022-07-13 01:31:00,29.00, , , , 
2022-07-13 01:32:00,28.94, , , , 
2022-07-13 01:33:00,28.97, , , , 
2022-07-13 01:34:00,28.94, , , , 
2022-07-13 01:35:00,28.92, , , , 
2022-07-13 01:36:00,28.90, , , , 
2022-07-13 01:37:00,28.89, , , , 
2022-07-13 01:38:00,28.86, , , , 
2022-07-13 01:39:00,28.86, , , , 
2022-07-13 01:40:00,28.84, , , , 
2022-07-13 01:41:00,28.83, , , , 
2022-07-13 01:42:00,28.83, , , , 
2022-07-13 01:43:00,28.82, , , , 
2022-07-13 01:44:00,28.80, , , , 
2022-07-13 01:45:00,28.82, , , , 
2022-07-13 01:46:00,28.79, , , , 
2022-07-13 01:47:00,28.77, , , , 
2022-07-13 01:48:00,28.74, , , , 
2022-07-13 01:49:00,28.76, , , , 
2022-07-13 01:50:00,28.79, , , , 
2022-07-13 01:51:00,28.79, , , , 
2022-07-13 01:52:00,28.77, , , , 
2022-07-13 01:53:00,28.79, , , , 
2022-07-13 01:54:00,28.77, , , , 
2022-07-13 01:55:00,28.76, , , , 
2022-07-13 01:56:00,28.75, , , , 
2022-07-13 01:57:00,28.77, , , , 
2022-07-13 01:58:00,28.77, , , , 
2022-07-13 01:59:00,28.76, , , , 
2022-07-13 02:00:00,28.78, , , , 
2022-07-13 02:01:00,28.77, , , , 
2022-07-13 02:02:00,28.76, , , , 
2022-07-13 02:03:00,28.78, , , , 
2022-07-13 02:04:00,28.77, , , , 
2022-07-13 02:05:00,28.77, , , , 
2022-07-13 02:06:00,28.77, , , , 
2022-07-13 02:07:00,28.78, , , , 
2022-07-13 02:08:00,28.79, , , , 
2022-07-13 02:09:00,28.75, , , , 
2022-07-13 02:10:00,28.77, , , , 
2022-07-13 02:11:00,28.79, , , , 
2022-07-13 02:12:00,28.78, , , , 
2022-07-13 02:13:00,28.77, , , , 
2022-07-13 02:14:00,28.79, , , , 
2022-07-13 02:15:00,28.82, , , , 
2022-07-13 02:16:00,28.79, , , , 
2022-07-13 02:17:00,28.82, , , , 
2022-07-13 02:18:00,28.80, , , , 
2022-07-13 02:19:00,28.83, , , , 
2022-07-13 02:20:00,28.83, , , , 
2022-07-13 02:21:00,28.83, , , , 
2022-07-13 02:22:00,28.82, , , , 
2022-07-13 02:23:00,28.85, , , , 
2022-07-13 02:24:00,28.86, , , , 
2022-07-13 02:25:00,28.83, , , , 
2022-07-13 02:26:00,28.85, , , , 
2022-07-13 02:27:00,28.85, , , , 
2022-07-13 02:28:00,28.85, , , , 
2022-07-13 02:29:00,28.85, , , , 
2022-07-13 02:30:00,28.86, , , , 
2022-07-13 02:31:00,28.85, , , , 
2022-07-13 02:32:00,28.86, , , , 
2022-07-13 02:33:00,28.87, , , , 
2022-07-13 02:34:00,28.89, , , , 
2022-07-13 02:35:00,28.94, , , , 
2022-07-13 02:36:00,29.00, , , , 
2022-07-13 02:37:00,29.07, , , , 
2022-07-13 02:38:00,29.14, , , , 
2022-07-13 02:39:00,29.21, , , , 
2022-07-13 02:40:00,29.28, , , , 
2022-07-13 02:41:00,29.34, , , , 
2022-07-13 02:42:00,29.42, , , , 
2022-07-13 02:43:00,29.47, , , , 
2022-07-13 02:44:00,29.48, , , , 
2022-07-13 02:45:00,29.53, , , , 
2022-07-13 02:46:00,29.53, , , , 
2022-07-13 02:47:00,29.54, , , , 
2022-07-13 02:48:00,29.57, , , , 
2022-07-13 02:49:00,29.54, , , , 
2022-07-13 02:50:00,29.57, , , , 
2022-07-13 02:51:00,29.51, , , , 
2022-07-13 02:52:00,29.46, , , , 
2022-07-13 02:53:00,29.42, , , , 
2022-07-13 02:54:00,29.38, , , , 
2022-07-13 02:55:00,29.43, , , , 
2022-07-13 02:56:00,29.48, , , , 
2022-07-13 02:57:00,29.49, , , , 
2022-07-13 02:58:00,29.52, , , , 
2022-07-13 02:59:00,29.52, , , , 
2022-07-13 03:00:00,29.56, , , , 
2022-07-13 03:01:00,29.53, , , , 
2022-07-13 03:02:00,29.52, , , , 
2022-07-13 03:03:00,29.51, , , , 
2022-07-13 03:04:00,29.49, , , , 
2022-07-13 03:05:00,29.47, , , , 
2022-07-13 03:06:00,29.45, , , , 
2022-07-13 03:07:00,29.45, , , , 
2022-07-13 03:08:00,29.43, , , , 
2022-07-13 03:09:00,29.39, , , , 
2022-07-13 03:10:00,29.38, , , , 
2022-07-13 03:11:00,29.36, , , , 
2022-07-13 03:12:00,29.34, , , , 
2022-07-13 03:13:00,29.33, , , , 
2022-07-13 03:14:00,29.29, , , , 
2022-07-13 03:15:00,29.27, , , , 
2022-07-13 03:16:00,29.28, , , , 
2022-07-13 03:17:00,29.27, , , , 
2022-07-13 03:18:00,29.28, , , , 
2022-07-13 03:19:00,29.27, , , , 
2022-07-13 03:20:00,29.27, , , , 
2022-07-13 03:21:00,29.27, , , , 
2022-07-13 03:22:00,29.28, , , , 
2022-07-13 03:23:00,29.28, , , , 
2022-07-13 03:24:00,29.28, , , , 
2022-07-13 03:25:00,29.26, , , , 
2022-07-13 03:26:00,29.23, , , , 
2022-07-13 03:27:00,29.24, , , , 
2022-07-13 03:28:00,29.19, , , , 
2022-07-13 03:29:00,29.16, , , , 
2022-07-13 03:30:00,29.14, , , , 
2022-07-13 03:31:00,29.12, , , , 
2022-07-13 03:32:00,29.11, , , , 
2022-07-13 03:33:00,29.08, , , , 
2022-07-13 03:34:00,29.06, , , , 
2022-07-13 03:35:00,29.03, , , , 
2022-07-13 03:36:00,29.00, , , , 
2022-07-13 03:37:00,29.00, , , , 
2022-07-13 03:38:00,28.98, , , , 
2022-07-13 03:39:00,28.95, , , , 
2022-07-13 03:40:00,28.93, , , , 
2022-07-13 03:41:00,28.93, , , , 
2022-07-13 03:42:00,28.91, , , , 
2022-07-13 03:43:00,28.91, , , , 
2022-07-13 03:44:00,28.91, , , , 
2022-07-13 03:45:00,28.90, , , , 
2022-07-13 03:46:00,28.88, , , , 
2022-07-13 03:47:00,28.86, , , , 
2022-07-13 03:48:00,28.87, , , , 
2022-07-13 03:49:00,28.87, , , , 
2022-07-13 03:50:00,28.86, , , , 
2022-07-13 03:51:00,28.85, , , , 
2022-07-13 03:52:00,28.86, , , , 
2022-07-13 03:53:00,28.86, , , , 
2022-07-13 03:54:00,28.85, , , , 
2022-07-13 03:55:00,28.84, , , , 
2022-07-13 03:56:00,28.85, , , , 
2022-07-13 03:57:00,28.86, , , , 
2022-07-13 03:58:00,28.87, , , , 
2022-07-13 03:59:00,28.86, , , , 
2022-07-13 04:00:00,28.85, , , , 
2022-07-13 04:01:00,28.87, , , , 
2022-07-13 04:02:00,28.86, , , , 
2022-07-13 04:03:00,28.87, , , , 
2022-07-13 04:04:00,28.87, , , , 
2022-07-13 04:05:00,28.89, , , , 
2022-07-13 04:06:00,28.88, , , , 
2022-07-13 04:07:00,28.88, , , , 
2022-07-13 04:08:00,28.89, , , , 
2022-07-13 04:09:00,28.88, , , , 
2022-07-13 04:10:00,28.88, , , , 
2022-07-13 04:11:00,28.88, , , , 
2022-07-13 04:12:00,28.90, , , , 
2022-07-13 04:13:00,28.90, , , , 
2022-07-13 04:14:00,28.90, , , , 
2022-07-13 04:15:00,28.87, , , , 
2022-07-13 04:16:00,28.90, , , , 
2022-07-13 04:17:00,28.93, , , , 
2022-07-13 04:18:00,28.94, , , , 
2022-07-13 04:19:00,29.01, , , , 
2022-07-13 04:20:00,29.07, , , , 
2022-07-13 04:21:00,29.16, , , , 
2022-07-13 04:22:00,29.27, , , , 
2022-07-13 04:23:00,29.36, , , , 
2022-07-13 04:24:00,29.45, , , , 
2022-07-13 04:25:00,29.52, , , , 
2022-07-13 04:26:00,29.59, , , , 
2022-07-13 04:27:00,29.66, , , , 
2022-07-13 04:28:00,29.72, , , , 
2022-07-13 04:29:00,29.74, , , , 
2022-07-13 04:30:00,29.75, , , , 
2022-07-13 04:31:00,29.75, , , , 
2022-07-13 04:32:00,29.75, , , , 
2022-07-13 04:33:00,29.77, , , , 
2022-07-13 04:34:00,29.78, , , , 
2022-07-13 04:35:00,29.79, , , , 
2022-07-13 04:36:00,29.83, , , , 
2022-07-13 04:37:00,29.86, , , , 
2022-07-13 04:38:00,29.86, , , , 
2022-07-13 04:39:00,29.86, , , , 
2022-07-13 04:40:00,29.83, , , , 
2022-07-13 04:41:00,29.83, , , , 
2022-07-13 04:42:00,29.85, , , , 
2022-07-13 04:43:00,29.82, , , , 
2022-07-13 04:44:00,29.82, , , , 
2022-07-13 04:45:00,29.87, , , , 
2022-07-13 04:46:00,29.85, , , , 
2022-07-13 04:47:00,29.85, , , , 
2022-07-13 04:48:00,29.85, , , , 
2022-07-13 04:49:00,29.83, , , , 
2022-07-13 04:50:00,29.86, , , , 
2022-07-13 04:51:00,29.85, , , , 
2022-07-13 04:52:00,29.83, , , , 
2022-07-13 04:53:00,29.82, , , , 
2022-07-13 04:54:00,29.81, , , , 
2022-07-13 04:55:00,29.79, , , , 
2022-07-13 04:56:00,29.79, , , , 
2022-07-13 04:57:00,29.76, , , , 
2022-07-13 04:58:00,29.73, , , , 
2022-07-13 04:59:00,29.71, , , , 
2022-07-13 05:00:00,29.66, , , , 
2022-07-13 05:01:00,29.63, , , , 
2022-07-13 05:02:00,29.61, , , , 
2022-07-13 05:03:00,29.58, , , , 
2022-07-13 05:04:00,29.54, , , , 
2022-07-13 05:05:00,29.48, , , , 
2022-07-13 05:06:00,29.47, , , , 
2022-07-13 05:07:00,29.46, , , , 
2022-07-13 05:08:00,29.39, , , , 
2022-07-13 05:09:00,29.36, , , , 
2022-07-13 05:10:00,29.35, , , , 
2022-07-13 05:11:00,29.32, , , , 
2022-07-13 05:12:00,29.30, , , , 
2022-07-13 05:13:00,29.26, , , , 
2022-07-13 05:14:00,29.23, , , , 
2022-07-13 05:15:00,29.19, , , , 
2022-07-13 05:16:00,29.19, , , , 
2022-07-13 05:17:00,29.17, , , , 
2022-07-13 05:18:00,29.16, , , , 
2022-07-13 05:19:00,29.12, , , , 
2022-07-13 05:20:00,29.13, , , , 
2022-07-13 05:21:00,29.11, , , , 
2022-07-13 05:22:00,29.12, , , , 
2022-07-13 05:23:00,29.11, , , , 
2022-07-13 05:24:00,29.13, , , , 
2022-07-13 05:25:00,29.18, , , , 
2022-07-13 05:26:00,29.24, , , , 
2022-07-13 05:27:00,29.31, , , , 
2022-07-13 05:28:00,29.38, , , , 
2022-07-13 05:29:00,29.47, , , , 
2022-07-13 05:30:00,29.56, , , , 
2022-07-13 05:31:00,29.62, , , , 
2022-07-13 05:32:00,29.66, , , , 
2022-07-13 05:33:00,29.74, , , , 
2022-07-13 05:34:00,29.79, , , , 
2022-07-13 05:35:00,29.79, , , , 
2022-07-13 05:36:00,29.80, , , , 
2022-07-13 05:37:00,29.82, , , , 
2022-07-13 05:38:00,29.81, , , , 
2022-07-13 05:39:00,29.82, , , , 
2022-07-13 05:40:00,29.85, , , , 
2022-07-13 05:41:00,29.86, , , , 
2022-07-13 05:42:00,29.88, , , , 
2022-07-13 05:43:00,29.89, , , , 
2022-07-13 05:44:00,29.91, , , , 
2022-07-13 05:45:00,29.91, , , , 
2022-07-13 05:46:00,29.90, , , , 
2022-07-13 05:47:00,29.90, , , , 
2022-07-13 05:48:00,29.90, , , , 
2022-07-13 05:49:00,29.90, , , , 
2022-07-13 05:50:00,29.88, , , , 
2022-07-13 05:51:00,29.90, , , , 
2022-07-13 05:52:00,29.89, , , , 
2022-07-13 05:53:00,29.91, , , , 
2022-07-13 05:54:00,29.91, , , , 
2022-07-13 05:55:00,29.92, , , , 
2022-07-13 05:56:00,29.92, , , , 
2022-07-13 05:57:00,29.92, , , , 
2022-07-13 05:58:00,29.91, , , , 
2022-07-13 05:59:00,29.91, , , , 
2022-07-13 06:00:00,29.89, , , , 
2022-07-13 06:01:00,29.87, , , , 
2022-07-13 06:02:00,29.88, , , , 
2022-07-13 06:03:00,29.85, , , , 
2022-07-13 06:04:00,29.82, , , , 
2022-07-13 06:05:00,29.79, , , , 
2022-07-13 06:06:00,29.76, , , , 
2022-07-13 06:07:00,29.72, , , , 
2022-07-13 06:08:00,29.67, , , , 
2022-07-13 06:09:00,29.64, , , , 
2022-07-13 06:10:00,29.62, , , , 
2022-07-13 06:11:00,29.57, , , , 
2022-07-13 06:12:00,29.53, , , , 
2022-07-13 06:13:00,29.47, , , , 
2022-07-13 06:14:00,29.46, , , , 
2022-07-13 06:15:00,29.41, , , , 
2022-07-13 06:16:00,29.35, , , , 
2022-07-13 06:17:00,29.34, , , , 
2022-07-13 06:18:00,29.31, , , , 
2022-07-13 06:19:00,29.29, , , , 
2022-07-13 06:20:00,29.26, , , , 
2022-07-13 06:21:00,29.24, , , , 
2022-07-13 06:22:00,29.22, , , , 
2022-07-13 06:23:00,29.20, , , , 
2022-07-13 06:24:00,29.18, , , , 
2022-07-13 06:25:00,29.17, , , , 
2022-07-13 06:26:00,29.16, , , , 
2022-07-13 06:27:00,29.14, , , , 
2022-07-13 06:28:00,29.12, , , , 
2022-07-13 06:29:00,29.13, , , , 
2022-07-13 06:30:00,29.11, , , , 
2022-07-13 06:31:00,29.13, , , , 
2022-07-13 06:32:00,29.17, , , , 
2022-07-13 06:33:00,29.22, , , , 
2022-07-13 06:34:00,29.32, , , , 
2022-07-13 06:35:00,29.39, , , , 
2022-07-13 06:36:00,29.46, , , , 
2022-07-13 06:37:00,29.56, , , , 
2022-07-13 06:38:00,29.60, , , , 
2022-07-13 06:39:00,29.67, , , , 
2022-07-13 06:40:00,29.72, , , , 
2022-07-13 06:41:00,29.75, , , , 
2022-07-13 06:42:00,29.77, , , , 
2022-07-13 06:43:00,29.79, , , , 
2022-07-13 06:44:00,29.82, , , , 
2022-07-13 06:45:00,29.80, , , , 
2022-07-13 06:46:00,29.82, , , , 
2022-07-13 06:47:00,29.81, , , , 
2022-07-13 06:48:00,29.83, , , , 
2022-07-13 06:49:00,29.85, , , , 
2022-07-13 06:50:00,29.86, , , , 
2022-07-13 06:51:00,29.89, , , , 
2022-07-13 06:52:00,29.90, , , , 
2022-07-13 06:53:00,29.86, , , , 
2022-07-13 06:54:00,29.88, , , , 
2022-07-13 06:55:00,29.86, , , , 
2022-07-13 06:56:00,29.83, , , , 
2022-07-13 06:57:00,29.83, , , , 
2022-07-13 06:58:00,29.85, , , , 
2022-07-13 06:59:00,29.85, , , , 
2022-07-13 07:00:00,29.85, , , , 
2022-07-13 07:01:00,29.87, , , , 
2022-07-13 07:02:00,29.87, , , , 
2022-07-13 07:03:00,29.89, , , , 
2022-07-13 07:04:00,29.87, , , , 
2022-07-13 07:05:00,29.83, , , , 
2022-07-13 07:06:00,29.82, , , , 
2022-07-13 07:07:00,29.79, , , , 
2022-07-13 07:08:00,29.79, , , , 
2022-07-13 07:09:00,29.71, , , , 
2022-07-13 07:10:00,29.71, , , , 
2022-07-13 07:11:00,29.64, , , , 
2022-07-13 07:12:00,29.61, , , , 
2022-07-13 07:13:00,29.58, , , , 
2022-07-13 07:14:00,29.54, , , , 
2022-07-13 07:15:00,29.50, , , , 
2022-07-13 07:16:00,29.47, , , , 
2022-07-13 07:17:00,29.39, , , , 
2022-07-13 07:18:00,29.38, , , , 
2022-07-13 07:19:00,29.36, , , , 
2022-07-13 07:20:00,29.31, , , , 
2022-07-13 07:21:00,29.28, , , , 
2022-07-13 07:22:00,29.26, , , , 
2022-07-13 07:23:00,29.22, , , , 
2022-07-13 07:24:00,29.21, , , , 
2022-07-13 07:25:00,29.17, , , , 
2022-07-13 07:26:00,29.15, , , , 
2022-07-13 07:27:00,29.14, , , , 
2022-07-13 07:28:00,29.11, , , , 
2022-07-13 07:29:00,29.11, , , , 
2022-07-13 07:30:00,29.08, , , , 
2022-07-13 07:31:00,29.08, , , , 
2022-07-13 07:32:00,29.05, , , , 
2022-07-13 07:33:00,29.04, , , , 
2022-07-13 07:34:00,29.05, , , , 
2022-07-13 07:35:00,29.05, , , , 
2022-07-13 07:36:00,29.06, , , , 
2022-07-13 07:37:00,29.11, , , , 
2022-07-13 07:38:00,29.15, , , , 
2022-07-13 07:39:00,29.21, , , , 
2022-07-13 07:40:00,29.29, , , , 
2022-07-13 07:41:00,29.37, , , , 
2022-07-13 07:42:00,29.44, , , , 
2022-07-13 07:43:00,29.51, , , , 
2022-07-13 07:44:00,29.58, , , , 
2022-07-13 07:45:00,29.63, , , , 
2022-07-13 07:46:00,29.65, , , , 
2022-07-13 07:47:00,29.71, , , , 
2022-07-13 07:48:00,29.72, , , , 
2022-07-13 07:49:00,29.75, , , , 
2022-07-13 07:50:00,29.78, , , , 
2022-07-13 07:51:00,29.75, , , , 
2022-07-13 07:52:00,29.77, , , , 
2022-07-13 07:53:00,29.77, , , , 
2022-07-13 07:54:00,29.79, , , , 
2022-07-13 07:55:00,29.75, , , , 
2022-07-13 07:56:00,29.76, , , , 
2022-07-13 07:57:00,29.75, , , , 
2022-07-13 07:58:00,29.75, , , , 
2022-07-13 07:59:00,29.71, , , , 
2022-07-13 08:00:00,29.70, , , , 
2022-07-13 08:01:00,29.70, , , , 
2022-07-13 08:02:00,29.66, , , , 
2022-07-13 08:03:00,29.65, , , , 
2022-07-13 08:04:00,29.68, , , , 
2022-07-13 08:05:00,29.66, , , , 
2022-07-13 08:06:00,29.67, , , , 
2022-07-13 08:07:00,29.71, , , , 
2022-07-13 08:08:00,29.67, , , , 
2022-07-13 08:09:00,29.70, , , , 
2022-07-13 08:10:00,29.66, , , , 
2022-07-13 08:11:00,29.65, , , , 
2022-07-13 08:12:00,29.65, , , , 
2022-07-13 08:13:00,29.63, , , , 
2022-07-13 08:14:00,29.61, , , , 
2022-07-13 08:15:00,29.60, , , , 
2022-07-13 08:16:00,29.58, , , , 
2022-07-13 08:17:00,29.56, , , , 
2022-07-13 08:18:00,29.54, , , , 
2022-07-13 08:19:00,29.52, , , , 
2022-07-13 08:20:00,29.49, , , , 
2022-07-13 08:21:00,29.48, , , , 
2022-07-13 08:22:00,29.46, , , , 
2022-07-13 08:23:00,29.43, , , , 
2022-07-13 08:24:00,29.42, , , , 
2022-07-13 08:25:00,29.37, , , , 
2022-07-13 08:26:00,29.34, , , , 
2022-07-13 08:27:00,29.36, , , , 
2022-07-13 08:28:00,29.32, , , , 
2022-07-13 08:29:00,29.30, , , , 
2022-07-13 08:30:00,29.29, , , , 
2022-07-13 08:31:00,29.28, , , , 
2022-07-13 08:32:00,29.27, , , , 
2022-07-13 08:33:00,29.24, , , , 
2022-07-13 08:34:00,29.26, , , , 
2022-07-13 08:35:00,29.29, , , , 
2022-07-13 08:36:00,29.33, , , , 
2022-07-13 08:37:00,29.42, , , , 
2022-07-13 08:38:00,29.53, , , , 
2022-07-13 08:39:00,29.62, , , , 
2022-07-13 08:40:00,29.73, , , , 
2022-07-13 08:41:00,29.86, , , , 
2022-07-13 08:42:00,29.94, , , , 
2022-07-13 08:43:00,29.96, , , , 
2022-07-13 08:44:00,30.00, , , , 
2022-07-13 08:45:00,30.01, , , , 
2022-07-13 08:46:00,30.01, , , , 
2022-07-13 08:47:00,29.95, , , , 
2022-07-13 08:48:00,29.90, , , , 
2022-07-13 08:49:00,29.79, , , , 
2022-07-13 08:50:00,29.67, , , , 
2022-07-13 08:51:00,29.58, , , , 
2022-07-13 08:52:00,29.53, , , , 
2022-07-13 08:53:00,29.52, , , , 
2022-07-13 08:54:00,29.54, , , , 
2022-07-13 08:55:00,29.77, , , , 
2022-07-13 08:56:00,29.86, , , , 
2022-07-13 08:57:00,29.82, , , , 
2022-07-13 08:58:00,29.74, , , , 
2022-07-13 08:59:00,29.61, , , , 
2022-07-13 09:00:00,29.46, , , , 
2022-07-13 09:01:00,29.29, , , , 
2022-07-13 09:02:00,29.11, , , , 
2022-07-13 09:03:00,28.92, , , , 
2022-07-13 09:04:00,28.72, , , , 
2022-07-13 09:05:00,28.50, , , , 
2022-07-13 09:06:00,28.31, , , , 
2022-07-13 09:07:00,28.11, , , , 
2022-07-13 09:08:00,27.91, , , , 
2022-07-13 09:09:00,27.70, , , , 
2022-07-13 09:10:00,27.50, , , , 
2022-07-13 09:11:00,27.31, , , , 
2022-07-13 09:12:00,27.12, , , , 
2022-07-13 09:13:00,26.93, , , , 
2022-07-13 09:14:00,26.72, , , , 
2022-07-13 09:15:00,26.55, , , , 
2022-07-13 09:16:00,26.37, , , , 
2022-07-13 09:17:00,26.20, , , , 
2022-07-13 09:18:00,26.01, , , , 
2022-07-13 09:19:00,25.84, , , , 
2022-07-13 09:20:00,25.65, , , , 
2022-07-13 09:21:00,25.49, , , , 
2022-07-13 09:22:00,25.30, , , , 
2022-07-13 09:23:00,25.16, , , , 
2022-07-13 09:24:00,24.98, , , , 
2022-07-13 09:25:00,24.84, , , , 
2022-07-13 09:26:00,24.68, , , , 
2022-07-13 09:27:00,24.50, , , , 
2022-07-13 09:28:00,24.36, , , , 
2022-07-13 09:29:00,24.20, , , , 
2022-07-13 09:30:00,24.05, , , , 
2022-07-13 09:31:00,23.87, , , , 
2022-07-13 09:32:00,23.74, , , , 
2022-07-13 09:33:00,23.60, , , , 
2022-07-13 09:34:00,23.43, , , , 
2022-07-13 09:35:00,23.30, , , , 
2022-07-13 09:36:00,23.13, , , , 
2022-07-13 09:37:00,22.98, , , , 
2022-07-13 09:38:00,22.84, , , , 
2022-07-13 09:39:00,22.73, , , , 
2022-07-13 09:40:00,22.63, , , , 
2022-07-13 09:41:00,22.54, , , , 
2022-07-13 09:42:00,22.48, , , , 
2022-07-13 09:43:00,22.39, , , , 
2022-07-13 09:44:00,22.29, , , , 
2022-07-13 09:45:00,22.23, , , , 
2022-07-13 09:46:00,22.16, , , , 
2022-07-13 09:47:00,22.09, , , , 
2022-07-13 09:48:00,22.04, , , , 
2022-07-13 09:49:00,21.97, , , , 
2022-07-13 09:50:00,21.91, , , , 
2022-07-13 09:51:00,21.83, , , , 
2022-07-13 09:52:00,21.79, , , , 
2022-07-13 09:53:00,21.73, , , , 
2022-07-13 09:54:00,21.63, , , , 
2022-07-13 09:55:00,21.60, , , , 
2022-07-13 09:56:00,21.51, , , , 
2022-07-13 09:57:00,21.43, , , , 
2022-07-13 09:58:00,21.36, , , , 
2022-07-13 09:59:00,21.32, , , , 
2022-07-13 10:00:00,21.25, , , , 
2022-07-13 10:01:00,21.19, , , , 
2022-07-13 10:02:00,21.13, , , , 
2022-07-13 10:03:00,21.05, , , , 
2022-07-13 10:04:00,20.99, , , , 
2022-07-13 10:05:00,20.94, , , , 
2022-07-13 10:06:00,20.87, , , , 
2022-07-13 10:07:00,20.80, , , , 
2022-07-13 10:08:00,20.75, , , , 
2022-07-13 10:09:00,20.65, , , , 
2022-07-13 10:10:00,20.60, , , , 
2022-07-13 10:11:00,20.53, , , , 
2022-07-13 10:12:00,20.47, , , , 
2022-07-13 10:13:00,20.40, , , , 
2022-07-13 10:14:00,20.34, , , , 
2022-07-13 10:15:00,20.29, , , , 
2022-07-13 10:16:00,20.21, , , , 
2022-07-13 10:17:00,20.17, , , , 
2022-07-13 10:18:00,20.10, , , , 
2022-07-13 10:19:00,20.01, , , , 
2022-07-13 10:20:00,19.95, , , , 
2022-07-13 10:21:00,19.89, , , , 
2022-07-13 10:22:00,19.83, , , , 
2022-07-13 10:23:00,19.76, , , , 
2022-07-13 10:24:00,19.69, , , , 
2022-07-13 10:25:00,19.62, , , , 
2022-07-13 10:26:00,19.56, , , , 
2022-07-13 10:27:00,19.48, , , , 
2022-07-13 10:28:00,19.44, , , , 
2022-07-13 10:29:00,19.38, , , , 
2022-07-13 10:30:00,19.30, , , , 
2022-07-13 10:31:00,19.24, , , , 
2022-07-13 10:32:00,19.20, , , , 
2022-07-13 10:33:00,19.13, , , , 
2022-07-13 10:34:00,19.04, , , , 
2022-07-13 10:35:00,18.98, , , , 
2022-07-13 10:36:00,18.94, , , , 
2022-07-13 10:37:00,18.86, , , , 
2022-07-13 10:38:00,18.80, , , , 
2022-07-13 10:39:00,18.74, , , , 
2022-07-13 10:40:00,18.67, , , , 
2022-07-13 10:41:00,18.62, , , , 
2022-07-13 10:42:00,18.56, , , , 
2022-07-13 10:43:00,18.51, , , , 
2022-07-13 10:44:00,18.47, , , , 
2022-07-13 10:45:00,18.40, , , , 
2022-07-13 10:46:00,18.33, , , , 
2022-07-13 10:47:00,18.28, , , , 
2022-07-13 10:48:00,18.24, , , , 
2022-07-13 10:49:00,18.18, , , , 
2022-07-13 10:50:00,18.11, , , , 
2022-07-13 10:51:00,18.09, , , , 
2022-07-13 10:52:00,18.04, , , , 
2022-07-13 10:53:00,17.96, , , , 
2022-07-13 10:54:00,17.92, , , , 
2022-07-13 10:55:00,17.88, , , , 
2022-07-13 10:56:00,17.83, , , , 
2022-07-13 10:57:00,17.76, , , , 
2022-07-13 10:58:00,17.73, , , , 
2022-07-13 10:59:00,17.69, , , , 
2022-07-13 11:00:00,17.63, , , , 
2022-07-13 11:01:00,17.58, , , , 
2022-07-13 11:02:00,17.53, , , , 
2022-07-13 11:03:00,17.50, , , , 
2022-07-13 11:04:00,17.44, , , , 
2022-07-13 11:05:00,17.43, , , , 
2022-07-13 11:06:00,17.36, , , , 
2022-07-13 11:07:00,17.33, , , , 
2022-07-13 11:08:00,17.28, , , , 
2022-07-13 11:09:00,17.24, , , , 
2022-07-13 11:10:00,17.19, , , , 
2022-07-13 11:11:00,17.13, , , , 
2022-07-13 11:12:00,17.13, , , , 
2022-07-13 11:13:00,17.05, , , , 
2022-07-13 11:14:00,17.01, , , , 
2022-07-13 11:15:00,16.96, , , , 
2022-07-13 11:16:00,16.94, , , , 
2022-07-13 11:17:00,16.89, , , , 
2022-07-13 11:18:00,16.86, , , , 
2022-07-13 11:19:00,16.81, , , , 
2022-07-13 11:20:00,16.78, , , , 
2022-07-13 11:21:00,16.74, , , , 
2022-07-13 11:22:00,16.69, , , , 
2022-07-13 11:23:00,16.66, , , , 
2022-07-13 11:24:00,16.63, , , , 
2022-07-13 11:25:00,16.60, , , , 
2022-07-13 11:26:00,16.55, , , , 
2022-07-13 11:27:00,16.52, , , , 
2022-07-13 11:28:00,16.47, , , , 
2022-07-13 11:29:00,16.45, , , , 
2022-07-13 11:30:00,16.41, , , , 
2022-07-13 11:31:00,16.41, , , , 
2022-07-13 11:32:00,16.37, , , , 
2022-07-13 11:33:00,16.31, , , , 
2022-07-13 11:34:00,16.30, , , , 
2022-07-13 11:35:00,16.26, , , , 
2022-07-13 11:36:00,16.21, , , , 
2022-07-13 11:37:00,16.17, , , , 
2022-07-13 11:38:00,16.16, , , , 
2022-07-13 11:39:00,16.15, , , , 
2022-07-13 11:40:00,16.10, , , , 
2022-07-13 11:41:00,16.06, , , , 
2022-07-13 11:42:00,16.03, , , , 
2022-07-13 11:43:00,15.97, , , , 
2022-07-13 11:44:00,15.97, , , , 
2022-07-13 11:45:00,15.95, , , , 
2022-07-13 11:46:00,15.90, , , , 
2022-07-13 11:47:00,15.90, , , , 
2022-07-13 11:48:00,15.85, , , , 
2022-07-13 11:49:00,15.83, , , , 
2022-07-13 11:50:00,15.81, , , , 
2022-07-13 11:51:00,15.76, , , , 
2022-07-13 11:52:00,15.74, , , , 
2022-07-13 11:53:00,15.70, , , , 
2022-07-13 11:54:00,15.69, , , , 
2022-07-13 11:55:00,15.68, , , , 
2022-07-13 11:56:00,15.65, , , , 
2022-07-13 11:57:00,15.61, , , , 
2022-07-13 11:58:00,15.59, , , , 
2022-07-13 11:59:00,15.57, , , , 
2022-07-13 12:00:00,15.54, , , , 
2022-07-13 12:01:00,15.49, , , , 
2022-07-13 12:02:00,15.47, , , , 
2022-07-13 12:03:00,15.44, , , , 
2022-07-13 12:04:00,15.42, , , , 
2022-07-13 12:05:00,15.42, , , , 
2022-07-13 12:06:00,15.39, , , , 
2022-07-13 12:07:00,15.40, , , , 
2022-07-13 12:08:00,15.39, , , , 
2022-07-13 12:09:00,15.38, , , , 
2022-07-13 12:10:00,15.34, , , , 
2022-07-13 12:11:00,15.36, , , , 
2022-07-13 12:12:00,15.32, , , , 
2022-07-13 12:13:00,15.33, , , , 
2022-07-13 12:14:00,15.33, , , , 
2022-07-13 12:15:00,15.32, , , , 
2022-07-13 12:16:00,15.31, , , , 
2022-07-13 12:17:00,15.29, , , , 
2022-07-13 12:18:00,15.29, , , , 
2022-07-13 12:19:00,15.28, , , , 
2022-07-13 12:20:00,15.27, , , , 
2022-07-13 12:21:00,15.28, , , , 
2022-07-13 12:22:00,15.28, , , , 
2022-07-13 12:23:00,15.25, , , , 
2022-07-13 12:24:00,15.25, , , , 
2022-07-13 12:25:00,15.26, , , , 
2022-07-13 12:26:00,15.26, , , , 
2022-07-13 12:27:00,15.24, , , , 
2022-07-13 12:28:00,15.23, , , , 
2022-07-13 12:29:00,15.25, , , , 
2022-07-13 12:30:00,15.22, , , , 
2022-07-13 12:31:00,15.24, , , , 
2022-07-13 12:32:00,15.24, , , , 
2022-07-13 12:33:00,15.22, , , , 
2022-07-13 12:34:00,15.21, , , , 
2022-07-13 12:35:00,15.21, , , , 
2022-07-13 12:36:00,15.18, , , , 
2022-07-13 12:37:00,15.18, , , , 
2022-07-13 12:38:00,15.19, , , , 
2022-07-13 12:39:00,15.19, , , , 
2022-07-13 12:40:00,15.16, , , , 
2022-07-13 12:41:00,15.15, , , , 
2022-07-13 12:42:00,15.15, , , , 
2022-07-13 12:43:00,15.15, , , , 
2022-07-13 12:44:00,15.15, , , , 
2022-07-13 12:45:00,15.13, , , , 
2022-07-13 12:46:00,15.13, , , , 
2022-07-13 12:47:00,15.13, , , , 
2022-07-13 12:48:00,15.11, , , , 
2022-07-13 12:49:00,15.10, , , , 
2022-07-13 12:50:00,15.12, , , , 
2022-07-13 12:51:00,15.12, , , , 
2022-07-13 12:52:00,15.09, , , , 
2022-07-13 12:53:00,15.09, , , , 
2022-07-13 12:54:00,15.07, , , , 
2022-07-13 12:55:00,15.07, , , , 
2022-07-13 12:56:00,15.06, , , , 
2022-07-13 12:57:00,15.06, , , , 
2022-07-13 12:58:00,15.04, , , , 
2022-07-13 12:59:00,15.08, , , , 
2022-07-13 13:00:00,15.04, , , , 
2022-07-13 13:01:00,15.04, , , , 
2022-07-13 13:02:00,15.02, , , , 
2022-07-13 13:03:00,15.02, , , , 
2022-07-13 13:04:00,15.01, , , , 
2022-07-13 13:05:00,15.00, , , , 
2022-07-13 13:06:00,15.02, , , , 
2022-07-13 13:07:00,14.98, , , , 
2022-07-13 13:08:00,14.98, , , , 
2022-07-13 13:09:00,14.99, , , , 
2022-07-13 13:10:00,14.95, , , , 
2022-07-13 13:11:00,14.98, , , , 
2022-07-13 13:12:00,14.99, , , , 
2022-07-13 13:13:00,14.96, , , , 
2022-07-13 13:14:00,14.96, , , , 
2022-07-13 13:15:00,14.95, , , , 
2022-07-13 13:16:00,14.96, , , , 
2022-07-13 13:17:00,14.94, , , , 
2022-07-13 13:18:00,14.93, , , , 
2022-07-13 13:19:00,14.92, , , , 
2022-07-13 13:20:00,14.91, , , , 
2022-07-13 13:21:00,14.89, , , , 
2022-07-13 13:22:00,14.89, , , , 
2022-07-13 13:23:00,14.91, , , , 
2022-07-13 13:24:00,14.89, , , , 
2022-07-13 13:25:00,14.88, , , , 
2022-07-13 13:26:00,14.89, , , , 
2022-07-13 13:27:00,14.88, , , , 
2022-07-13 13:28:00,14.87, , , , 
2022-07-13 13:29:00,14.88, , , , 
2022-07-13 13:30:00,14.85, , , , 
2022-07-13 13:31:00,14.85, , , , 
2022-07-13 13:32:00,14.84, , , , 
2022-07-13 13:33:00,14.83, , , , 
2022-07-13 13:34:00,14.82, , , , 
2022-07-13 13:35:00,14.82, , , , 
2022-07-13 13:36:00,14.83, , , , 
2022-07-13 13:37:00,14.81, , , , 
2022-07-13 13:38:00,14.83, , , , 
2022-07-13 13:39:00,14.83, , , , 
2022-07-13 13:40:00,14.80, , , , 
2022-07-13 13:41:00,14.79, , , , 
2022-07-13 13:42:00,14.80, , , , 
2022-07-13 13:43:00,14.74, , , , 
2022-07-13 13:44:00,14.77, , , , 
2022-07-13 13:45:00,14.77, , , , 
2022-07-13 13:46:00,14.77, , , , 
2022-07-13 13:47:00,14.77, , , , 
2022-07-13 13:48:00,14.75, , , , 
2022-07-13 13:49:00,14.78, , , , 
2022-07-13 13:50:00,14.75, , , , 
2022-07-13 13:51:00,14.75, , , , 
2022-07-13 13:52:00,14.74, , , , 
2022-07-13 13:53:00,14.75, , , , 
2022-07-13 13:54:00,14.72, , , , 
2022-07-13 13:55:00,14.72, , , , 
2022-07-13 13:56:00,14.71, , , , 
2022-07-13 13:57:00,14.71, , , , 
2022-07-13 13:58:00,14.70, , , , 
2022-07-13 13:59:00,14.70, , , , 
2022-07-13 14:00:00,14.70, , , , 
2022-07-13 14:01:00,14.69, , , , 
2022-07-13 14:02:00,14.69, , , , 
2022-07-13 14:03:00,14.69, , , , 
2022-07-13 14:04:00,14.69, , , , 
2022-07-13 14:05:00,14.69, , , , 
2022-07-13 14:06:00,14.68, , , , 
2022-07-13 14:07:00,14.67, , , , 
2022-07-13 14:08:00,14.67, , , , 
2022-07-13 14:09:00,14.66, , , , 
2022-07-13 14:10:00,14.65, , , , 
2022-07-13 14:11:00,14.66, , , , 
2022-07-13 14:12:00,14.64, , , , 
2022-07-13 14:13:00,14.63, , , , 
2022-07-13 14:14:00,14.62, , , , 
2022-07-13 14:15:00,14.60, , , , 
2022-07-13 14:16:00,14.59, , , , 
2022-07-13 14:17:00,14.58, , , , 
2022-07-13 14:18:00,14.57, , , , 
2022-07-13 14:19:00,14.57, , , , 
2022-07-13 14:20:00,14.56, , , , 
2022-07-13 14:21:00,14.54, , , , 
2022-07-13 14:22:00,14.52, , , , 
2022-07-13 14:23:00,14.52, , , , 
2022-07-13 14:24:00,14.48, , , , 
2022-07-13 14:25:00,14.49, , , , 
2022-07-13 14:26:00,14.47, , , , 
2022-07-13 14:27:00,14.44, , , , 
2022-07-13 14:28:00,14.45, , , , 
2022-07-13 14:29:00,14.43, , , , 
2022-07-13 14:30:00,14.44, , , , 
2022-07-13 14:31:00,14.43, , , , 
2022-07-13 14:32:00,14.39, , , , 
2022-07-13 14:33:00,14.39, , , , 
2022-07-13 14:34:00,14.37, , , , 
2022-07-13 14:35:00,14.37, , , , 
2022-07-13 14:36:00,14.35, , , , 
2022-07-13 14:37:00,14.36, , , , 
2022-07-13 14:38:00,14.33, , , , 
2022-07-13 14:39:00,14.34, , , , 
2022-07-13 14:40:00,14.33, , , , 
2022-07-13 14:41:00,14.32, , , , 
2022-07-13 14:42:00,14.28, , , , 
2022-07-13 14:42:46, ,Logged, , , 
2022-07-13 14:43:00,14.28, , , , 
2022-07-13 14:44:00,14.29, , , , 
2022-07-13 14:45:00,14.26, , , , 
2022-07-13 14:46:00,14.26, , , , 
2022-07-13 14:47:00,14.26, , , , 
2022-07-13 14:48:00,14.27, , , , 
2022-07-13 14:49:00,14.24, , , , 
2022-07-13 14:50:00,14.25, , , , 
2022-07-13 14:50:41, , ,Logged,Logged, 
2022-07-13 14:51:00,14.25, , , , 
2022-07-13 14:52:00,14.27, , , , 
2022-07-13 14:53:00,14.26, , , , 
2022-07-13 14:54:00,14.22, , , , 
2022-07-13 14:55:00,14.23, , , , 
2022-07-13 14:56:00,14.20, , , , 
2022-07-13 14:56:55, ,Logged, , , 
2022-07-13 14:57:00,14.23, , , , 
2022-07-13 14:58:00,14.22, , , , 
2022-07-13 14:59:00,14.20, , , , 
2022-07-13 15:00:00,14.19, , , , 
2022-07-13 15:01:00,14.20, , , , 
2022-07-13 15:02:00,14.19, , , , 
2022-07-13 15:03:00,14.18, , , , 
2022-07-13 15:04:00,14.18, , , , 
2022-07-13 15:05:00,14.17, , , , 
2022-07-13 15:06:00,14.15, , , , 
2022-07-13 15:07:00,14.18, , , , 
2022-07-13 15:08:00,14.15, , , , 
2022-07-13 15:09:00,14.14, , , , 
2022-07-13 15:10:00,14.15, , , , 
2022-07-13 15:11:00,14.15, , , , 
2022-07-13 15:12:00,14.14, , , , 
2022-07-13 15:13:00,14.13, , , , 
2022-07-13 15:14:00,14.15, , , , 
2022-07-13 15:15:00,14.13, , , , 
2022-07-13 15:16:00,14.18, , , , 
2022-07-13 15:17:00,14.18, , , , 
2022-07-13 15:18:00,14.19, , , , 
2022-07-13 15:19:00,14.21, , , , 
2022-07-13 15:20:00,14.24, , , , 
2022-07-13 15:21:00,14.25, , , , 
2022-07-13 15:22:00,14.28, , , , 
2022-07-13 15:23:00,14.32, , , , 
2022-07-13 15:24:00,14.33, , , , 
2022-07-13 15:25:00,14.34, , , , 
2022-07-13 15:26:00,14.38, , , , 
2022-07-13 15:27:00,14.40, , , , 
2022-07-13 15:28:00,14.38, , , , 
2022-07-13 15:29:00,14.41, , , , 
2022-07-13 15:30:00,14.42, , , , 
2022-07-13 15:31:00,14.45, , , , 
2022-07-13 15:32:00,14.45, , , , 
2022-07-13 15:33:00,14.49, , , , 
2022-07-13 15:34:00,14.50, , , , 
2022-07-13 15:35:00,14.51, , , , 
2022-07-13 15:36:00,14.50, , , , 
2022-07-13 15:37:00,14.52, , , , 
2022-07-13 15:38:00,14.53, , , , 
2022-07-13 15:39:00,14.53, , , , 
2022-07-13 15:40:00,14.54, , , , 
2022-07-13 15:41:00,14.55, , , , 
2022-07-13 15:42:00,14.53, , , , 
2022-07-13 15:43:00,14.55, , , , 
2022-07-13 15:44:00,14.55, , , , 
2022-07-13 15:45:00,14.54, , , , 
2022-07-13 15:46:00,14.54, , , , 
2022-07-13 15:47:00,14.55, , , , 
2022-07-13 15:48:00,14.57, , , , 
2022-07-13 15:49:00,14.56, , , , 
2022-07-13 15:50:00,14.57, , , , 
2022-07-13 15:51:00,14.56, , , , 
2022-07-13 15:52:00,14.55, , , , 
2022-07-13 15:53:00,14.58, , , , 
2022-07-13 15:54:00,14.55, , , , 
2022-07-13 15:55:00,14.55, , , , 
2022-07-13 15:56:00,14.54, , , , 
2022-07-13 15:57:00,14.55, , , , 
2022-07-13 15:58:00,14.55, , , , 
2022-07-13 15:59:00,14.55, , , , 
2022-07-13 16:00:00,14.55, , , , 
2022-07-13 16:01:00,14.54, , , , 
2022-07-13 16:02:00,14.57, , , , 
2022-07-13 16:03:00,14.60, , , , 
2022-07-13 16:04:00,14.62, , , , 
2022-07-13 16:05:00,14.65, , , , 
2022-07-13 16:06:00,14.66, , , , 
2022-07-13 16:07:00,14.68, , , , 
2022-07-13 16:08:00,14.70, , , , 
2022-07-13 16:09:00,14.70, , , , 
2022-07-13 16:10:00,14.73, , , , 
2022-07-13 16:11:00,14.71, , , , 
2022-07-13 16:12:00,14.74, , , , 
2022-07-13 16:13:00,14.74, , , , 
2022-07-13 16:14:00,14.78, , , , 
2022-07-13 16:15:00,14.73, , , , 
2022-07-13 16:16:00,14.78, , , , 
2022-07-13 16:17:00,14.79, , , , 
2022-07-13 16:18:00,14.80, , , , 
2022-07-13 16:19:00,14.81, , , , 
2022-07-13 16:20:00,14.82, , , , 
2022-07-13 16:21:00,14.83, , , , 
2022-07-13 16:22:00,14.84, , , , 
2022-07-13 16:23:00,14.86, , , , 
2022-07-13 16:24:00,14.84, , , , 
2022-07-13 16:25:00,14.86, , , , 
2022-07-13 16:26:00,14.89, , , , 
2022-07-13 16:27:00,14.88, , , , 
2022-07-13 16:28:00,14.89, , , , 
2022-07-13 16:29:00,14.91, , , , 
2022-07-13 16:30:00,14.92, , , , 
2022-07-13 16:31:00,14.91, , , , 
2022-07-13 16:32:00,14.93, , , , 
2022-07-13 16:33:00,14.92, , , , 
2022-07-13 16:34:00,14.95, , , , 
2022-07-13 16:35:00,14.96, , , , 
2022-07-13 16:36:00,14.96, , , , 
2022-07-13 16:37:00,14.96, , , , 
2022-07-13 16:38:00,14.98, , , , 
2022-07-13 16:39:00,14.97, , , , 
2022-07-13 16:40:00,14.98, , , , 
2022-07-13 16:41:00,15.00, , , , 
2022-07-13 16:42:00,15.01, , , , 
2022-07-13 16:43:00,15.03, , , , 
2022-07-13 16:44:00,15.06, , , , 
2022-07-13 16:45:00,15.07, , , , 
2022-07-13 16:46:00,15.08, , , , 
2022-07-13 16:47:00,15.13, , , , 
2022-07-13 16:48:00,15.13, , , , 
2022-07-13 16:49:00,15.14, , , , 
2022-07-13 16:50:00,15.15, , , , 
2022-07-13 16:51:00,15.18, , , , 
2022-07-13 16:52:00,15.18, , , , 
2022-07-13 16:53:00,15.19, , , , 
2022-07-13 16:54:00,15.23, , , , 
2022-07-13 16:55:00,15.21, , , , 
2022-07-13 16:56:00,15.25, , , , 
2022-07-13 16:57:00,15.24, , , , 
2022-07-13 16:58:00,15.25, , , , 
2022-07-13 16:59:00,15.26, , , , 
2022-07-13 17:00:00,15.26, , , , 
2022-07-13 17:01:00,15.29, , , , 
2022-07-13 17:02:00,15.31, , , , 
2022-07-13 17:03:00,15.30, , , , 
2022-07-13 17:04:00,15.33, , , , 
2022-07-13 17:05:00,15.32, , , , 
2022-07-13 17:06:00,15.33, , , , 
2022-07-13 17:07:00,15.38, , , , 
2022-07-13 17:08:00,15.40, , , , 
2022-07-13 17:09:00,15.38, , , , 
2022-07-13 17:10:00,15.42, , , , 
2022-07-13 17:11:00,15.45, , , , 
2022-07-13 17:12:00,15.46, , , , 
2022-07-13 17:13:00,15.51, , , , 
2022-07-13 17:14:00,15.52, , , , 
2022-07-13 17:15:00,15.52, , , , 
2022-07-13 17:16:00,15.56, , , , 
2022-07-13 17:17:00,15.56, , , , 
2022-07-13 17:18:00,15.57, , , , 
2022-07-13 17:19:00,15.59, , , , 
2022-07-13 17:20:00,15.59, , , , 
2022-07-13 17:21:00,15.60, , , , 
2022-07-13 17:22:00,15.61, , , , 
2022-07-13 17:23:00,15.67, , , , 
2022-07-13 17:24:00,15.67, , , , 
2022-07-13 17:25:00,15.67, , , , 
2022-07-13 17:26:00,15.65, , , , 
2022-07-13 17:27:00,15.69, , , , 
2022-07-13 17:28:00,15.68, , , , 
2022-07-13 17:29:00,15.69, , , , 
2022-07-13 17:30:00,15.69, , , , 
2022-07-13 17:31:00,15.69, , , , 
2022-07-13 17:32:00,15.71, , , , 
2022-07-13 17:33:00,15.71, , , , 
2022-07-13 17:34:00,15.70, , , , 
2022-07-13 17:35:00,15.71, , , , 
2022-07-13 17:36:00,15.72, , , , 
2022-07-13 17:37:00,15.70, , , , 
2022-07-13 17:38:00,15.73, , , , 
2022-07-13 17:39:00,15.74, , , , 
2022-07-13 17:40:00,15.74, , , , 
2022-07-13 17:41:00,15.73, , , , 
2022-07-13 17:42:00,15.74, , , , 
2022-07-13 17:43:00,15.73, , , , 
2022-07-13 17:44:00,15.72, , , , 
2022-07-13 17:45:00,15.73, , , , 
2022-07-13 17:46:00,15.74, , , , 
2022-07-13 17:47:00,15.75, , , , 
2022-07-13 17:48:00,15.74, , , , 
2022-07-13 17:49:00,15.73, , , , 
2022-07-13 17:50:00,15.76, , , , 
2022-07-13 17:51:00,15.74, , , , 
2022-07-13 17:52:00,15.76, , , , 
2022-07-13 17:53:00,15.73, , , , 
2022-07-13 17:54:00,15.77, , , , 
2022-07-13 17:55:00,15.74, , , , 
2022-07-13 17:56:00,15.75, , , , 
2022-07-13 17:57:00,15.77, , , , 
2022-07-13 17:58:00,15.76, , , , 
2022-07-13 17:59:00,15.76, , , , 
2022-07-13 18:00:00,15.78, , , , 
2022-07-13 18:01:00,15.76, , , , 
2022-07-13 18:02:00,15.78, , , , 
2022-07-13 18:03:00,15.76, , , , 
2022-07-13 18:04:00,15.78, , , , 
2022-07-13 18:05:00,15.77, , , , 
2022-07-13 18:06:00,15.73, , , , 
2022-07-13 18:07:00,15.73, , , , 
2022-07-13 18:08:00,15.68, , , , 
2022-07-13 18:09:00,15.63, , , , 
2022-07-13 18:10:00,15.59, , , , 
2022-07-13 18:11:00,15.54, , , , 
2022-07-13 18:12:00,15.49, , , , 
2022-07-13 18:13:00,15.44, , , , 
2022-07-13 18:14:00,15.37, , , , 
2022-07-13 18:15:00,15.29, , , , 
2022-07-13 18:16:00,15.24, , , , 
2022-07-13 18:17:00,15.16, , , , 
2022-07-13 18:18:00,15.06, , , , 
2022-07-13 18:19:00,14.98, , , , 
2022-07-13 18:20:00,14.92, , , , 
2022-07-13 18:21:00,14.82, , , , 
2022-07-13 18:22:00,14.75, , , , 
2022-07-13 18:23:00,14.68, , , , 
2022-07-13 18:24:00,14.62, , , , 
2022-07-13 18:25:00,14.53, , , , 
2022-07-13 18:26:00,14.44, , , , 
2022-07-13 18:27:00,14.36, , , , 
2022-07-13 18:28:00,14.15, , , , 
2022-07-13 18:29:00,14.05, , , , 
2022-07-13 18:30:00,13.96, , , , 
2022-07-13 18:31:00,13.88, , , , 
2022-07-13 18:32:00,13.85, , , , 
2022-07-13 18:33:00,13.83, , , , 
2022-07-13 18:34:00,13.78, , , , 
2022-07-13 18:35:00,13.77, , , , 
2022-07-13 18:36:00,13.75, , , , 
2022-07-13 18:37:00,13.70, , , , 
2022-07-13 18:38:00,13.70, , , , 
2022-07-13 18:39:00,13.67, , , , 
2022-07-13 18:40:00,13.65, , , , 
2022-07-13 18:41:00,13.65, , , , 
2022-07-13 18:42:00,13.63, , , , 
2022-07-13 18:43:00,13.61, , , , 
2022-07-13 18:44:00,13.60, , , , 
2022-07-13 18:45:00,13.58, , , , 
2022-07-13 18:46:00,13.56, , , , 
2022-07-13 18:47:00,13.56, , , , 
2022-07-13 18:48:00,13.53, , , , 
2022-07-13 18:49:00,13.54, , , , 
2022-07-13 18:50:00,13.52, , , , 
2022-07-13 18:51:00,13.52, , , , 
2022-07-13 18:52:00,13.52, , , , 
2022-07-13 18:53:00,13.50, , , , 
2022-07-13 18:54:00,13.51, , , , 
2022-07-13 18:55:00,13.47, , , , 
2022-07-13 18:56:00,13.46, , , , 
2022-07-13 18:57:00,13.46, , , , 
2022-07-13 18:58:00,13.45, , , , 
2022-07-13 18:59:00,13.45, , , , 
2022-07-13 19:00:00,13.46, , , , 
2022-07-13 19:01:00,13.41, , , , 
2022-07-13 19:02:00,13.43, , , , 
2022-07-13 19:03:00,13.40, , , , 
2022-07-13 19:04:00,13.40, , , , 
2022-07-13 19:05:00,13.40, , , , 
2022-07-13 19:06:00,13.38, , , , 
2022-07-13 19:07:00,13.38, , , , 
2022-07-13 19:08:00,13.38, , , , 
2022-07-13 19:09:00,13.38, , , , 
2022-07-13 19:10:00,13.38, , , , 
2022-07-13 19:11:00,13.36, , , , 
2022-07-13 19:12:00,13.35, , , , 
2022-07-13 19:13:00,13.36, , , , 
2022-07-13 19:14:00,13.36, , , , 
2022-07-13 19:15:00,13.34, , , , 
2022-07-13 19:16:00,13.32, , , , 
2022-07-13 19:17:00,13.32, , , , 
2022-07-13 19:18:00,13.32, , , , 
2022-07-13 19:19:00,13.31, , , , 
2022-07-13 19:20:00,13.31, , , , 
2022-07-13 19:21:00,13.32, , , , 
2022-07-13 19:22:00,13.29, , , , 
2022-07-13 19:23:00,13.29, , , , 
2022-07-13 19:24:00,13.29, , , , 
2022-07-13 19:25:00,13.27, , , , 
2022-07-13 19:26:00,13.30, , , , 
2022-07-13 19:27:00,13.30, , , , 
2022-07-13 19:28:00,13.27, , , , 
2022-07-13 19:29:00,13.25, , , , 
2022-07-13 19:30:00,13.27, , , , 
2022-07-13 19:31:00,13.25, , , , 
2022-07-13 19:32:00,13.25, , , , 
2022-07-13 19:33:00,13.25, , , , 
2022-07-13 19:34:00,13.25, , , , 
2022-07-13 19:35:00,13.24, , , , 
2022-07-13 19:36:00,13.23, , , , 
2022-07-13 19:37:00,13.25, , , , 
2022-07-13 19:38:00,13.25, , , , 
2022-07-13 19:39:00,13.29, , , , 
2022-07-13 19:40:00,13.35, , , , 
2022-07-13 19:41:00,13.39, , , , 
2022-07-13 19:42:00,13.45, , , , 
2022-07-13 19:43:00,13.50, , , , 
2022-07-13 19:44:00,13.53, , , , 
2022-07-13 19:45:00,13.61, , , , 
2022-07-13 19:46:00,13.69, , , , 
2022-07-13 19:47:00,13.76, , , , 
2022-07-13 19:48:00,13.81, , , , 
2022-07-13 19:49:00,13.88, , , , 
2022-07-13 19:50:00,13.93, , , , 
2022-07-13 19:51:00,14.00, , , , 
2022-07-13 19:52:00,14.07, , , , 
2022-07-13 19:53:00,14.12, , , , 
2022-07-13 19:54:00,14.21, , , , 
2022-07-13 19:55:00,14.25, , , , 
2022-07-13 19:56:00,14.32, , , , 
2022-07-13 19:57:00,14.35, , , , 
2022-07-13 19:58:00,14.38, , , , 
2022-07-13 19:59:00,14.45, , , , 
2022-07-13 20:00:00,14.48, , , , 
2022-07-13 20:01:00,14.53, , , , 
2022-07-13 20:02:00,14.58, , , , 
2022-07-13 20:03:00,14.63, , , , 
2022-07-13 20:04:00,14.68, , , , 
2022-07-13 20:05:00,14.71, , , , 
2022-07-13 20:06:00,14.78, , , , 
2022-07-13 20:07:00,14.83, , , , 
2022-07-13 20:08:00,14.89, , , , 
2022-07-13 20:09:00,14.96, , , , 
2022-07-13 20:10:00,15.00, , , , 
2022-07-13 20:11:00,15.02, , , , 
2022-07-13 20:12:00,15.09, , , , 
2022-07-13 20:13:00,15.17, , , , 
2022-07-13 20:14:00,15.19, , , , 
2022-07-13 20:15:00,15.25, , , , 
2022-07-13 20:16:00,15.31, , , , 
2022-07-13 20:17:00,15.33, , , , 
2022-07-13 20:18:00,15.39, , , , 
2022-07-13 20:19:00,15.42, , , , 
2022-07-13 20:20:00,15.45, , , , 
2022-07-13 20:21:00,15.45, , , , 
2022-07-13 20:22:00,15.49, , , , 
2022-07-13 20:23:00,15.52, , , , 
2022-07-13 20:24:00,15.57, , , , 
2022-07-13 20:25:00,15.62, , , , 
2022-07-13 20:26:00,15.63, , , , 
2022-07-13 20:27:00,15.69, , , , 
2022-07-13 20:28:00,15.72, , , , 
2022-07-13 20:29:00,15.74, , , , 
2022-07-13 20:30:00,15.80, , , , 
2022-07-13 20:31:00,15.85, , , , 
2022-07-13 20:32:00,15.87, , , , 
2022-07-13 20:33:00,15.96, , , , 
2022-07-13 20:34:00,15.99, , , , 
2022-07-13 20:35:00,16.04, , , , 
2022-07-13 20:36:00,16.05, , , , 
2022-07-13 20:37:00,16.10, , , , 
2022-07-13 20:38:00,16.15, , , , 
2022-07-13 20:39:00,16.16, , , , 
2022-07-13 20:40:00,16.24, , , , 
2022-07-13 20:41:00,16.22, , , , 
2022-07-13 20:42:00,16.26, , , , 
2022-07-13 20:43:00,16.26, , , , 
2022-07-13 20:44:00,16.28, , , , 
2022-07-13 20:45:00,16.33, , , , 
2022-07-13 20:46:00,16.34, , , , 
2022-07-13 20:47:00,16.39, , , , 
2022-07-13 20:48:00,16.40, , , , 
2022-07-13 20:49:00,16.46, , , , 
2022-07-13 20:50:00,16.46, , , , 
2022-07-13 20:51:00,16.49, , , , 
2022-07-13 20:52:00,16.52, , , , 
2022-07-13 20:53:00,16.58, , , , 
2022-07-13 20:54:00,16.61, , , , 
2022-07-13 20:55:00,16.64, , , , 
2022-07-13 20:56:00,16.66, , , , 
2022-07-13 20:57:00,16.71, , , , 
2022-07-13 20:58:00,16.73, , , , 
2022-07-13 20:59:00,16.77, , , , 
2022-07-13 21:00:00,16.80, , , , 
2022-07-13 21:01:00,16.84, , , , 
2022-07-13 21:02:00,16.87, , , , 
2022-07-13 21:03:00,16.88, , , , 
2022-07-13 21:04:00,16.90, , , , 
2022-07-13 21:05:00,16.88, , , , 
2022-07-13 21:06:00,16.91, , , , 
2022-07-13 21:07:00,16.89, , , , 
2022-07-13 21:08:00,16.92, , , , 
2022-07-13 21:09:00,16.96, , , , 
2022-07-13 21:10:00,16.99, , , , 
2022-07-13 21:11:00,17.01, , , , 
2022-07-13 21:12:00,17.04, , , , 
2022-07-13 21:13:00,17.07, , , , 
2022-07-13 21:14:00,17.10, , , , 
2022-07-13 21:15:00,17.15, , , , 
2022-07-13 21:16:00,17.14, , , , 
2022-07-13 21:17:00,17.17, , , , 
2022-07-13 21:18:00,17.17, , , , 
2022-07-13 21:19:00,17.24, , , , 
2022-07-13 21:20:00,17.26, , , , 
2022-07-13 21:21:00,17.26, , , , 
2022-07-13 21:22:00,17.32, , , , 
2022-07-13 21:23:00,17.34, , , , 
2022-07-13 21:24:00,17.36, , , , 
2022-07-13 21:25:00,17.35, , , , 
2022-07-13 21:26:00,17.36, , , , 
2022-07-13 21:27:00,17.38, , , , 
2022-07-13 21:28:00,17.40, , , , 
2022-07-13 21:29:00,17.38, , , , 
2022-07-13 21:30:00,17.41, , , , 
2022-07-13 21:31:00,17.43, , , , 
2022-07-13 21:32:00,17.45, , , , 
2022-07-13 21:33:00,17.48, , , , 
2022-07-13 21:34:00,17.49, , , , 
2022-07-13 21:35:00,17.50, , , , 
2022-07-13 21:36:00,17.53, , , , 
2022-07-13 21:37:00,17.54, , , , 
2022-07-13 21:38:00,17.56, , , , 
2022-07-13 21:39:00,17.60, , , , 
2022-07-13 21:40:00,17.63, , , , 
2022-07-13 21:41:00,17.65, , , , 
2022-07-13 21:42:00,17.69, , , , 
2022-07-13 21:43:00,17.70, , , , 
2022-07-13 21:44:00,17.72, , , , 
2022-07-13 21:45:00,17.74, , , , 
2022-07-13 21:46:00,17.75, , , , 
2022-07-13 21:47:00,17.74, , , , 
2022-07-13 21:48:00,17.78, , , , 
2022-07-13 21:49:00,17.78, , , , 
2022-07-13 21:50:00,17.75, , , , 
2022-07-13 21:51:00,17.79, , , , 
2022-07-13 21:52:00,17.78, , , , 
2022-07-13 21:53:00,17.82, , , , 
2022-07-13 21:54:00,17.83, , , , 
2022-07-13 21:55:00,17.85, , , , 
2022-07-13 21:56:00,17.84, , , , 
2022-07-13 21:57:00,17.84, , , , 
2022-07-13 21:58:00,17.89, , , , 
2022-07-13 21:59:00,17.93, , , , 
2022-07-13 22:00:00,17.94, , , , 
2022-07-13 22:01:00,17.96, , , , 
2022-07-13 22:02:00,17.98, , , , 
2022-07-13 22:03:00,18.00, , , , 
2022-07-13 22:04:00,18.00, , , , 
2022-07-13 22:05:00,18.06, , , , 
2022-07-13 22:06:00,18.06, , , , 
2022-07-13 22:07:00,18.08, , , , 
2022-07-13 22:08:00,18.09, , , , 
2022-07-13 22:09:00,18.10, , , , 
2022-07-13 22:10:00,18.09, , , , 
2022-07-13 22:11:00,18.08, , , , 
2022-07-13 22:12:00,18.09, , , , 
2022-07-13 22:13:00,18.08, , , , 
2022-07-13 22:14:00,18.10, , , , 
2022-07-13 22:15:00,18.11, , , , 
2022-07-13 22:16:00,18.13, , , , 
2022-07-13 22:17:00,18.14, , , , 
2022-07-13 22:18:00,18.15, , , , 
2022-07-13 22:19:00,18.17, , , , 
2022-07-13 22:20:00,18.18, , , , 
2022-07-13 22:21:00,18.21, , , , 
2022-07-13 22:22:00,18.22, , , , 
2022-07-13 22:23:00,18.25, , , , 
2022-07-13 22:24:00,18.26, , , , 
2022-07-13 22:25:00,18.28, , , , 
2022-07-13 22:26:00,18.27, , , , 
2022-07-13 22:27:00,18.29, , , , 
2022-07-13 22:28:00,18.33, , , , 
2022-07-13 22:29:00,18.34, , , , 
2022-07-13 22:30:00,18.35, , , , 
2022-07-13 22:31:00,18.34, , , , 
2022-07-13 22:32:00,18.32, , , , 
2022-07-13 22:33:00,18.33, , , , 
2022-07-13 22:34:00,18.35, , , , 
2022-07-13 22:35:00,18.32, , , , 
2022-07-13 22:36:00,18.34, , , , 
2022-07-13 22:37:00,18.35, , , , 
2022-07-13 22:38:00,18.36, , , , 
2022-07-13 22:39:00,18.37, , , , 
2022-07-13 22:40:00,18.39, , , , 
2022-07-13 22:41:00,18.40, , , , 
2022-07-13 22:42:00,18.42, , , , 
2022-07-13 22:43:00,18.42, , , , 
2022-07-13 22:44:00,18.46, , , , 
2022-07-13 22:45:00,18.46, , , , 
2022-07-13 22:46:00,18.48, , , , 
2022-07-13 22:47:00,18.49, , , , 
2022-07-13 22:48:00,18.49, , , , 
2022-07-13 22:49:00,18.54, , , , 
2022-07-13 22:50:00,18.53, , , , 
2022-07-13 22:51:00,18.54, , , , 
2022-07-13 22:52:00,18.55, , , , 
2022-07-13 22:53:00,18.55, , , , 
2022-07-13 22:54:00,18.54, , , , 
2022-07-13 22:55:00,18.54, , , , 
2022-07-13 22:56:00,18.55, , , , 
2022-07-13 22:57:00,18.54, , , , 
2022-07-13 22:58:00,18.53, , , , 
2022-07-13 22:59:00,18.53, , , , 
2022-07-13 23:00:00,18.56, , , , 
2022-07-13 23:01:00,18.57, , , , 
2022-07-13 23:02:00,18.57, , , , 
2022-07-13 23:03:00,18.59, , , , 
2022-07-13 23:04:00,18.59, , , , 
2022-07-13 23:05:00,18.62, , , , 
2022-07-13 23:06:00,18.64, , , , 
2022-07-13 23:07:00,18.66, , , , 
2022-07-13 23:08:00,18.67, , , , 
2022-07-13 23:09:00,18.67, , , , 
2022-07-13 23:10:00,18.68, , , , 
2022-07-13 23:11:00,18.70, , , , 
2022-07-13 23:12:00,18.72, , , , 
2022-07-13 23:13:00,18.72, , , , 
2022-07-13 23:14:00,18.73, , , , 
2022-07-13 23:15:00,18.72, , , , 
2022-07-13 23:16:00,18.70, , , , 
2022-07-13 23:17:00,18.69, , , , 
2022-07-13 23:18:00,18.72, , , , 
2022-07-13 23:19:00,18.71, , , , 
2022-07-13 23:20:00,18.71, , , , 
2022-07-13 23:21:00,18.71, , , , 
2022-07-13 23:22:00,18.71, , , , 
2022-07-13 23:23:00,18.72, , , , 
2022-07-13 23:24:00,18.78, , , , 
2022-07-13 23:25:00,18.76, , , , 
2022-07-13 23:26:00,18.77, , , , 
2022-07-13 23:27:00,18.78, , , , 
2022-07-13 23:28:00,18.80, , , , 
2022-07-13 23:29:00,18.79, , , , 
2022-07-13 23:30:00,18.83, , , , 
2022-07-13 23:31:00,18.83, , , , 
2022-07-13 23:32:00,18.85, , , , 
2022-07-13 23:33:00,18.86, , , , 
2022-07-13 23:34:00,18.86, , , , 
2022-07-13 23:35:00,18.87, , , , 
2022-07-13 23:36:00,18.87, , , , 
2022-07-13 23:37:00,18.84, , , , 
2022-07-13 23:38:00,18.83, , , , 
2022-07-13 23:39:00,18.84, , , , 
2022-07-13 23:40:00,18.84, , , , 
2022-07-13 23:41:00,18.83, , , , 
2022-07-13 23:42:00,18.83, , , , 
2022-07-13 23:43:00,18.84, , , , 
2022-07-13 23:44:00,18.83, , , , 
2022-07-13 23:45:00,18.85, , , , 
2022-07-13 23:46:00,18.86, , , , 
2022-07-13 23:47:00,18.86, , , , 
2022-07-13 23:48:00,18.86, , , , 
2022-07-13 23:49:00,18.88, , , , 
2022-07-13 23:50:00,18.89, , , , 
2022-07-13 23:51:00,18.92, , , , 
2022-07-13 23:52:00,18.92, , , , 
2022-07-13 23:53:00,18.94, , , , 
2022-07-13 23:54:00,18.92, , , , 
2022-07-13 23:55:00,18.97, , , , 
2022-07-13 23:56:00,18.95, , , , 
2022-07-13 23:57:00,18.97, , , , 
2022-07-13 23:58:00,18.96, , , , 
2022-07-13 23:59:00,18.96, , , , 
2022-07-14 00:00:00,18.97, , , , 
2022-07-14 00:01:00,18.92, , , , 
2022-07-14 00:02:00,18.96, , , , 
2022-07-14 00:03:00,18.95, , , , 
2022-07-14 00:04:00,18.98, , , , 
2022-07-14 00:05:00,19.01, , , , 
2022-07-14 00:06:00,19.01, , , , 
2022-07-14 00:07:00,19.04, , , , 
2022-07-14 00:08:00,19.08, , , , 
2022-07-14 00:09:00,19.12, , , , 
2022-07-14 00:10:00,19.16, , , , 
2022-07-14 00:11:00,19.17, , , , 
2022-07-14 00:12:00,19.24, , , , 
2022-07-14 00:13:00,19.28, , , , 
2022-07-14 00:14:00,19.32, , , , 
2022-07-14 00:15:00,19.37, , , , 
2022-07-14 00:16:00,19.40, , , , 
2022-07-14 00:17:00,19.43, , , , 
2022-07-14 00:18:00,19.48, , , , 
2022-07-14 00:19:00,19.54, , , , 
2022-07-14 00:20:00,19.57, , , , 
2022-07-14 00:21:00,19.57, , , , 
2022-07-14 00:22:00,19.60, , , , 
2022-07-14 00:23:00,19.62, , , , 
2022-07-14 00:24:00,19.66, , , , 
2022-07-14 00:25:00,19.66, , , , 
2022-07-14 00:26:00,19.71, , , , 
2022-07-14 00:27:00,19.75, , , , 
2022-07-14 00:28:00,19.80, , , , 
2022-07-14 00:29:00,19.82, , , , 
2022-07-14 00:30:00,19.86, , , , 
2022-07-14 00:31:00,19.88, , , , 
2022-07-14 00:32:00,19.95, , , , 
2022-07-14 00:33:00,19.97, , , , 
2022-07-14 00:34:00,20.00, , , , 
2022-07-14 00:35:00,20.05, , , , 
2022-07-14 00:36:00,20.07, , , , 
2022-07-14 00:37:00,20.15, , , , 
2022-07-14 00:38:00,20.18, , , , 
2022-07-14 00:39:00,20.22, , , , 
2022-07-14 00:40:00,20.25, , , , 
2022-07-14 00:41:00,20.31, , , , 
2022-07-14 00:42:00,20.29, , , , 
2022-07-14 00:43:00,20.32, , , , 
2022-07-14 00:44:00,20.33, , , , 
2022-07-14 00:45:00,20.36, , , , 
2022-07-14 00:46:00,20.40, , , , 
2022-07-14 00:47:00,20.42, , , , 
2022-07-14 00:48:00,20.46, , , , 
2022-07-14 00:49:00,20.48, , , , 
2022-07-14 00:50:00,20.51, , , , 
2022-07-14 00:51:00,20.53, , , , 
2022-07-14 00:52:00,20.57, , , , 
2022-07-14 00:53:00,20.62, , , , 
2022-07-14 00:54:00,20.65, , , , 
2022-07-14 00:55:00,20.69, , , , 
2022-07-14 00:56:00,20.74, , , , 
2022-07-14 00:57:00,20.77, , , , 
2022-07-14 00:58:00,20.80, , , , 
2022-07-14 00:59:00,20.86, , , , 
2022-07-14 01:00:00,20.86, , , , 
2022-07-14 01:01:00,20.90, , , , 
2022-07-14 01:02:00,20.95, , , , 
2022-07-14 01:03:00,20.98, , , , 
2022-07-14 01:04:00,21.02, , , , 
2022-07-14 01:05:00,21.02, , , , 
2022-07-14 01:06:00,21.03, , , , 
2022-07-14 01:07:00,21.04, , , , 
2022-07-14 01:08:00,21.07, , , , 
2022-07-14 01:09:00,21.09, , , , 
2022-07-14 01:10:00,21.15, , , , 
2022-07-14 01:11:00,21.15, , , , 
2022-07-14 01:12:00,21.16, , , , 
2022-07-14 01:13:00,21.21, , , , 
2022-07-14 01:14:00,21.25, , , , 
2022-07-14 01:15:00,21.28, , , , 
2022-07-14 01:16:00,21.32, , , , 
2022-07-14 01:17:00,21.33, , , , 
2022-07-14 01:18:00,21.39, , , , 
2022-07-14 01:19:00,21.40, , , , 
2022-07-14 01:20:00,21.45, , , , 
2022-07-14 01:21:00,21.48, , , , 
2022-07-14 01:22:00,21.50, , , , 
2022-07-14 01:23:00,21.54, , , , 
2022-07-14 01:24:00,21.59, , , , 
2022-07-14 01:25:00,21.61, , , , 
2022-07-14 01:26:00,21.64, , , , 
2022-07-14 01:27:00,21.62, , , , 
2022-07-14 01:28:00,21.65, , , , 
2022-07-14 01:29:00,21.65, , , , 
2022-07-14 01:30:00,21.66, , , , 
2022-07-14 01:31:00,21.67, , , , 
2022-07-14 01:32:00,21.73, , , , 
2022-07-14 01:33:00,21.74, , , , 
2022-07-14 01:34:00,21.75, , , , 
2022-07-14 01:35:00,21.79, , , , 
2022-07-14 01:36:00,21.84, , , , 
2022-07-14 01:37:00,21.87, , , , 
2022-07-14 01:38:00,21.89, , , , 
2022-07-14 01:39:00,21.92, , , , 
2022-07-14 01:40:00,21.94, , , , 
2022-07-14 01:41:00,21.97, , , , 
2022-07-14 01:42:00,21.98, , , , 
2022-07-14 01:43:00,22.03, , , , 
2022-07-14 01:44:00,22.09, , , , 
2022-07-14 01:45:00,22.09, , , , 
2022-07-14 01:46:00,22.13, , , , 
2022-07-14 01:47:00,22.16, , , , 
2022-07-14 01:48:00,22.18, , , , 
2022-07-14 01:49:00,22.17, , , , 
2022-07-14 01:50:00,22.18, , , , 
2022-07-14 01:51:00,22.20, , , , 
2022-07-14 01:52:00,22.21, , , , 
2022-07-14 01:53:00,22.23, , , , 
2022-07-14 01:54:00,22.23, , , , 
2022-07-14 01:55:00,22.25, , , , 
2022-07-14 01:56:00,22.28, , , , 
2022-07-14 01:57:00,22.31, , , , 
2022-07-14 01:58:00,22.33, , , , 
2022-07-14 01:59:00,22.37, , , , 
2022-07-14 02:00:00,22.39, , , , 
2022-07-14 02:01:00,22.42, , , , 
2022-07-14 02:02:00,22.44, , , , 
2022-07-14 02:03:00,22.48, , , , 
2022-07-14 02:04:00,22.49, , , , 
2022-07-14 02:05:00,22.53, , , , 
2022-07-14 02:06:00,22.56, , , , 
2022-07-14 02:07:00,22.61, , , , 
2022-07-14 02:08:00,22.62, , , , 
2022-07-14 02:09:00,22.64, , , , 
2022-07-14 02:10:00,22.64, , , , 
2022-07-14 02:11:00,22.63, , , , 
2022-07-14 02:12:00,22.65, , , , 
2022-07-14 02:13:00,22.64, , , , 
2022-07-14 02:14:00,22.66, , , , 
2022-07-14 02:15:00,22.66, , , , 
2022-07-14 02:16:00,22.69, , , , 
2022-07-14 02:17:00,22.72, , , , 
2022-07-14 02:18:00,22.73, , , , 
2022-07-14 02:19:00,22.77, , , , 
2022-07-14 02:20:00,22.78, , , , 
2022-07-14 02:21:00,22.80, , , , 
2022-07-14 02:22:00,22.83, , , , 
2022-07-14 02:23:00,22.83, , , , 
2022-07-14 02:24:00,22.87, , , , 
2022-07-14 02:25:00,22.92, , , , 
2022-07-14 02:26:00,22.93, , , , 
2022-07-14 02:27:00,22.95, , , , 
2022-07-14 02:28:00,22.98, , , , 
2022-07-14 02:29:00,23.00, , , , 
2022-07-14 02:30:00,23.01, , , , 
2022-07-14 02:31:00,23.02, , , , 
2022-07-14 02:32:00,23.05, , , , 
2022-07-14 02:33:00,23.03, , , , 
2022-07-14 02:34:00,23.03, , , , 
2022-07-14 02:35:00,23.05, , , , 
2022-07-14 02:36:00,23.06, , , , 
2022-07-14 02:37:00,23.06, , , , 
2022-07-14 02:38:00,23.08, , , , 
2022-07-14 02:39:00,23.08, , , , 
2022-07-14 02:40:00,23.10, , , , 
2022-07-14 02:41:00,23.13, , , , 
2022-07-14 02:42:00,23.13, , , , 
2022-07-14 02:43:00,23.15, , , , 
2022-07-14 02:44:00,23.20, , , , 
2022-07-14 02:45:00,23.22, , , , 
2022-07-14 02:46:00,23.24, , , , 
2022-07-14 02:47:00,23.27, , , , 
2022-07-14 02:48:00,23.28, , , , 
2022-07-14 02:49:00,23.30, , , , 
2022-07-14 02:50:00,23.32, , , , 
2022-07-14 02:51:00,23.34, , , , 
2022-07-14 02:52:00,23.35, , , , 
2022-07-14 02:53:00,23.38, , , , 
2022-07-14 02:54:00,23.38, , , , 
2022-07-14 02:55:00,23.38, , , , 
2022-07-14 02:56:00,23.37, , , , 
2022-07-14 02:57:00,23.36, , , , 
2022-07-14 02:58:00,23.36, , , , 
2022-07-14 02:59:00,23.38, , , , 
2022-07-14 03:00:00,23.38, , , , 
2022-07-14 03:01:00,23.38, , , , 
2022-07-14 03:02:00,23.41, , , , 
2022-07-14 03:03:00,23.42, , , , 
2022-07-14 03:04:00,23.43, , , , 
2022-07-14 03:05:00,23.44, , , , 
2022-07-14 03:06:00,23.44, , , , 
2022-07-14 03:07:00,23.42, , , , 
2022-07-14 03:08:00,23.39, , , , 
2022-07-14 03:09:00,23.41, , , , 
2022-07-14 03:10:00,23.39, , , , 
2022-07-14 03:11:00,23.38, , , , 
2022-07-14 03:12:00,23.37, , , , 
2022-07-14 03:13:00,23.38, , , , 
2022-07-14 03:14:00,23.37, , , , 
2022-07-14 03:15:00,23.37, , , , 
2022-07-14 03:16:00,23.36, , , , 
2022-07-14 03:17:00,23.36, , , , 
2022-07-14 03:18:00,23.31, , , , 
2022-07-14 03:19:00,23.32, , , , 
2022-07-14 03:20:00,23.32, , , , 
2022-07-14 03:21:00,23.29, , , , 
2022-07-14 03:22:00,23.30, , , , 
2022-07-14 03:23:00,23.30, , , , 
2022-07-14 03:24:00,23.28, , , , 
2022-07-14 03:25:00,23.28, , , , 
2022-07-14 03:26:00,23.28, , , , 
2022-07-14 03:27:00,23.26, , , , 
2022-07-14 03:28:00,23.29, , , , 
2022-07-14 03:29:00,23.30, , , , 
2022-07-14 03:30:00,23.28, , , , 
2022-07-14 03:31:00,23.27, , , , 
2022-07-14 03:32:00,23.30, , , , 
2022-07-14 03:33:00,23.32, , , , 
2022-07-14 03:34:00,23.32, , , , 
2022-07-14 03:35:00,23.35, , , , 
2022-07-14 03:36:00,23.34, , , , 
2022-07-14 03:37:00,23.36, , , , 
2022-07-14 03:38:00,23.35, , , , 
2022-07-14 03:39:00,23.39, , , , 
2022-07-14 03:40:00,23.36, , , , 
2022-07-14 03:41:00,23.36, , , , 
2022-07-14 03:42:00,23.37, , , , 
2022-07-14 03:43:00,23.37, , , , 
2022-07-14 03:44:00,23.35, , , , 
2022-07-14 03:45:00,23.36, , , , 
2022-07-14 03:46:00,23.35, , , , 
2022-07-14 03:47:00,23.36, , , , 
2022-07-14 03:48:00,23.34, , , , 
2022-07-14 03:49:00,23.36, , , , 
2022-07-14 03:50:00,23.32, , , , 
2022-07-14 03:51:00,23.34, , , , 
2022-07-14 03:52:00,23.35, , , , 
2022-07-14 03:53:00,23.38, , , , 
2022-07-14 03:54:00,23.34, , , , 
2022-07-14 03:55:00,23.34, , , , 
2022-07-14 03:56:00,23.36, , , , 
2022-07-14 03:57:00,23.36, , , , 
2022-07-14 03:58:00,23.36, , , , 
2022-07-14 03:59:00,23.34, , , , 
2022-07-14 04:00:00,23.37, , , , 
2022-07-14 04:01:00,23.36, , , , 
2022-07-14 04:02:00,23.34, , , , 
2022-07-14 04:03:00,23.35, , , , 
2022-07-14 04:04:00,23.34, , , , 
2022-07-14 04:05:00,23.32, , , , 
2022-07-14 04:06:00,23.29, , , , 
2022-07-14 04:07:00,23.31, , , , 
2022-07-14 04:08:00,23.30, , , , 
2022-07-14 04:09:00,23.30, , , , 
2022-07-14 04:10:00,23.31, , , , 
2022-07-14 04:11:00,23.30, , , , 
2022-07-14 04:12:00,23.32, , , , 
2022-07-14 04:13:00,23.30, , , , 
2022-07-14 04:14:00,23.30, , , , 
2022-07-14 04:15:00,23.30, , , , 
2022-07-14 04:16:00,23.30, , , , 
2022-07-14 04:17:00,23.30, , , , 
2022-07-14 04:18:00,23.30, , , , 
2022-07-14 04:19:00,23.34, , , , 
2022-07-14 04:20:00,23.34, , , , 
2022-07-14 04:21:00,23.34, , , , 
2022-07-14 04:22:00,23.36, , , , 
2022-07-14 04:23:00,23.34, , , , 
2022-07-14 04:24:00,23.35, , , , 
2022-07-14 04:25:00,23.34, , , , 
2022-07-14 04:26:00,23.34, , , , 
2022-07-14 04:27:00,23.34, , , , 
2022-07-14 04:28:00,23.34, , , , 
2022-07-14 04:29:00,23.34, , , , 
2022-07-14 04:30:00,23.31, , , , 
2022-07-14 04:31:00,23.35, , , , 
2022-07-14 04:32:00,23.32, , , , 
2022-07-14 04:33:00,23.35, , , , 
2022-07-14 04:34:00,23.32, , , , 
2022-07-14 04:35:00,23.36, , , , 
2022-07-14 04:36:00,23.36, , , , 
2022-07-14 04:37:00,23.36, , , , 
2022-07-14 04:38:00,23.35, , , , 
2022-07-14 04:39:00,23.37, , , , 
2022-07-14 04:40:00,23.38, , , , 
2022-07-14 04:41:00,23.38, , , , 
2022-07-14 04:42:00,23.40, , , , 
2022-07-14 04:43:00,23.40, , , , 
2022-07-14 04:44:00,23.39, , , , 
2022-07-14 04:45:00,23.40, , , , 
2022-07-14 04:46:00,23.36, , , , 
2022-07-14 04:47:00,23.37, , , , 
2022-07-14 04:48:00,23.37, , , , 
2022-07-14 04:49:00,23.36, , , , 
2022-07-14 04:50:00,23.34, , , , 
2022-07-14 04:51:00,23.36, , , , 
2022-07-14 04:52:00,23.35, , , , 
2022-07-14 04:53:00,23.36, , , , 
2022-07-14 04:54:00,23.35, , , , 
2022-07-14 04:55:00,23.36, , , , 
2022-07-14 04:56:00,23.36, , , , 
2022-07-14 04:57:00,23.37, , , , 
2022-07-14 04:58:00,23.37, , , , 
2022-07-14 04:59:00,23.36, , , , 
2022-07-14 05:00:00,23.37, , , , 
2022-07-14 05:01:00,23.38, , , , 
2022-07-14 05:02:00,23.36, , , , 
2022-07-14 05:03:00,23.40, , , , 
2022-07-14 05:04:00,23.39, , , , 
2022-07-14 05:05:00,23.39, , , , 
2022-07-14 05:06:00,23.41, , , , 
2022-07-14 05:07:00,23.40, , , , 
2022-07-14 05:08:00,23.40, , , , 
2022-07-14 05:09:00,23.40, , , , 
2022-07-14 05:10:00,23.40, , , , 
2022-07-14 05:11:00,23.39, , , , 
2022-07-14 05:12:00,23.39, , , , 
2022-07-14 05:13:00,23.38, , , , 
2022-07-14 05:14:00,23.38, , , , 
2022-07-14 05:15:00,23.38, , , , 
2022-07-14 05:16:00,23.38, , , , 
2022-07-14 05:17:00,23.39, , , , 
2022-07-14 05:18:00,23.39, , , , 
2022-07-14 05:19:00,23.40, , , , 
2022-07-14 05:20:00,23.40, , , , 
2022-07-14 05:21:00,23.38, , , , 
2022-07-14 05:22:00,23.38, , , , 
2022-07-14 05:23:00,23.40, , , , 
2022-07-14 05:24:00,23.39, , , , 
2022-07-14 05:25:00,23.42, , , , 
2022-07-14 05:26:00,23.41, , , , 
2022-07-14 05:27:00,23.42, , , , 
2022-07-14 05:28:00,23.42, , , , 
2022-07-14 05:29:00,23.43, , , , 
2022-07-14 05:30:00,23.41, , , , 
2022-07-14 05:31:00,23.42, , , , 
2022-07-14 05:32:00,23.41, , , , 
2022-07-14 05:33:00,23.41, , , , 
2022-07-14 05:34:00,23.41, , , , 
2022-07-14 05:35:00,23.42, , , , 
2022-07-14 05:36:00,23.40, , , , 
2022-07-14 05:37:00,23.40, , , , 
2022-07-14 05:38:00,23.41, , , , 
2022-07-14 05:39:00,23.42, , , , 
2022-07-14 05:40:00,23.41, , , , 
2022-07-14 05:41:00,23.42, , , , 
2022-07-14 05:42:00,23.42, , , , 
2022-07-14 05:43:00,23.42, , , , 
2022-07-14 05:44:00,23.41, , , , 
2022-07-14 05:45:00,23.42, , , , 
2022-07-14 05:46:00,23.43, , , , 
2022-07-14 05:47:00,23.42, , , , 
2022-07-14 05:48:00,23.43, , , , 
2022-07-14 05:49:00,23.46, , , , 
2022-07-14 05:50:00,23.44, , , , 
2022-07-14 05:51:00,23.45, , , , 
2022-07-14 05:52:00,23.44, , , , 
2022-07-14 05:53:00,23.43, , , , 
2022-07-14 05:54:00,23.45, , , , 
2022-07-14 05:55:00,23.43, , , , 
2022-07-14 05:56:00,23.45, , , , 
2022-07-14 05:57:00,23.44, , , , 
2022-07-14 05:58:00,23.43, , , , 
2022-07-14 05:59:00,23.42, , , , 
2022-07-14 06:00:00,23.43, , , , 
2022-07-14 06:01:00,23.42, , , , 
2022-07-14 06:02:00,23.44, , , , 
2022-07-14 06:03:00,23.46, , , , 
2022-07-14 06:04:00,23.43, , , , 
2022-07-14 06:05:00,23.43, , , , 
2022-07-14 06:06:00,23.46, , , , 
2022-07-14 06:07:00,23.47, , , , 
2022-07-14 06:08:00,23.46, , , , 
2022-07-14 06:09:00,23.47, , , , 
2022-07-14 06:10:00,23.45, , , , 
2022-07-14 06:11:00,23.46, , , , 
2022-07-14 06:12:00,23.45, , , , 
2022-07-14 06:13:00,23.42, , , , 
2022-07-14 06:14:00,23.39, , , , 
2022-07-14 06:15:00,23.35, , , , 
2022-07-14 06:16:00,23.38, , , , 
2022-07-14 06:17:00,23.37, , , , 
2022-07-14 06:18:00,23.32, , , , 
2022-07-14 06:19:00,23.29, , , , 
2022-07-14 06:20:00,23.26, , , , 
2022-07-14 06:21:00,23.22, , , , 
2022-07-14 06:22:00,23.20, , , , 
2022-07-14 06:23:00,23.13, , , , 
2022-07-14 06:24:00,23.09, , , , 
2022-07-14 06:25:00,23.05, , , , 
2022-07-14 06:26:00,22.99, , , , 
2022-07-14 06:27:00,22.96, , , , 
2022-07-14 06:28:00,22.94, , , , 
2022-07-14 06:29:00,22.85, , , , 
2022-07-14 06:30:00,22.82, , , , 
2022-07-14 06:31:00,22.79, , , , 
2022-07-14 06:32:00,22.73, , , , 
2022-07-14 06:33:00,22.68, , , , 
2022-07-14 06:34:00,22.60, , , , 
2022-07-14 06:35:00,22.56, , , , 
2022-07-14 06:36:00,22.49, , , , 
2022-07-14 06:37:00,22.44, , , , 
2022-07-14 06:38:00,22.38, , , , 
2022-07-14 06:39:00,22.34, , , , 
2022-07-14 06:40:00,22.31, , , , 
2022-07-14 06:41:00,22.24, , , , 
2022-07-14 06:42:00,22.20, , , , 
2022-07-14 06:43:00,22.18, , , , 
2022-07-14 06:44:00,22.14, , , , 
2022-07-14 06:45:00,22.10, , , , 
2022-07-14 06:46:00,22.07, , , , 
2022-07-14 06:47:00,22.03, , , , 
2022-07-14 06:48:00,22.01, , , , 
2022-07-14 06:49:00,21.95, , , , 
2022-07-14 06:50:00,21.93, , , , 
2022-07-14 06:51:00,21.90, , , , 
2022-07-14 06:52:00,21.88, , , , 
2022-07-14 06:53:00,21.82, , , , 
2022-07-14 06:54:00,21.80, , , , 
2022-07-14 06:55:00,21.77, , , , 
2022-07-14 06:56:00,21.72, , , , 
2022-07-14 06:57:00,21.67, , , , 
2022-07-14 06:58:00,21.62, , , , 
2022-07-14 06:59:00,21.58, , , , 
2022-07-14 07:00:00,21.55, , , , 
2022-07-14 07:01:00,21.48, , , , 
2022-07-14 07:02:00,21.47, , , , 
2022-07-14 07:03:00,21.45, , , , 
2022-07-14 07:04:00,21.44, , , , 
2022-07-14 07:05:00,21.38, , , , 
2022-07-14 07:06:00,21.38, , , , 
2022-07-14 07:07:00,21.36, , , , 
2022-07-14 07:08:00,21.33, , , , 
2022-07-14 07:09:00,21.32, , , , 
2022-07-14 07:10:00,21.30, , , , 
2022-07-14 07:11:00,21.28, , , , 
2022-07-14 07:12:00,21.25, , , , 
2022-07-14 07:13:00,21.25, , , , 
2022-07-14 07:14:00,21.25, , , , 
2022-07-14 07:15:00,21.20, , , , 
2022-07-14 07:16:00,21.16, , , , 
2022-07-14 07:17:00,21.15, , , , 
2022-07-14 07:18:00,21.11, , , , 
2022-07-14 07:19:00,21.05, , , , 
2022-07-14 07:20:00,21.04, , , , 
2022-07-14 07:21:00,21.01, , , , 
2022-07-14 07:22:00,20.99, , , , 
2022-07-14 07:23:00,20.95, , , , 
2022-07-14 07:24:00,20.94, , , , 
2022-07-14 07:25:00,20.91, , , , 
2022-07-14 07:26:00,20.89, , , , 
2022-07-14 07:27:00,20.90, , , , 
2022-07-14 07:28:00,20.86, , , , 
2022-07-14 07:29:00,20.87, , , , 
2022-07-14 07:30:00,20.87, , , , 
2022-07-14 07:31:00,20.84, , , , 
2022-07-14 07:32:00,20.83, , , , 
2022-07-14 07:33:00,20.81, , , , 
2022-07-14 07:34:00,20.80, , , , 
2022-07-14 07:35:00,20.78, , , , 
2022-07-14 07:36:00,20.78, , , , 
2022-07-14 07:37:00,20.77, , , , 
2022-07-14 07:38:00,20.74, , , , 
2022-07-14 07:39:00,20.72, , , , 
2022-07-14 07:40:00,20.70, , , , 
2022-07-14 07:41:00,20.65, , , , 
2022-07-14 07:42:00,20.62, , , , 
2022-07-14 07:43:00,20.61, , , , 
2022-07-14 07:44:00,20.58, , , , 
2022-07-14 07:45:00,20.57, , , , 
2022-07-14 07:46:00,20.56, , , , 
2022-07-14 07:47:00,20.54, , , , 
2022-07-14 07:48:00,20.55, , , , 
2022-07-14 07:49:00,20.54, , , , 
2022-07-14 07:50:00,20.50, , , , 
2022-07-14 07:51:00,20.50, , , , 
2022-07-14 07:52:00,20.51, , , , 
2022-07-14 07:53:00,20.48, , , , 
2022-07-14 07:54:00,20.48, , , , 
2022-07-14 07:55:00,20.46, , , , 
2022-07-14 07:56:00,20.47, , , , 
2022-07-14 07:57:00,20.43, , , , 
2022-07-14 07:58:00,20.43, , , , 
2022-07-14 07:59:00,20.44, , , , 
2022-07-14 08:00:00,20.41, , , , 
2022-07-14 08:01:00,20.39, , , , 
2022-07-14 08:02:00,20.34, , , , 
2022-07-14 08:03:00,20.34, , , , 
2022-07-14 08:04:00,20.30, , , , 
2022-07-14 08:05:00,20.28, , , , 
2022-07-14 08:06:00,20.28, , , , 
2022-07-14 08:07:00,20.26, , , , 
2022-07-14 08:08:00,20.25, , , , 
2022-07-14 08:09:00,20.26, , , , 
2022-07-14 08:10:00,20.25, , , , 
2022-07-14 08:11:00,20.22, , , , 
2022-07-14 08:12:00,20.21, , , , 
2022-07-14 08:13:00,20.20, , , , 
2022-07-14 08:14:00,20.21, , , , 
2022-07-14 08:15:00,20.20, , , , 
2022-07-14 08:16:00,20.18, , , , 
2022-07-14 08:17:00,20.20, , , , 
2022-07-14 08:18:00,20.20, , , , 
2022-07-14 08:19:00,20.18, , , , 
2022-07-14 08:20:00,20.18, , , , 
2022-07-14 08:21:00,20.18, , , , 
2022-07-14 08:22:00,20.16, , , , 
2022-07-14 08:23:00,20.15, , , , 
2022-07-14 08:24:00,20.11, , , , 
2022-07-14 08:25:00,20.09, , , , 
2022-07-14 08:26:00,20.07, , , , 
2022-07-14 08:27:00,20.05, , , , 
2022-07-14 08:28:00,20.04, , , , 
2022-07-14 08:29:00,20.03, , , , 
2022-07-14 08:30:00,20.02, , , , 
2022-07-14 08:31:00,20.00, , , , 
2022-07-14 08:32:00,20.01, , , , 
2022-07-14 08:33:00,20.01, , , , 
2022-07-14 08:34:00,20.00, , , , 
2022-07-14 08:35:00,20.00, , , , 
2022-07-14 08:36:00,19.99, , , , 
2022-07-14 08:37:00,19.99, , , , 
2022-07-14 08:38:00,19.98, , , , 
2022-07-14 08:39:00,19.99, , , , 
2022-07-14 08:40:00,20.01, , , , 
2022-07-14 08:41:00,19.98, , , , 
2022-07-14 08:42:00,19.98, , , , 
2022-07-14 08:43:00,19.98, , , , 
2022-07-14 08:44:00,19.97, , , , 
2022-07-14 08:45:00,19.92, , , , 
2022-07-14 08:46:00,19.91, , , , 
2022-07-14 08:47:00,19.90, , , , 
2022-07-14 08:48:00,19.86, , , , 
2022-07-14 08:49:00,19.87, , , , 
2022-07-14 08:50:00,19.86, , , , 
2022-07-14 08:51:00,19.86, , , , 
2022-07-14 08:52:00,19.84, , , , 
2022-07-14 08:53:00,19.82, , , , 
2022-07-14 08:54:00,19.82, , , , 
2022-07-14 08:55:00,19.83, , , , 
2022-07-14 08:56:00,19.83, , , , 
2022-07-14 08:57:00,19.82, , , , 
2022-07-14 08:58:00,19.83, , , , 
2022-07-14 08:59:00,19.83, , , , 
2022-07-14 09:00:00,19.83, , , , 
2022-07-14 09:01:00,19.84, , , , 
2022-07-14 09:02:00,19.84, , , , 
2022-07-14 09:03:00,19.83, , , , 
2022-07-14 09:04:00,19.83, , , , 
2022-07-14 09:05:00,19.83, , , , 
2022-07-14 09:06:00,19.82, , , , 
2022-07-14 09:07:00,19.80, , , , 
2022-07-14 09:08:00,19.76, , , , 
2022-07-14 09:09:00,19.75, , , , 
2022-07-14 09:10:00,19.74, , , , 
2022-07-14 09:11:00,19.72, , , , 
2022-07-14 09:12:00,19.73, , , , 
2022-07-14 09:13:00,19.74, , , , 
2022-07-14 09:14:00,19.72, , , , 
2022-07-14 09:15:00,19.73, , , , 
2022-07-14 09:16:00,19.72, , , , 
2022-07-14 09:17:00,19.71, , , , 
2022-07-14 09:18:00,19.72, , , , 
2022-07-14 09:19:00,19.70, , , , 
2022-07-14 09:20:00,19.72, , , , 
2022-07-14 09:21:00,19.72, , , , 
2022-07-14 09:22:00,19.72, , , , 
2022-07-14 09:23:00,19.72, , , , 
2022-07-14 09:24:00,19.71, , , , 
2022-07-14 09:25:00,19.71, , , , 
2022-07-14 09:26:00,19.71, , , , 
2022-07-14 09:27:00,19.73, , , , 
2022-07-14 09:28:00,19.71, , , , 
2022-07-14 09:29:00,19.69, , , , 
2022-07-14 09:30:00,19.69, , , , 
2022-07-14 09:31:00,19.62, , , , 
2022-07-14 09:32:00,19.65, , , , 
2022-07-14 09:33:00,19.62, , , , 
2022-07-14 09:34:00,19.63, , , , 
2022-07-14 09:35:00,19.62, , , , 
2022-07-14 09:36:00,19.61, , , , 
2022-07-14 09:37:00,19.61, , , , 
2022-07-14 09:38:00,19.62, , , , 
2022-07-14 09:39:00,19.62, , , , 
2022-07-14 09:40:00,19.63, , , , 
2022-07-14 09:41:00,19.62, , , , 
2022-07-14 09:42:00,19.61, , , , 
2022-07-14 09:43:00,19.62, , , , 
2022-07-14 09:44:00,19.61, , , , 
2022-07-14 09:45:00,19.63, , , , 
2022-07-14 09:46:00,19.62, , , , 
2022-07-14 09:47:00,19.62, , , , 
2022-07-14 09:48:00,19.61, , , , 
2022-07-14 09:49:00,19.61, , , , 
2022-07-14 09:50:00,19.62, , , , 
2022-07-14 09:51:00,19.58, , , , 
2022-07-14 09:52:00,19.57, , , , 
2022-07-14 09:53:00,19.56, , , , 
2022-07-14 09:54:00,19.55, , , , 
2022-07-14 09:55:00,19.55, , , , 
2022-07-14 09:56:00,19.53, , , , 
2022-07-14 09:57:00,19.51, , , , 
2022-07-14 09:58:00,19.53, , , , 
2022-07-14 09:59:00,19.52, , , , 
2022-07-14 10:00:00,19.51, , , , 
2022-07-14 10:01:00,19.54, , , , 
2022-07-14 10:02:00,19.52, , , , 
2022-07-14 10:03:00,19.52, , , , 
2022-07-14 10:04:00,19.53, , , , 
2022-07-14 10:05:00,19.53, , , , 
2022-07-14 10:06:00,19.52, , , , 
2022-07-14 10:07:00,19.52, , , , 
2022-07-14 10:08:00,19.53, , , , 
2022-07-14 10:09:00,19.55, , , , 
2022-07-14 10:10:00,19.56, , , , 
2022-07-14 10:11:00,19.56, , , , 
2022-07-14 10:12:00,19.53, , , , 
2022-07-14 10:13:00,19.52, , , , 
2022-07-14 10:14:00,19.48, , , , 
2022-07-14 10:15:00,19.48, , , , 
2022-07-14 10:16:00,19.47, , , , 
2022-07-14 10:17:00,19.45, , , , 
2022-07-14 10:18:00,19.45, , , , 
2022-07-14 10:19:00,19.48, , , , 
2022-07-14 10:20:00,19.45, , , , 
2022-07-14 10:21:00,19.46, , , , 
2022-07-14 10:22:00,19.45, , , , 
2022-07-14 10:23:00,19.45, , , , 
2022-07-14 10:24:00,19.45, , , , 
2022-07-14 10:25:00,19.47, , , , 
2022-07-14 10:26:00,19.46, , , , 
2022-07-14 10:27:00,19.46, , , , 
2022-07-14 10:28:00,19.45, , , , 
2022-07-14 10:29:00,19.48, , , , 
2022-07-14 10:30:00,19.47, , , , 
2022-07-14 10:31:00,19.50, , , , 
2022-07-14 10:32:00,19.47, , , , 
2022-07-14 10:33:00,19.48, , , , 
2022-07-14 10:34:00,19.48, , , , 
2022-07-14 10:35:00,19.45, , , , 
2022-07-14 10:36:00,19.43, , , , 
2022-07-14 10:37:00,19.39, , , , 
2022-07-14 10:38:00,19.42, , , , 
2022-07-14 10:39:00,19.43, , , , 
2022-07-14 10:40:00,19.42, , , , 
2022-07-14 10:41:00,19.40, , , , 
2022-07-14 10:42:00,19.41, , , , 
2022-07-14 10:43:00,19.43, , , , 
2022-07-14 10:44:00,19.42, , , , 
2022-07-14 10:45:00,19.42, , , , 
2022-07-14 10:46:00,19.42, , , , 
2022-07-14 10:47:00,19.42, , , , 
2022-07-14 10:48:00,19.42, , , , 
2022-07-14 10:49:00,19.44, , , , 
2022-07-14 10:50:00,19.43, , , , 
2022-07-14 10:51:00,19.43, , , , 
2022-07-14 10:52:00,19.44, , , , 
2022-07-14 10:53:00,19.44, , , , 
2022-07-14 10:54:00,19.45, , , , 
2022-07-14 10:55:00,19.45, , , , 
2022-07-14 10:56:00,19.42, , , , 
2022-07-14 10:57:00,19.42, , , , 
2022-07-14 10:58:00,19.42, , , , 
2022-07-14 10:59:00,19.42, , , , 
2022-07-14 11:00:00,19.41, , , , 
2022-07-14 11:01:00,19.40, , , , 
2022-07-14 11:02:00,19.39, , , , 
2022-07-14 11:03:00,19.38, , , , 
2022-07-14 11:04:00,19.40, , , , 
2022-07-14 11:05:00,19.41, , , , 
2022-07-14 11:06:00,19.38, , , , 
2022-07-14 11:07:00,19.38, , , , 
2022-07-14 11:08:00,19.41, , , , 
2022-07-14 11:09:00,19.39, , , , 
2022-07-14 11:10:00,19.41, , , , 
2022-07-14 11:11:00,19.41, , , , 
2022-07-14 11:12:00,19.42, , , , 
2022-07-14 11:13:00,19.41, , , , 
2022-07-14 11:14:00,19.39, , , , 
2022-07-14 11:15:00,19.41, , , , 
2022-07-14 11:16:00,19.43, , , , 
2022-07-14 11:17:00,19.42, , , , 
2022-07-14 11:18:00,19.42, , , , 
2022-07-14 11:19:00,19.38, , , , 
2022-07-14 11:20:00,19.39, , , , 
2022-07-14 11:21:00,19.37, , , , 
2022-07-14 11:22:00,19.36, , , , 
2022-07-14 11:23:00,19.36, , , , 
2022-07-14 11:24:00,19.36, , , , 
2022-07-14 11:25:00,19.36, , , , 
2022-07-14 11:26:00,19.36, , , , 
2022-07-14 11:27:00,19.36, , , , 
2022-07-14 11:28:00,19.38, , , , 
2022-07-14 11:29:00,19.39, , , , 
2022-07-14 11:30:00,19.38, , , , 
2022-07-14 11:31:00,19.40, , , , 
2022-07-14 11:32:00,19.38, , , , 
2022-07-14 11:33:00,19.38, , , , 
2022-07-14 11:34:00,19.38, , , , 
2022-07-14 11:35:00,19.41, , , , 
2022-07-14 11:36:00,19.41, , , , 
2022-07-14 11:37:00,19.41, , , , 
2022-07-14 11:38:00,19.43, , , , 
2022-07-14 11:39:00,19.42, , , , 
2022-07-14 11:40:00,19.40, , , , 
2022-07-14 11:41:00,19.41, , , , 
2022-07-14 11:42:00,19.37, , , , 
2022-07-14 11:43:00,19.37, , , , 
2022-07-14 11:44:00,19.35, , , , 
2022-07-14 11:45:00,19.35, , , , 
2022-07-14 11:46:00,19.32, , , , 
2022-07-14 11:47:00,19.36, , , , 
2022-07-14 11:48:00,19.32, , , , 
2022-07-14 11:49:00,19.35, , , , 
2022-07-14 11:50:00,19.36, , , , 
2022-07-14 11:51:00,19.36, , , , 
2022-07-14 11:52:00,19.37, , , , 
2022-07-14 11:53:00,19.35, , , , 
2022-07-14 11:54:00,19.38, , , , 
2022-07-14 11:55:00,19.37, , , , 
2022-07-14 11:56:00,19.40, , , , 
2022-07-14 11:57:00,19.40, , , , 
2022-07-14 11:58:00,19.40, , , , 
2022-07-14 11:59:00,19.40, , , , 
2022-07-14 12:00:00,19.42, , , , 
2022-07-14 12:01:00,19.39, , , , 
2022-07-14 12:02:00,19.41, , , , 
2022-07-14 12:03:00,19.37, , , , 
2022-07-14 12:04:00,19.36, , , , 
2022-07-14 12:05:00,19.40, , , , 
2022-07-14 12:06:00,19.40, , , , 
2022-07-14 12:07:00,19.42, , , , 
2022-07-14 12:08:00,19.43, , , , 
2022-07-14 12:09:00,19.46, , , , 
2022-07-14 12:10:00,19.48, , , , 
2022-07-14 12:11:00,19.51, , , , 
2022-07-14 12:12:00,19.56, , , , 
2022-07-14 12:13:00,19.60, , , , 
2022-07-14 12:14:00,19.61, , , , 
2022-07-14 12:15:00,19.66, , , , 
2022-07-14 12:16:00,19.70, , , , 
2022-07-14 12:17:00,19.74, , , , 
2022-07-14 12:18:00,19.76, , , , 
2022-07-14 12:19:00,19.80, , , , 
2022-07-14 12:20:00,19.84, , , , 
2022-07-14 12:21:00,19.87, , , , 
2022-07-14 12:22:00,19.95, , , , 
2022-07-14 12:23:00,19.97, , , , 
2022-07-14 12:24:00,19.98, , , , 
2022-07-14 12:25:00,19.98, , , , 
2022-07-14 12:26:00,20.00, , , , 
2022-07-14 12:27:00,20.00, , , , 
2022-07-14 12:28:00,20.05, , , , 
2022-07-14 12:29:00,20.06, , , , 
2022-07-14 12:30:00,20.12, , , , 
2022-07-14 12:31:00,20.13, , , , 
2022-07-14 12:32:00,20.16, , , , 
2022-07-14 12:33:00,20.20, , , , 
2022-07-14 12:34:00,20.24, , , , 
2022-07-14 12:35:00,20.28, , , , 
2022-07-14 12:36:00,20.30, , , , 
2022-07-14 12:37:00,20.35, , , , 
2022-07-14 12:38:00,20.39, , , , 
2022-07-14 12:39:00,20.41, , , , 
2022-07-14 12:40:00,20.44, , , , 
2022-07-14 12:41:00,20.47, , , , 
2022-07-14 12:42:00,20.51, , , , 
2022-07-14 12:43:00,20.53, , , , 
2022-07-14 12:44:00,20.58, , , , 
2022-07-14 12:45:00,20.60, , , , 
2022-07-14 12:46:00,20.62, , , , 
2022-07-14 12:47:00,20.62, , , , 
2022-07-14 12:48:00,20.62, , , , 
2022-07-14 12:49:00,20.65, , , , 
2022-07-14 12:50:00,20.69, , , , 
2022-07-14 12:51:00,20.69, , , , 
2022-07-14 12:52:00,20.73, , , , 
2022-07-14 12:53:00,20.74, , , , 
2022-07-14 12:54:00,20.79, , , , 
2022-07-14 12:55:00,20.79, , , , 
2022-07-14 12:56:00,20.83, , , , 
2022-07-14 12:57:00,20.88, , , , 
2022-07-14 12:58:00,20.90, , , , 
2022-07-14 12:59:00,20.94, , , , 
2022-07-14 13:00:00,20.96, , , , 
2022-07-14 13:01:00,20.99, , , , 
2022-07-14 13:02:00,21.02, , , , 
2022-07-14 13:03:00,21.04, , , , 
2022-07-14 13:04:00,21.07, , , , 
2022-07-14 13:05:00,21.13, , , , 
2022-07-14 13:06:00,21.14, , , , 
2022-07-14 13:07:00,21.18, , , , 
2022-07-14 13:08:00,21.16, , , , 
2022-07-14 13:09:00,21.17, , , , 
2022-07-14 13:10:00,21.20, , , , 
2022-07-14 13:11:00,21.21, , , , 
2022-07-14 13:12:00,21.21, , , , 
2022-07-14 13:13:00,21.23, , , , 
2022-07-14 13:14:00,21.29, , , , 
2022-07-14 13:15:00,21.28, , , , 
2022-07-14 13:16:00,21.33, , , , 
2022-07-14 13:17:00,21.36, , , , 
2022-07-14 13:18:00,21.36, , , , 
2022-07-14 13:19:00,21.40, , , , 
2022-07-14 13:20:00,21.43, , , , 
2022-07-14 13:21:00,21.46, , , , 
2022-07-14 13:22:00,21.49, , , , 
2022-07-14 13:23:00,21.51, , , , 
2022-07-14 13:24:00,21.53, , , , 
2022-07-14 13:25:00,21.59, , , , 
2022-07-14 13:26:00,21.61, , , , 
2022-07-14 13:27:00,21.63, , , , 
2022-07-14 13:28:00,21.68, , , , 
2022-07-14 13:29:00,21.69, , , , 
2022-07-14 13:30:00,21.68, , , , 
2022-07-14 13:31:00,21.68, , , , 
2022-07-14 13:32:00,21.70, , , , 
2022-07-14 13:33:00,21.69, , , , 
2022-07-14 13:34:00,21.73, , , , 
2022-07-14 13:35:00,21.74, , , , 
2022-07-14 13:36:00,21.76, , , , 
2022-07-14 13:37:00,21.77, , , , 
2022-07-14 13:38:00,21.82, , , , 
2022-07-14 13:39:00,21.82, , , , 
2022-07-14 13:40:00,21.87, , , , 
2022-07-14 13:41:00,21.87, , , , 
2022-07-14 13:42:00,21.90, , , , 
2022-07-14 13:43:00,21.91, , , , 
2022-07-14 13:44:00,21.96, , , , 
2022-07-14 13:45:00,21.96, , , , 
2022-07-14 13:46:00,21.99, , , , 
2022-07-14 13:47:00,22.02, , , , 
2022-07-14 13:48:00,22.04, , , , 
2022-07-14 13:49:00,22.07, , , , 
2022-07-14 13:50:00,22.08, , , , 
2022-07-14 13:51:00,22.11, , , , 
2022-07-14 13:52:00,22.08, , , , 
2022-07-14 13:53:00,22.08, , , , 
2022-07-14 13:54:00,22.11, , , , 
2022-07-14 13:55:00,22.13, , , , 
2022-07-14 13:56:00,22.18, , , , 
2022-07-14 13:57:00,22.19, , , , 
2022-07-14 13:58:00,22.23, , , , 
2022-07-14 13:59:00,22.29, , , , 
2022-07-14 14:00:00,22.34, , , , 
2022-07-14 14:01:00,22.39, , , , 
2022-07-14 14:02:00,22.42, , , , 
2022-07-14 14:03:00,22.48, , , , 
2022-07-14 14:04:00,22.50, , , , 
2022-07-14 14:05:00,22.57, , , , 
2022-07-14 14:06:00,22.61, , , , 
2022-07-14 14:07:00,22.66, , , , 
2022-07-14 14:08:00,22.71, , , , 
2022-07-14 14:09:00,22.77, , , , 
2022-07-14 14:10:00,22.80, , , , 
2022-07-14 14:11:00,22.86, , , , 
2022-07-14 14:12:00,22.92, , , , 
2022-07-14 14:13:00,22.97, , , , 
2022-07-14 14:14:00,22.98, , , , 
2022-07-14 14:15:00,23.03, , , , 
2022-07-14 14:16:00,23.07, , , , 
2022-07-14 14:17:00,23.12, , , , 
2022-07-14 14:18:00,23.14, , , , 
2022-07-14 14:19:00,23.18, , , , 
2022-07-14 14:20:00,23.24, , , , 
2022-07-14 14:21:00,23.27, , , , 
2022-07-14 14:22:00,23.36, , , , 
2022-07-14 14:23:00,23.40, , , , 
2022-07-14 14:24:00,23.44, , , , 
2022-07-14 14:25:00,23.51, , , , 
2022-07-14 14:26:00,23.57, , , , 
2022-07-14 14:27:00,23.60, , , , 
2022-07-14 14:28:00,23.66, , , , 
2022-07-14 14:29:00,23.72, , , , 
2022-07-14 14:30:00,23.77, , , , 
2022-07-14 14:31:00,23.83, , , , 
2022-07-14 14:32:00,23.88, , , , 
2022-07-14 14:33:00,23.94, , , , 
2022-07-14 14:34:00,23.99, , , , 
2022-07-14 14:35:00,24.01, , , , 
2022-07-14 14:36:00,24.02, , , , 
2022-07-14 14:37:00,24.08, , , , 
2022-07-14 14:38:00,24.10, , , , 
2022-07-14 14:39:00,24.16, , , , 
2022-07-14 14:40:00,24.17, , , , 
2022-07-14 14:41:00,24.21, , , , 
2022-07-14 14:42:00,24.25, , , , 
2022-07-14 14:43:00,24.30, , , , 
2022-07-14 14:44:00,24.35, , , , 
2022-07-14 14:45:00,24.39, , , , 
2022-07-14 14:46:00,24.45, , , , 
2022-07-14 14:47:00,24.49, , , , 
2022-07-14 14:48:00,24.55, , , , 
2022-07-14 14:49:00,24.59, , , , 
2022-07-14 14:50:00,24.63, , , , 
2022-07-14 14:51:00,24.70, , , , 
2022-07-14 14:52:00,24.74, , , , 
2022-07-14 14:53:00,24.78, , , , 
2022-07-14 14:54:00,24.86, , , , 
2022-07-14 14:55:00,24.88, , , , 
2022-07-14 14:56:00,24.89, , , , 
2022-07-14 14:57:00,24.89, , , , 
2022-07-14 14:58:00,24.87, , , , 
2022-07-14 14:59:00,24.89, , , , 
2022-07-14 15:00:00,24.84, , , , 
2022-07-14 15:01:00,24.82, , , , 
2022-07-14 15:02:00,24.84, , , , 
2022-07-14 15:03:00,24.83, , , , 
2022-07-14 15:04:00,24.82, , , , 
2022-07-14 15:05:00,24.86, , , , 
2022-07-14 15:06:00,24.87, , , , 
2022-07-14 15:07:00,24.87, , , , 
2022-07-14 15:08:00,24.89, , , , 
2022-07-14 15:09:00,24.89, , , , 
2022-07-14 15:10:00,24.89, , , , 
2022-07-14 15:11:00,24.90, , , , 
2022-07-14 15:12:00,24.92, , , , 
2022-07-14 15:13:00,24.90, , , , 
2022-07-14 15:14:00,24.90, , , , 
2022-07-14 15:15:00,24.87, , , , 
2022-07-14 15:16:00,24.84, , , , 
2022-07-14 15:17:00,24.79, , , , 
2022-07-14 15:18:00,24.76, , , , 
2022-07-14 15:19:00,24.72, , , , 
2022-07-14 15:20:00,24.72, , , , 
2022-07-14 15:21:00,24.69, , , , 
2022-07-14 15:22:00,24.66, , , , 
2022-07-14 15:23:00,24.65, , , , 
2022-07-14 15:24:00,24.63, , , , 
2022-07-14 15:25:00,24.63, , , , 
2022-07-14 15:26:00,24.65, , , , 
2022-07-14 15:27:00,24.65, , , , 
2022-07-14 15:28:00,24.63, , , , 
2022-07-14 15:29:00,24.63, , , , 
2022-07-14 15:30:00,24.61, , , , 
2022-07-14 15:31:00,24.60, , , , 
2022-07-14 15:32:00,24.57, , , , 
2022-07-14 15:33:00,24.55, , , , 
2022-07-14 15:34:00,24.50, , , , 
2022-07-14 15:35:00,24.48, , , , 
2022-07-14 15:36:00,24.47, , , , 
2022-07-14 15:37:00,24.47, , , , 
2022-07-14 15:38:00,24.47, , , , 
2022-07-14 15:39:00,24.46, , , , 
2022-07-14 15:40:00,24.45, , , , 
2022-07-14 15:41:00,24.47, , , , 
2022-07-14 15:42:00,24.47, , , , 
2022-07-14 15:43:00,24.47, , , , 
2022-07-14 15:44:00,24.47, , , , 
2022-07-14 15:45:00,24.49, , , , 
2022-07-14 15:46:00,24.47, , , , 
2022-07-14 15:47:00,24.47, , , , 
2022-07-14 15:48:00,24.48, , , , 
2022-07-14 15:49:00,24.45, , , , 
2022-07-14 15:50:00,24.42, , , , 
2022-07-14 15:51:00,24.41, , , , 
2022-07-14 15:52:00,24.38, , , , 
2022-07-14 15:53:00,24.40, , , , 
2022-07-14 15:54:00,24.40, , , , 
2022-07-14 15:55:00,24.40, , , , 
2022-07-14 15:56:00,24.42, , , , 
2022-07-14 15:57:00,24.42, , , , 
2022-07-14 15:58:00,24.40, , , , 
2022-07-14 15:59:00,24.41, , , , 
2022-07-14 16:00:00,24.42, , , , 
2022-07-14 16:01:00,24.44, , , , 
2022-07-14 16:02:00,24.43, , , , 
2022-07-14 16:03:00,24.43, , , , 
2022-07-14 16:04:00,24.42, , , , 
2022-07-14 16:05:00,24.45, , , , 
2022-07-14 16:06:00,24.39, , , , 
2022-07-14 16:07:00,24.39, , , , 
2022-07-14 16:08:00,24.38, , , , 
2022-07-14 16:09:00,24.35, , , , 
2022-07-14 16:10:00,24.35, , , , 
2022-07-14 16:11:00,24.35, , , , 
2022-07-14 16:12:00,24.35, , , , 
2022-07-14 16:13:00,24.36, , , , 
2022-07-14 16:14:00,24.36, , , , 
2022-07-14 16:15:00,24.36, , , , 
2022-07-14 16:16:00,24.40, , , , 
2022-07-14 16:17:00,24.38, , , , 
2022-07-14 16:18:00,24.38, , , , 
2022-07-14 16:19:00,24.38, , , , 
2022-07-14 16:20:00,24.38, , , , 
2022-07-14 16:21:00,24.38, , , , 
2022-07-14 16:22:00,24.35, , , , 
2022-07-14 16:23:00,24.33, , , , 
2022-07-14 16:24:00,24.32, , , , 
2022-07-14 16:25:00,24.28, , , , 
2022-07-14 16:26:00,24.30, , , , 
2022-07-14 16:27:00,24.32, , , , 
2022-07-14 16:28:00,24.31, , , , 
2022-07-14 16:29:00,24.30, , , , 
2022-07-14 16:30:00,24.32, , , , 
2022-07-14 16:31:00,24.32, , , , 
2022-07-14 16:32:00,24.32, , , , 
2022-07-14 16:33:00,24.33, , , , 
2022-07-14 16:34:00,24.33, , , , 
2022-07-14 16:35:00,24.34, , , , 
2022-07-14 16:36:00,24.34, , , , 
2022-07-14 16:37:00,24.34, , , , 
2022-07-14 16:38:00,24.35, , , , 
2022-07-14 16:39:00,24.32, , , , 
2022-07-14 16:40:00,24.32, , , , 
2022-07-14 16:41:00,24.30, , , , 
2022-07-14 16:42:00,24.29, , , , 
2022-07-14 16:43:00,24.31, , , , 
2022-07-14 16:44:00,24.30, , , , 
2022-07-14 16:45:00,24.29, , , , 
2022-07-14 16:46:00,24.29, , , , 
2022-07-14 16:47:00,24.33, , , , 
2022-07-14 16:48:00,24.33, , , , 
2022-07-14 16:49:00,24.33, , , , 
2022-07-14 16:50:00,24.31, , , , 
2022-07-14 16:51:00,24.33, , , , 
2022-07-14 16:52:00,24.31, , , , 
2022-07-14 16:53:00,24.33, , , , 
2022-07-14 16:54:00,24.31, , , , 
2022-07-14 16:55:00,24.33, , , , 
2022-07-14 16:56:00,24.29, , , , 
2022-07-14 16:57:00,24.27, , , , 
2022-07-14 16:58:00,24.27, , , , 
2022-07-14 16:59:00,24.27, , , , 
2022-07-14 17:00:00,24.29, , , , 
2022-07-14 17:01:00,24.28, , , , 
2022-07-14 17:02:00,24.29, , , , 
2022-07-14 17:03:00,24.29, , , , 
2022-07-14 17:04:00,24.29, , , , 
2022-07-14 17:05:00,24.29, , , , 
2022-07-14 17:06:00,24.31, , , , 
2022-07-14 17:07:00,24.30, , , , 
2022-07-14 17:08:00,24.31, , , , 
2022-07-14 17:09:00,24.31, , , , 
2022-07-14 17:10:00,24.29, , , , 
2022-07-14 17:11:00,24.29, , , , 
2022-07-14 17:12:00,24.29, , , , 
2022-07-14 17:13:00,24.24, , , , 
2022-07-14 17:14:00,24.23, , , , 
2022-07-14 17:15:00,24.20, , , , 
2022-07-14 17:16:00,24.23, , , , 
2022-07-14 17:17:00,24.23, , , , 
2022-07-14 17:18:00,24.25, , , , 
2022-07-14 17:19:00,24.24, , , , 
2022-07-14 17:20:00,24.21, , , , 
2022-07-14 17:21:00,24.23, , , , 
2022-07-14 17:22:00,24.25, , , , 
2022-07-14 17:23:00,24.27, , , , 
2022-07-14 17:24:00,24.25, , , , 
2022-07-14 17:25:00,24.24, , , , 
2022-07-14 17:26:00,24.25, , , , 
2022-07-14 17:27:00,24.24, , , , 
2022-07-14 17:28:00,24.24, , , , 
2022-07-14 17:29:00,24.25, , , , 
2022-07-14 17:30:00,24.20, , , , 
2022-07-14 17:31:00,24.19, , , , 
2022-07-14 17:32:00,24.20, , , , 
2022-07-14 17:33:00,24.19, , , , 
2022-07-14 17:34:00,24.21, , , , 
2022-07-14 17:35:00,24.24, , , , 
2022-07-14 17:36:00,24.23, , , , 
2022-07-14 17:37:00,24.24, , , , 
2022-07-14 17:38:00,24.25, , , , 
2022-07-14 17:39:00,24.24, , , , 
2022-07-14 17:40:00,24.26, , , , 
2022-07-14 17:41:00,24.24, , , , 
2022-07-14 17:42:00,24.23, , , , 
2022-07-14 17:43:00,24.24, , , , 
2022-07-14 17:44:00,24.25, , , , 
2022-07-14 17:45:00,24.25, , , , 
2022-07-14 17:46:00,24.21, , , , 
2022-07-14 17:47:00,24.21, , , , 
2022-07-14 17:48:00,24.18, , , , 
2022-07-14 17:49:00,24.19, , , , 
2022-07-14 17:50:00,24.20, , , , 
2022-07-14 17:51:00,24.19, , , , 
2022-07-14 17:52:00,24.21, , , , 
2022-07-14 17:53:00,24.19, , , , 
2022-07-14 17:54:00,24.21, , , , 
2022-07-14 17:55:00,24.20, , , , 
2022-07-14 17:56:00,24.26, , , , 
2022-07-14 17:57:00,24.25, , , , 
2022-07-14 17:58:00,24.21, , , , 
2022-07-14 17:59:00,24.21, , , , 
2022-07-14 18:00:00,24.24, , , , 
2022-07-14 18:01:00,24.23, , , , 
2022-07-14 18:02:00,24.23, , , , 
2022-07-14 18:03:00,24.19, , , , 
2022-07-14 18:04:00,24.19, , , , 
2022-07-14 18:05:00,24.19, , , , 
2022-07-14 18:06:00,24.15, , , , 
2022-07-14 18:07:00,24.16, , , , 
2022-07-14 18:08:00,24.17, , , , 
2022-07-14 18:09:00,24.16, , , , 
2022-07-14 18:10:00,24.13, , , , 
2022-07-14 18:11:00,24.13, , , , 
2022-07-14 18:12:00,24.10, , , , 
2022-07-14 18:13:00,24.09, , , , 
2022-07-14 18:14:00,24.09, , , , 
2022-07-14 18:15:00,24.05, , , , 
2022-07-14 18:16:00,24.03, , , , 
2022-07-14 18:17:00,24.01, , , , 
2022-07-14 18:18:00,24.00, , , , 
2022-07-14 18:19:00,23.97, , , , 
2022-07-14 18:20:00,23.95, , , , 
2022-07-14 18:21:00,23.92, , , , 
2022-07-14 18:22:00,23.90, , , , 
2022-07-14 18:23:00,23.90, , , , 
2022-07-14 18:24:00,23.86, , , , 
2022-07-14 18:25:00,23.85, , , , 
2022-07-14 18:26:00,23.84, , , , 
2022-07-14 18:27:00,23.75, , , , 
2022-07-14 18:28:00,23.73, , , , 
2022-07-14 18:29:00,23.69, , , , 
2022-07-14 18:30:00,23.65, , , , 
2022-07-14 18:31:00,23.59, , , , 
2022-07-14 18:32:00,23.57, , , , 
2022-07-14 18:33:00,23.53, , , , 
2022-07-14 18:34:00,23.50, , , , 
2022-07-14 18:35:00,23.44, , , , 
2022-07-14 18:36:00,23.41, , , , 
2022-07-14 18:37:00,23.38, , , , 
2022-07-14 18:38:00,23.36, , , , 
2022-07-14 18:39:00,23.34, , , , 
2022-07-14 18:40:00,23.30, , , , 
2022-07-14 18:41:00,23.28, , , , 
2022-07-14 18:42:00,23.24, , , , 
2022-07-14 18:43:00,23.21, , , , 
2022-07-14 18:44:00,23.18, , , , 
2022-07-14 18:45:00,23.17, , , , 
2022-07-14 18:46:00,23.12, , , , 
2022-07-14 18:47:00,23.06, , , , 
2022-07-14 18:48:00,23.03, , , , 
2022-07-14 18:49:00,22.98, , , , 
2022-07-14 18:50:00,22.93, , , , 
2022-07-14 18:51:00,22.88, , , , 
2022-07-14 18:52:00,22.86, , , , 
2022-07-14 18:53:00,22.82, , , , 
2022-07-14 18:54:00,22.78, , , , 
2022-07-14 18:55:00,22.73, , , , 
2022-07-14 18:56:00,22.72, , , , 
2022-07-14 18:57:00,22.70, , , , 
2022-07-14 18:58:00,22.69, , , , 
2022-07-14 18:59:00,22.67, , , , 
2022-07-14 19:00:00,22.65, , , , 
2022-07-14 19:01:00,22.61, , , , 
2022-07-14 19:02:00,22.58, , , , 
2022-07-14 19:03:00,22.57, , , , 
2022-07-14 19:04:00,22.54, , , , 
2022-07-14 19:05:00,22.52, , , , 
2022-07-14 19:06:00,22.50, , , , 
2022-07-14 19:07:00,22.48, , , , 
2022-07-14 19:08:00,22.46, , , , 
2022-07-14 19:09:00,22.44, , , , 
2022-07-14 19:10:00,22.38, , , , 
2022-07-14 19:11:00,22.35, , , , 
2022-07-14 19:12:00,22.33, , , , 
2022-07-14 19:13:00,22.28, , , , 
2022-07-14 19:14:00,22.25, , , , 
2022-07-14 19:15:00,22.22, , , , 
2022-07-14 19:16:00,22.20, , , , 
2022-07-14 19:17:00,22.17, , , , 
2022-07-14 19:18:00,22.12, , , , 
2022-07-14 19:19:00,22.12, , , , 
2022-07-14 19:20:00,22.10, , , , 
2022-07-14 19:21:00,22.08, , , , 
2022-07-14 19:22:00,22.06, , , , 
2022-07-14 19:23:00,22.05, , , , 
2022-07-14 19:24:00,22.01, , , , 
2022-07-14 19:25:00,22.01, , , , 
2022-07-14 19:26:00,21.98, , , , 
2022-07-14 19:27:00,21.96, , , , 
2022-07-14 19:28:00,21.92, , , , 
2022-07-14 19:29:00,21.90, , , , 
2022-07-14 19:30:00,21.89, , , , 
2022-07-14 19:31:00,21.84, , , , 
2022-07-14 19:32:00,21.82, , , , 
2022-07-14 19:33:00,21.77, , , , 
2022-07-14 19:34:00,21.75, , , , 
2022-07-14 19:35:00,21.73, , , , 
2022-07-14 19:36:00,21.68, , , , 
2022-07-14 19:37:00,21.66, , , , 
2022-07-14 19:38:00,21.65, , , , 
2022-07-14 19:39:00,21.64, , , , 
2022-07-14 19:40:00,21.61, , , , 
2022-07-14 19:41:00,21.60, , , , 
2022-07-14 19:42:00,21.57, , , , 
2022-07-14 19:43:00,21.55, , , , 
2022-07-14 19:44:00,21.54, , , , 
2022-07-14 19:45:00,21.53, , , , 
2022-07-14 19:46:00,21.51, , , , 
2022-07-14 19:47:00,21.49, , , , 
2022-07-14 19:48:00,21.49, , , , 
2022-07-14 19:49:00,21.47, , , , 
2022-07-14 19:50:00,21.48, , , , 
2022-07-14 19:51:00,21.45, , , , 
2022-07-14 19:52:00,21.42, , , , 
2022-07-14 19:53:00,21.36, , , , 
2022-07-14 19:54:00,21.35, , , , 
2022-07-14 19:55:00,21.33, , , , 
2022-07-14 19:56:00,21.30, , , , 
2022-07-14 19:57:00,21.29, , , , 
2022-07-14 19:58:00,21.28, , , , 
2022-07-14 19:59:00,21.27, , , , 
2022-07-14 20:00:00,21.24, , , , 
2022-07-14 20:01:00,21.23, , , , 
2022-07-14 20:02:00,21.24, , , , 
2022-07-14 20:03:00,21.25, , , , 
2022-07-14 20:04:00,21.23, , , , 
2022-07-14 20:05:00,21.23, , , , 
2022-07-14 20:06:00,21.21, , , , 
2022-07-14 20:07:00,21.21, , , , 
2022-07-14 20:08:00,21.21, , , , 
2022-07-14 20:09:00,21.21, , , , 
2022-07-14 20:10:00,21.21, , , , 
2022-07-14 20:11:00,21.18, , , , 
2022-07-14 20:12:00,21.18, , , , 
2022-07-14 20:13:00,21.11, , , , 
2022-07-14 20:14:00,21.13, , , , 
2022-07-14 20:15:00,21.09, , , , 
2022-07-14 20:16:00,21.06, , , , 
2022-07-14 20:17:00,21.06, , , , 
2022-07-14 20:18:00,21.05, , , , 
2022-07-14 20:19:00,21.03, , , , 
2022-07-14 20:20:00,21.01, , , , 
2022-07-14 20:21:00,21.02, , , , 
2022-07-14 20:22:00,21.00, , , , 
2022-07-14 20:23:00,20.98, , , , 
2022-07-14 20:24:00,21.00, , , , 
2022-07-14 20:25:00,20.99, , , , 
2022-07-14 20:26:00,20.99, , , , 
2022-07-14 20:27:00,20.99, , , , 
2022-07-14 20:28:00,20.99, , , , 
2022-07-14 20:29:00,20.99, , , , 
2022-07-14 20:30:00,20.98, , , , 
2022-07-14 20:31:00,21.00, , , , 
2022-07-14 20:32:00,20.95, , , , 
2022-07-14 20:33:00,20.94, , , , 
2022-07-14 20:34:00,20.95, , , , 
2022-07-14 20:35:00,20.91, , , , 
2022-07-14 20:36:00,20.88, , , , 
2022-07-14 20:37:00,20.86, , , , 
2022-07-14 20:38:00,20.87, , , , 
2022-07-14 20:39:00,20.84, , , , 
2022-07-14 20:40:00,20.80, , , , 
2022-07-14 20:41:00,20.83, , , , 
2022-07-14 20:42:00,20.80, , , , 
2022-07-14 20:43:00,20.80, , , , 
2022-07-14 20:44:00,20.79, , , , 
2022-07-14 20:45:00,20.80, , , , 
2022-07-14 20:46:00,20.81, , , , 
2022-07-14 20:47:00,20.79, , , , 
2022-07-14 20:48:00,20.78, , , , 
2022-07-14 20:49:00,20.79, , , , 
2022-07-14 20:50:00,20.79, , , , 
2022-07-14 20:51:00,20.79, , , , 
2022-07-14 20:52:00,20.78, , , , 
2022-07-14 20:53:00,20.79, , , , 
2022-07-14 20:54:00,20.80, , , , 
2022-07-14 20:55:00,20.79, , , , 
2022-07-14 20:56:00,20.75, , , , 
2022-07-14 20:57:00,20.74, , , , 
2022-07-14 20:58:00,20.72, , , , 
2022-07-14 20:59:00,20.69, , , , 
2022-07-14 21:00:00,20.68, , , , 
2022-07-14 21:01:00,20.66, , , , 
2022-07-14 21:02:00,20.64, , , , 
2022-07-14 21:03:00,20.65, , , , 
2022-07-14 21:04:00,20.64, , , , 
2022-07-14 21:05:00,20.64, , , , 
2022-07-14 21:06:00,20.63, , , , 
2022-07-14 21:07:00,20.64, , , , 
2022-07-14 21:08:00,20.64, , , , 
2022-07-14 21:09:00,20.64, , , , 
2022-07-14 21:10:00,20.64, , , , 
2022-07-14 21:11:00,20.64, , , , 
2022-07-14 21:12:00,20.63, , , , 
2022-07-14 21:13:00,20.65, , , , 
2022-07-14 21:14:00,20.63, , , , 
2022-07-14 21:15:00,20.62, , , , 
2022-07-14 21:16:00,20.62, , , , 
2022-07-14 21:17:00,20.63, , , , 
2022-07-14 21:18:00,20.61, , , , 
2022-07-14 21:19:00,20.56, , , , 
2022-07-14 21:20:00,20.57, , , , 
2022-07-14 21:21:00,20.53, , , , 
2022-07-14 21:22:00,20.51, , , , 
2022-07-14 21:23:00,20.49, , , , 
2022-07-14 21:24:00,20.51, , , , 
2022-07-14 21:25:00,20.48, , , , 
2022-07-14 21:26:00,20.47, , , , 
2022-07-14 21:27:00,20.48, , , , 
2022-07-14 21:28:00,20.49, , , , 
2022-07-14 21:29:00,20.48, , , , 
2022-07-14 21:30:00,20.49, , , , 
2022-07-14 21:31:00,20.49, , , , 
2022-07-14 21:32:00,20.48, , , , 
2022-07-14 21:33:00,20.49, , , , 
2022-07-14 21:34:00,20.50, , , , 
2022-07-14 21:35:00,20.49, , , , 
2022-07-14 21:36:00,20.50, , , , 
2022-07-14 21:37:00,20.48, , , , 
2022-07-14 21:38:00,20.47, , , , 
2022-07-14 21:39:00,20.48, , , , 
2022-07-14 21:40:00,20.46, , , , 
2022-07-14 21:41:00,20.44, , , , 
2022-07-14 21:42:00,20.43, , , , 
2022-07-14 21:43:00,20.41, , , , 
2022-07-14 21:44:00,20.39, , , , 
2022-07-14 21:45:00,20.36, , , , 
2022-07-14 21:46:00,20.37, , , , 
2022-07-14 21:47:00,20.37, , , , 
2022-07-14 21:48:00,20.37, , , , 
2022-07-14 21:49:00,20.37, , , , 
2022-07-14 21:50:00,20.35, , , , 
2022-07-14 21:51:00,20.36, , , , 
2022-07-14 21:52:00,20.37, , , , 
2022-07-14 21:53:00,20.41, , , , 
2022-07-14 21:54:00,20.36, , , , 
2022-07-14 21:55:00,20.37, , , , 
2022-07-14 21:56:00,20.39, , , , 
2022-07-14 21:57:00,20.36, , , , 
2022-07-14 21:58:00,20.40, , , , 
2022-07-14 21:59:00,20.40, , , , 
2022-07-14 22:00:00,20.43, , , , 
2022-07-14 22:01:00,20.39, , , , 
2022-07-14 22:02:00,20.36, , , , 
2022-07-14 22:03:00,20.32, , , , 
2022-07-14 22:04:00,20.31, , , , 
2022-07-14 22:05:00,20.30, , , , 
2022-07-14 22:06:00,20.29, , , , 
2022-07-14 22:07:00,20.29, , , , 
2022-07-14 22:08:00,20.29, , , , 
2022-07-14 22:09:00,20.28, , , , 
2022-07-14 22:10:00,20.27, , , , 
2022-07-14 22:11:00,20.25, , , , 
2022-07-14 22:12:00,20.29, , , , 
2022-07-14 22:13:00,20.28, , , , 
2022-07-14 22:14:00,20.27, , , , 
2022-07-14 22:15:00,20.29, , , , 
2022-07-14 22:16:00,20.28, , , , 
2022-07-14 22:17:00,20.29, , , , 
2022-07-14 22:18:00,20.29, , , , 
2022-07-14 22:19:00,20.31, , , , 
2022-07-14 22:20:00,20.31, , , , 
2022-07-14 22:21:00,20.30, , , , 
2022-07-14 22:22:00,20.31, , , , 
2022-07-14 22:23:00,20.28, , , , 
2022-07-14 22:24:00,20.27, , , , 
2022-07-14 22:25:00,20.24, , , , 
2022-07-14 22:26:00,20.24, , , , 
2022-07-14 22:27:00,20.24, , , , 
2022-07-14 22:28:00,20.21, , , , 
2022-07-14 22:29:00,20.20, , , , 
2022-07-14 22:30:00,20.20, , , , 
2022-07-14 22:31:00,20.21, , , , 
2022-07-14 22:32:00,20.18, , , , 
2022-07-14 22:33:00,20.20, , , , 
2022-07-14 22:34:00,20.18, , , , 
2022-07-14 22:35:00,20.20, , , , 
2022-07-14 22:36:00,20.20, , , , 
2022-07-14 22:37:00,20.20, , , , 
2022-07-14 22:38:00,20.22, , , , 
2022-07-14 22:39:00,20.22, , , , 
2022-07-14 22:40:00,20.24, , , , 
2022-07-14 22:41:00,20.24, , , , 
2022-07-14 22:42:00,20.25, , , , 
2022-07-14 22:43:00,20.24, , , , 
2022-07-14 22:44:00,20.26, , , , 
2022-07-14 22:45:00,20.24, , , , 
2022-07-14 22:46:00,20.24, , , , 
2022-07-14 22:47:00,20.19, , , , 
2022-07-14 22:48:00,20.19, , , , 
2022-07-14 22:49:00,20.16, , , , 
2022-07-14 22:50:00,20.15, , , , 
2022-07-14 22:51:00,20.14, , , , 
2022-07-14 22:52:00,20.15, , , , 
2022-07-14 22:53:00,20.15, , , , 
2022-07-14 22:54:00,20.14, , , , 
2022-07-14 22:55:00,20.16, , , , 
2022-07-14 22:56:00,20.15, , , , 
2022-07-14 22:57:00,20.16, , , , 
2022-07-14 22:58:00,20.18, , , , 
2022-07-14 22:59:00,20.17, , , , 
2022-07-14 23:00:00,20.18, , , , 
2022-07-14 23:01:00,20.17, , , , 
2022-07-14 23:02:00,20.19, , , , 
2022-07-14 23:03:00,20.18, , , , 
2022-07-14 23:04:00,20.20, , , , 
2022-07-14 23:05:00,20.19, , , , 
2022-07-14 23:06:00,20.21, , , , 
2022-07-14 23:07:00,20.20, , , , 
2022-07-14 23:08:00,20.17, , , , 
2022-07-14 23:09:00,20.17, , , , 
2022-07-14 23:10:00,20.13, , , , 
2022-07-14 23:11:00,20.12, , , , 
2022-07-14 23:12:00,20.13, , , , 
2022-07-14 23:13:00,20.11, , , , 
2022-07-14 23:14:00,20.11, , , , 
2022-07-14 23:15:00,20.11, , , , 
2022-07-14 23:16:00,20.12, , , , 
2022-07-14 23:17:00,20.12, , , , 
2022-07-14 23:18:00,20.13, , , , 
2022-07-14 23:19:00,20.14, , , , 
2022-07-14 23:20:00,20.15, , , , 
2022-07-14 23:21:00,20.14, , , , 
2022-07-14 23:22:00,20.16, , , , 
2022-07-14 23:23:00,20.17, , , , 
2022-07-14 23:24:00,20.17, , , , 
2022-07-14 23:25:00,20.19, , , , 
2022-07-14 23:26:00,20.17, , , , 
2022-07-14 23:27:00,20.19, , , , 
2022-07-14 23:28:00,20.18, , , , 
2022-07-14 23:29:00,20.18, , , , 
2022-07-14 23:30:00,20.15, , , , 
2022-07-14 23:31:00,20.14, , , , 
2022-07-14 23:32:00,20.12, , , , 
2022-07-14 23:33:00,20.11, , , , 
2022-07-14 23:34:00,20.11, , , , 
2022-07-14 23:35:00,20.11, , , , 
2022-07-14 23:36:00,20.10, , , , 
2022-07-14 23:37:00,20.12, , , , 
2022-07-14 23:38:00,20.10, , , , 
2022-07-14 23:39:00,20.10, , , , 
2022-07-14 23:40:00,20.10, , , , 
2022-07-14 23:41:00,20.13, , , , 
2022-07-14 23:42:00,20.13, , , , 
2022-07-14 23:43:00,20.14, , , , 
2022-07-14 23:44:00,20.16, , , , 
2022-07-14 23:45:00,20.15, , , , 
2022-07-14 23:46:00,20.16, , , , 
2022-07-14 23:47:00,20.15, , , , 
2022-07-14 23:48:00,20.15, , , , 
2022-07-14 23:49:00,20.17, , , , 
2022-07-14 23:50:00,20.16, , , , 
2022-07-14 23:51:00,20.13, , , , 
2022-07-14 23:52:00,20.12, , , , 
2022-07-14 23:53:00,20.10, , , , 
2022-07-14 23:54:00,20.07, , , , 
2022-07-14 23:55:00,20.06, , , , 
2022-07-14 23:56:00,20.06, , , , 
2022-07-14 23:57:00,20.07, , , , 
2022-07-14 23:58:00,20.06, , , , 
2022-07-14 23:59:00,20.06, , , , 
2022-07-15 00:00:00,20.10, , , , 
2022-07-15 00:01:00,20.09, , , , 
2022-07-15 00:02:00,20.10, , , , 
2022-07-15 00:03:00,20.11, , , , 
2022-07-15 00:04:00,20.13, , , , 
2022-07-15 00:05:00,20.19, , , , 
2022-07-15 00:06:00,20.24, , , , 
2022-07-15 00:07:00,20.28, , , , 
2022-07-15 00:08:00,20.34, , , , 
2022-07-15 00:09:00,20.40, , , , 
2022-07-15 00:10:00,20.47, , , , 
2022-07-15 00:11:00,20.51, , , , 
2022-07-15 00:12:00,20.58, , , , 
2022-07-15 00:13:00,20.61, , , , 
2022-07-15 00:14:00,20.64, , , , 
2022-07-15 00:15:00,20.69, , , , 
2022-07-15 00:16:00,20.72, , , , 
2022-07-15 00:17:00,20.77, , , , 
2022-07-15 00:18:00,20.81, , , , 
2022-07-15 00:19:00,20.90, , , , 
2022-07-15 00:20:00,20.93, , , , 
2022-07-15 00:21:00,21.01, , , , 
2022-07-15 00:22:00,21.07, , , , 
2022-07-15 00:23:00,21.13, , , , 
2022-07-15 00:24:00,21.14, , , , 
2022-07-15 00:25:00,21.14, , , , 
2022-07-15 00:26:00,21.20, , , , 
2022-07-15 00:27:00,21.19, , , , 
2022-07-15 00:28:00,21.23, , , , 
2022-07-15 00:29:00,21.25, , , , 
2022-07-15 00:30:00,21.27, , , , 
2022-07-15 00:31:00,21.32, , , , 
2022-07-15 00:32:00,21.33, , , , 
2022-07-15 00:33:00,21.36, , , , 
2022-07-15 00:34:00,21.37, , , , 
2022-07-15 00:35:00,21.42, , , , 
2022-07-15 00:36:00,21.43, , , , 
2022-07-15 00:37:00,21.46, , , , 
2022-07-15 00:38:00,21.46, , , , 
2022-07-15 00:39:00,21.46, , , , 
2022-07-15 00:40:00,21.46, , , , 
2022-07-15 00:41:00,21.48, , , , 
2022-07-15 00:42:00,21.47, , , , 
2022-07-15 00:43:00,21.51, , , , 
2022-07-15 00:44:00,21.52, , , , 
2022-07-15 00:45:00,21.55, , , , 
2022-07-15 00:46:00,21.54, , , , 
2022-07-15 00:47:00,21.58, , , , 
2022-07-15 00:48:00,21.60, , , , 
2022-07-15 00:49:00,21.63, , , , 
2022-07-15 00:50:00,21.62, , , , 
2022-07-15 00:51:00,21.65, , , , 
2022-07-15 00:52:00,21.69, , , , 
2022-07-15 00:53:00,21.73, , , , 
2022-07-15 00:54:00,21.76, , , , 
2022-07-15 00:55:00,21.79, , , , 
2022-07-15 00:56:00,21.81, , , , 
2022-07-15 00:57:00,21.88, , , , 
2022-07-15 00:58:00,21.91, , , , 
2022-07-15 00:59:00,21.95, , , , 
2022-07-15 01:00:00,21.99, , , , 
2022-07-15 01:01:00,21.99, , , , 
2022-07-15 01:02:00,22.05, , , , 
2022-07-15 01:03:00,22.07, , , , 
2022-07-15 01:04:00,22.10, , , , 
2022-07-15 01:05:00,22.17, , , , 
2022-07-15 01:06:00,22.20, , , , 
2022-07-15 01:07:00,22.22, , , , 
2022-07-15 01:08:00,22.29, , , , 
2022-07-15 01:09:00,22.35, , , , 
2022-07-15 01:10:00,22.39, , , , 
2022-07-15 01:11:00,22.42, , , , 
2022-07-15 01:12:00,22.48, , , , 
2022-07-15 01:13:00,22.53, , , , 
2022-07-15 01:14:00,22.58, , , , 
2022-07-15 01:15:00,22.62, , , , 
2022-07-15 01:16:00,22.67, , , , 
2022-07-15 01:17:00,22.70, , , , 
2022-07-15 01:18:00,22.76, , , , 
2022-07-15 01:19:00,22.80, , , , 
2022-07-15 01:20:00,22.83, , , , 
2022-07-15 01:21:00,22.88, , , , 
2022-07-15 01:22:00,22.92, , , , 
2022-07-15 01:23:00,22.95, , , , 
2022-07-15 01:24:00,23.00, , , , 
2022-07-15 01:25:00,23.03, , , , 
2022-07-15 01:26:00,23.05, , , , 
2022-07-15 01:27:00,23.09, , , , 
2022-07-15 01:28:00,23.13, , , , 
2022-07-15 01:29:00,23.14, , , , 
2022-07-15 01:30:00,23.18, , , , 
2022-07-15 01:31:00,23.23, , , , 
2022-07-15 01:32:00,23.26, , , , 
2022-07-15 01:33:00,23.28, , , , 
2022-07-15 01:34:00,23.34, , , , 
2022-07-15 01:35:00,23.37, , , , 
2022-07-15 01:36:00,23.38, , , , 
2022-07-15 01:37:00,23.42, , , , 
2022-07-15 01:38:00,23.46, , , , 
2022-07-15 01:39:00,23.49, , , , 
2022-07-15 01:40:00,23.52, , , , 
2022-07-15 01:41:00,23.53, , , , 
2022-07-15 01:42:00,23.56, , , , 
2022-07-15 01:43:00,23.57, , , , 
2022-07-15 01:44:00,23.56, , , , 
2022-07-15 01:45:00,23.57, , , , 
2022-07-15 01:46:00,23.59, , , , 
2022-07-15 01:47:00,23.59, , , , 
2022-07-15 01:48:00,23.59, , , , 
2022-07-15 01:49:00,23.59, , , , 
2022-07-15 01:50:00,23.61, , , , 
2022-07-15 01:51:00,23.64, , , , 
2022-07-15 01:52:00,23.61, , , , 
2022-07-15 01:53:00,23.64, , , , 
2022-07-15 01:54:00,23.64, , , , 
2022-07-15 01:55:00,23.67, , , , 
2022-07-15 01:56:00,23.66, , , , 
2022-07-15 01:57:00,23.68, , , , 
2022-07-15 01:58:00,23.69, , , , 
2022-07-15 01:59:00,23.69, , , , 
2022-07-15 02:00:00,23.71, , , , 
2022-07-15 02:01:00,23.71, , , , 
2022-07-15 02:02:00,23.71, , , , 
2022-07-15 02:03:00,23.71, , , , 
2022-07-15 02:04:00,23.70, , , , 
2022-07-15 02:05:00,23.72, , , , 
2022-07-15 02:06:00,23.73, , , , 
2022-07-15 02:07:00,23.72, , , , 
2022-07-15 02:08:00,23.75, , , , 
2022-07-15 02:09:00,23.77, , , , 
2022-07-15 02:10:00,23.77, , , , 
2022-07-15 02:11:00,23.79, , , , 
2022-07-15 02:12:00,23.85, , , , 
2022-07-15 02:13:00,23.87, , , , 
2022-07-15 02:14:00,23.87, , , , 
2022-07-15 02:15:00,23.89, , , , 
2022-07-15 02:16:00,23.91, , , , 
2022-07-15 02:17:00,23.92, , , , 
2022-07-15 02:18:00,23.94, , , , 
2022-07-15 02:19:00,23.95, , , , 
2022-07-15 02:20:00,23.97, , , , 
2022-07-15 02:21:00,23.98, , , , 
2022-07-15 02:22:00,23.96, , , , 
2022-07-15 02:23:00,23.97, , , , 
2022-07-15 02:24:00,23.98, , , , 
2022-07-15 02:25:00,23.99, , , , 
2022-07-15 02:26:00,23.98, , , , 
2022-07-15 02:27:00,24.01, , , , 
2022-07-15 02:28:00,24.03, , , , 
2022-07-15 02:29:00,24.03, , , , 
2022-07-15 02:30:00,24.03, , , , 
2022-07-15 02:31:00,24.02, , , , 
2022-07-15 02:32:00,24.04, , , , 
2022-07-15 02:33:00,24.04, , , , 
2022-07-15 02:34:00,24.04, , , , 
2022-07-15 02:35:00,24.03, , , , 
2022-07-15 02:36:00,24.02, , , , 
2022-07-15 02:37:00,24.00, , , , 
2022-07-15 02:38:00,24.00, , , , 
2022-07-15 02:39:00,24.01, , , , 
2022-07-15 02:40:00,24.00, , , , 
2022-07-15 02:41:00,24.02, , , , 
2022-07-15 02:42:00,24.02, , , , 
2022-07-15 02:43:00,24.03, , , , 
2022-07-15 02:44:00,24.04, , , , 
2022-07-15 02:45:00,24.05, , , , 
2022-07-15 02:46:00,24.02, , , , 
2022-07-15 02:47:00,24.04, , , , 
2022-07-15 02:48:00,24.02, , , , 
2022-07-15 02:49:00,24.05, , , , 
2022-07-15 02:50:00,24.01, , , , 
2022-07-15 02:51:00,24.00, , , , 
2022-07-15 02:52:00,24.01, , , , 
2022-07-15 02:53:00,23.99, , , , 
2022-07-15 02:54:00,24.01, , , , 
2022-07-15 02:55:00,24.00, , , , 
2022-07-15 02:56:00,24.00, , , , 
2022-07-15 02:57:00,24.00, , , , 
2022-07-15 02:58:00,24.01, , , , 
2022-07-15 02:59:00,24.02, , , , 
2022-07-15 03:00:00,24.02, , , , 
2022-07-15 03:01:00,24.02, , , , 
2022-07-15 03:02:00,24.04, , , , 
2022-07-15 03:03:00,24.04, , , , 
2022-07-15 03:04:00,24.06, , , , 
2022-07-15 03:05:00,24.04, , , , 
2022-07-15 03:06:00,24.06, , , , 
2022-07-15 03:07:00,24.04, , , , 
2022-07-15 03:08:00,24.05, , , , 
2022-07-15 03:09:00,24.01, , , , 
2022-07-15 03:10:00,24.00, , , , 
2022-07-15 03:11:00,24.01, , , , 
2022-07-15 03:12:00,24.03, , , , 
2022-07-15 03:13:00,24.03, , , , 
2022-07-15 03:14:00,24.02, , , , 
2022-07-15 03:15:00,24.00, , , , 
2022-07-15 03:16:00,24.03, , , , 
2022-07-15 03:17:00,24.03, , , , 
2022-07-15 03:18:00,24.03, , , , 
2022-07-15 03:19:00,24.06, , , , 
2022-07-15 03:20:00,24.09, , , , 
2022-07-15 03:21:00,24.05, , , , 
2022-07-15 03:22:00,24.04, , , , 
2022-07-15 03:23:00,24.04, , , , 
2022-07-15 03:24:00,24.02, , , , 
2022-07-15 03:25:00,24.00, , , , 
2022-07-15 03:26:00,24.00, , , , 
2022-07-15 03:27:00,23.99, , , , 
2022-07-15 03:28:00,24.00, , , , 
2022-07-15 03:29:00,23.98, , , , 
2022-07-15 03:30:00,24.00, , , , 
2022-07-15 03:31:00,24.01, , , , 
2022-07-15 03:32:00,24.00, , , , 
2022-07-15 03:33:00,24.02, , , , 
2022-07-15 03:34:00,24.02, , , , 
2022-07-15 03:35:00,24.02, , , , 
2022-07-15 03:36:00,24.03, , , , 
2022-07-15 03:37:00,24.04, , , , 
2022-07-15 03:38:00,24.03, , , , 
2022-07-15 03:39:00,24.01, , , , 
2022-07-15 03:40:00,23.97, , , , 
2022-07-15 03:41:00,23.91, , , , 
2022-07-15 03:42:00,23.85, , , , 
2022-07-15 03:43:00,23.82, , , , 
2022-07-15 03:44:00,23.76, , , , 
2022-07-15 03:45:00,23.73, , , , 
2022-07-15 03:46:00,23.69, , , , 
2022-07-15 03:47:00,23.67, , , , 
2022-07-15 03:48:00,23.66, , , , 
2022-07-15 03:49:00,23.64, , , , 
2022-07-15 03:50:00,23.61, , , , 
2022-07-15 03:51:00,23.58, , , , 
2022-07-15 03:52:00,23.56, , , , 
2022-07-15 03:53:00,23.55, , , , 
2022-07-15 03:54:00,23.53, , , , 
2022-07-15 03:55:00,23.51, , , , 
2022-07-15 03:56:00,23.50, , , , 
2022-07-15 03:57:00,23.49, , , , 
2022-07-15 03:58:00,23.45, , , , 
2022-07-15 03:59:00,23.44, , , , 
2022-07-15 04:00:00,23.40, , , , 
2022-07-15 04:01:00,23.41, , , , 
2022-07-15 04:02:00,23.43, , , , 
2022-07-15 04:03:00,23.42, , , , 
2022-07-15 04:04:00,23.43, , , , 
2022-07-15 04:05:00,23.43, , , , 
2022-07-15 04:06:00,23.42, , , , 
2022-07-15 04:07:00,23.43, , , , 
2022-07-15 04:08:00,23.43, , , , 
2022-07-15 04:09:00,23.43, , , , 
2022-07-15 04:10:00,23.42, , , , 
2022-07-15 04:11:00,23.41, , , , 
2022-07-15 04:12:00,23.41, , , , 
2022-07-15 04:13:00,23.39, , , , 
2022-07-15 04:14:00,23.39, , , , 
2022-07-15 04:15:00,23.38, , , , 
2022-07-15 04:16:00,23.38, , , , 
2022-07-15 04:17:00,23.37, , , , 
2022-07-15 04:18:00,23.38, , , , 
2022-07-15 04:19:00,23.38, , , , 
2022-07-15 04:20:00,23.38, , , , 
2022-07-15 04:21:00,23.39, , , , 
2022-07-15 04:22:00,23.40, , , , 
2022-07-15 04:23:00,23.42, , , , 
2022-07-15 04:24:00,23.41, , , , 
2022-07-15 04:25:00,23.43, , , , 
2022-07-15 04:26:00,23.44, , , , 
2022-07-15 04:27:00,23.43, , , , 
2022-07-15 04:28:00,23.43, , , , 
2022-07-15 04:29:00,23.43, , , , 
2022-07-15 04:30:00,23.41, , , , 
2022-07-15 04:31:00,23.40, , , , 
2022-07-15 04:32:00,23.40, , , , 
2022-07-15 04:33:00,23.40, , , , 
2022-07-15 04:34:00,23.38, , , , 
2022-07-15 04:35:00,23.39, , , , 
2022-07-15 04:36:00,23.38, , , , 
2022-07-15 04:37:00,23.39, , , , 
2022-07-15 04:38:00,23.41, , , , 
2022-07-15 04:39:00,23.43, , , , 
2022-07-15 04:40:00,23.43, , , , 
2022-07-15 04:41:00,23.44, , , , 
2022-07-15 04:42:00,23.42, , , , 
2022-07-15 04:43:00,23.44, , , , 
2022-07-15 04:44:00,23.44, , , , 
2022-07-15 04:45:00,23.41, , , , 
2022-07-15 04:46:00,23.43, , , , 
2022-07-15 04:47:00,23.44, , , , 
2022-07-15 04:48:00,23.41, , , , 
2022-07-15 04:49:00,23.40, , , , 
2022-07-15 04:50:00,23.42, , , , 
2022-07-15 04:51:00,23.42, , , , 
2022-07-15 04:52:00,23.40, , , , 
2022-07-15 04:53:00,23.42, , , , 
2022-07-15 04:54:00,23.41, , , , 
2022-07-15 04:55:00,23.43, , , , 
2022-07-15 04:56:00,23.42, , , , 
2022-07-15 04:57:00,23.45, , , , 
2022-07-15 04:58:00,23.43, , , , 
2022-07-15 04:59:00,23.44, , , , 
2022-07-15 05:00:00,23.43, , , , 
2022-07-15 05:01:00,23.44, , , , 
2022-07-15 05:02:00,23.41, , , , 
2022-07-15 05:03:00,23.43, , , , 
2022-07-15 05:04:00,23.42, , , , 
2022-07-15 05:05:00,23.40, , , , 
2022-07-15 05:06:00,23.40, , , , 
2022-07-15 05:07:00,23.40, , , , 
2022-07-15 05:08:00,23.38, , , , 
2022-07-15 05:09:00,23.40, , , , 
2022-07-15 05:10:00,23.41, , , , 
2022-07-15 05:11:00,23.40, , , , 
2022-07-15 05:12:00,23.41, , , , 
2022-07-15 05:13:00,23.43, , , , 
2022-07-15 05:14:00,23.42, , , , 
2022-07-15 05:15:00,23.43, , , , 
2022-07-15 05:16:00,23.42, , , , 
2022-07-15 05:17:00,23.42, , , , 
2022-07-15 05:18:00,23.42, , , , 
2022-07-15 05:19:00,23.42, , , , 
2022-07-15 05:20:00,23.41, , , , 
2022-07-15 05:21:00,23.39, , , , 
2022-07-15 05:22:00,23.38, , , , 
2022-07-15 05:23:00,23.39, , , , 
2022-07-15 05:24:00,23.39, , , , 
2022-07-15 05:25:00,23.39, , , , 
2022-07-15 05:26:00,23.40, , , , 
2022-07-15 05:27:00,23.40, , , , 
2022-07-15 05:28:00,23.42, , , , 
2022-07-15 05:29:00,23.41, , , , 
2022-07-15 05:30:00,23.41, , , , 
2022-07-15 05:31:00,23.43, , , , 
2022-07-15 05:32:00,23.42, , , , 
2022-07-15 05:33:00,23.43, , , , 
2022-07-15 05:34:00,23.42, , , , 
2022-07-15 05:35:00,23.42, , , , 
2022-07-15 05:36:00,23.41, , , , 
2022-07-15 05:37:00,23.41, , , , 
2022-07-15 05:38:00,23.41, , , , 
2022-07-15 05:39:00,23.39, , , , 
2022-07-15 05:40:00,23.39, , , , 
2022-07-15 05:41:00,23.40, , , , 
2022-07-15 05:42:00,23.39, , , , 
2022-07-15 05:43:00,23.40, , , , 
2022-07-15 05:44:00,23.41, , , , 
2022-07-15 05:45:00,23.40, , , , 
2022-07-15 05:46:00,23.41, , , , 
2022-07-15 05:47:00,23.40, , , , 
2022-07-15 05:48:00,23.41, , , , 
2022-07-15 05:49:00,23.42, , , , 
2022-07-15 05:50:00,23.41, , , , 
2022-07-15 05:51:00,23.39, , , , 
2022-07-15 05:52:00,23.39, , , , 
2022-07-15 05:53:00,23.38, , , , 
2022-07-15 05:54:00,23.38, , , , 
2022-07-15 05:55:00,23.37, , , , 
2022-07-15 05:56:00,23.37, , , , 
2022-07-15 05:57:00,23.38, , , , 
2022-07-15 05:58:00,23.39, , , , 
2022-07-15 05:59:00,23.37, , , , 
2022-07-15 06:00:00,23.40, , , , 
2022-07-15 06:01:00,23.41, , , , 
2022-07-15 06:02:00,23.41, , , , 
2022-07-15 06:03:00,23.40, , , , 
2022-07-15 06:04:00,23.42, , , , 
2022-07-15 06:05:00,23.42, , , , 
2022-07-15 06:06:00,23.40, , , , 
2022-07-15 06:07:00,23.41, , , , 
2022-07-15 06:08:00,23.37, , , , 
2022-07-15 06:09:00,23.36, , , , 
2022-07-15 06:10:00,23.36, , , , 
2022-07-15 06:11:00,23.34, , , , 
2022-07-15 06:12:00,23.34, , , , 
2022-07-15 06:13:00,23.35, , , , 
2022-07-15 06:14:00,23.35, , , , 
2022-07-15 06:15:00,23.31, , , , 
2022-07-15 06:16:00,23.30, , , , 
2022-07-15 06:17:00,23.30, , , , 
2022-07-15 06:18:00,23.30, , , , 
2022-07-15 06:19:00,23.27, , , , 
2022-07-15 06:20:00,23.27, , , , 
2022-07-15 06:21:00,23.25, , , , 
2022-07-15 06:22:00,23.22, , , , 
2022-07-15 06:23:00,23.23, , , , 
2022-07-15 06:24:00,23.18, , , , 
2022-07-15 06:25:00,23.17, , , , 
2022-07-15 06:26:00,23.13, , , , 
2022-07-15 06:27:00,23.12, , , , 
2022-07-15 06:28:00,23.09, , , , 
2022-07-15 06:29:00,23.05, , , , 
2022-07-15 06:30:00,22.99, , , , 
2022-07-15 06:31:00,22.97, , , , 
2022-07-15 06:32:00,22.95, , , , 
2022-07-15 06:33:00,22.91, , , , 
2022-07-15 06:34:00,22.90, , , , 
2022-07-15 06:35:00,22.84, , , , 
2022-07-15 06:36:00,22.81, , , , 
2022-07-15 06:37:00,22.78, , , , 
2022-07-15 06:38:00,22.73, , , , 
2022-07-15 06:39:00,22.73, , , , 
2022-07-15 06:40:00,22.70, , , , 
2022-07-15 06:41:00,22.70, , , , 
2022-07-15 06:42:00,22.67, , , , 
2022-07-15 06:43:00,22.64, , , , 
2022-07-15 06:44:00,22.62, , , , 
2022-07-15 06:45:00,22.60, , , , 
2022-07-15 06:46:00,22.57, , , , 
2022-07-15 06:47:00,22.55, , , , 
2022-07-15 06:48:00,22.52, , , , 
2022-07-15 06:49:00,22.48, , , , 
2022-07-15 06:50:00,22.43, , , , 
2022-07-15 06:51:00,22.42, , , , 
2022-07-15 06:52:00,22.39, , , , 
2022-07-15 06:53:00,22.34, , , , 
2022-07-15 06:54:00,22.32, , , , 
2022-07-15 06:55:00,22.27, , , , 
2022-07-15 06:56:00,22.26, , , , 
2022-07-15 06:57:00,22.23, , , , 
2022-07-15 06:58:00,22.21, , , , 
2022-07-15 06:59:00,22.19, , , , 
2022-07-15 07:00:00,22.14, , , , 
2022-07-15 07:01:00,22.12, , , , 
2022-07-15 07:02:00,22.10, , , , 
2022-07-15 07:03:00,22.10, , , , 
2022-07-15 07:04:00,22.07, , , , 
2022-07-15 07:05:00,22.05, , , , 
2022-07-15 07:06:00,22.04, , , , 
2022-07-15 07:07:00,22.04, , , , 
2022-07-15 07:08:00,22.01, , , , 
2022-07-15 07:09:00,21.97, , , , 
2022-07-15 07:10:00,21.96, , , , 
2022-07-15 07:11:00,21.95, , , , 
2022-07-15 07:12:00,21.90, , , , 
2022-07-15 07:13:00,21.87, , , , 
2022-07-15 07:14:00,21.82, , , , 
2022-07-15 07:15:00,21.79, , , , 
2022-07-15 07:16:00,21.79, , , , 
2022-07-15 07:17:00,21.76, , , , 
2022-07-15 07:18:00,21.72, , , , 
2022-07-15 07:19:00,21.70, , , , 
2022-07-15 07:20:00,21.66, , , , 
2022-07-15 07:21:00,21.67, , , , 
2022-07-15 07:22:00,21.64, , , , 
2022-07-15 07:23:00,21.63, , , , 
2022-07-15 07:24:00,21.60, , , , 
2022-07-15 07:25:00,21.59, , , , 
2022-07-15 07:26:00,21.58, , , , 
2022-07-15 07:27:00,21.55, , , , 
2022-07-15 07:28:00,21.54, , , , 
2022-07-15 07:29:00,21.52, , , , 
2022-07-15 07:30:00,21.54, , , , 
2022-07-15 07:31:00,21.53, , , , 
2022-07-15 07:32:00,21.49, , , , 
2022-07-15 07:33:00,21.47, , , , 
2022-07-15 07:34:00,21.44, , , , 
2022-07-15 07:35:00,21.42, , , , 
2022-07-15 07:36:00,21.39, , , , 
2022-07-15 07:37:00,21.36, , , , 
2022-07-15 07:38:00,21.33, , , , 
2022-07-15 07:39:00,21.33, , , , 
2022-07-15 07:40:00,21.31, , , , 
2022-07-15 07:41:00,21.29, , , , 
2022-07-15 07:42:00,21.27, , , , 
2022-07-15 07:43:00,21.24, , , , 
2022-07-15 07:44:00,21.23, , , , 
2022-07-15 07:45:00,21.25, , , , 
2022-07-15 07:46:00,21.22, , , , 
2022-07-15 07:47:00,21.20, , , , 
2022-07-15 07:48:00,21.21, , , , 
2022-07-15 07:49:00,21.20, , , , 
2022-07-15 07:50:00,21.20, , , , 
2022-07-15 07:51:00,21.22, , , , 
2022-07-15 07:52:00,21.24, , , , 
2022-07-15 07:53:00,21.23, , , , 
2022-07-15 07:54:00,21.21, , , , 
2022-07-15 07:55:00,21.17, , , , 
2022-07-15 07:56:00,21.16, , , , 
2022-07-15 07:57:00,21.15, , , , 
2022-07-15 07:58:00,21.10, , , , 
2022-07-15 07:59:00,21.10, , , , 
2022-07-15 08:00:00,21.06, , , , 
2022-07-15 08:01:00,21.06, , , , 
2022-07-15 08:02:00,21.07, , , , 
2022-07-15 08:03:00,21.07, , , , 
2022-07-15 08:04:00,21.05, , , , 
2022-07-15 08:05:00,21.04, , , , 
2022-07-15 08:06:00,21.05, , , , 
2022-07-15 08:07:00,21.04, , , , 
2022-07-15 08:08:00,21.03, , , , 
2022-07-15 08:09:00,21.00, , , , 
2022-07-15 08:10:00,21.01, , , , 
2022-07-15 08:11:00,21.01, , , , 
2022-07-15 08:12:00,21.02, , , , 
2022-07-15 08:13:00,21.01, , , , 
2022-07-15 08:14:00,20.99, , , , 
2022-07-15 08:15:00,20.96, , , , 
2022-07-15 08:16:00,20.92, , , , 
2022-07-15 08:17:00,20.89, , , , 
2022-07-15 08:18:00,20.88, , , , 
2022-07-15 08:19:00,20.87, , , , 
2022-07-15 08:20:00,20.83, , , , 
2022-07-15 08:21:00,20.80, , , , 
2022-07-15 08:22:00,20.80, , , , 
2022-07-15 08:23:00,20.79, , , , 
2022-07-15 08:24:00,20.78, , , , 
2022-07-15 08:25:00,20.76, , , , 
2022-07-15 08:26:00,20.75, , , , 
2022-07-15 08:27:00,20.76, , , , 
2022-07-15 08:28:00,20.77, , , , 
2022-07-15 08:29:00,20.75, , , , 
2022-07-15 08:30:00,20.74, , , , 
2022-07-15 08:31:00,20.75, , , , 
2022-07-15 08:32:00,20.74, , , , 
2022-07-15 08:33:00,20.73, , , , 
2022-07-15 08:34:00,20.73, , , , 
2022-07-15 08:35:00,20.73, , , , 
2022-07-15 08:36:00,20.72, , , , 
2022-07-15 08:37:00,20.69, , , , 
2022-07-15 08:38:00,20.66, , , , 
2022-07-15 08:39:00,20.64, , , , 
2022-07-15 08:40:00,20.60, , , , 
2022-07-15 08:41:00,20.59, , , , 
2022-07-15 08:42:00,20.59, , , , 
2022-07-15 08:43:00,20.58, , , , 
2022-07-15 08:44:00,20.57, , , , 
2022-07-15 08:45:00,20.58, , , , 
2022-07-15 08:46:00,20.56, , , , 
2022-07-15 08:47:00,20.56, , , , 
2022-07-15 08:48:00,20.54, , , , 
2022-07-15 08:49:00,20.55, , , , 
2022-07-15 08:50:00,20.54, , , , 
2022-07-15 08:51:00,20.53, , , , 
2022-07-15 08:52:00,20.51, , , , 
2022-07-15 08:53:00,20.53, , , , 
2022-07-15 08:54:00,20.54, , , , 
2022-07-15 08:55:00,20.55, , , , 
2022-07-15 08:56:00,20.54, , , , 
2022-07-15 08:57:00,20.51, , , , 
2022-07-15 08:58:00,20.51, , , , 
2022-07-15 08:59:00,20.51, , , , 
2022-07-15 09:00:00,20.46, , , , 
2022-07-15 09:01:00,20.46, , , , 
2022-07-15 09:02:00,20.43, , , , 
2022-07-15 09:03:00,20.43, , , , 
2022-07-15 09:04:00,20.40, , , , 
2022-07-15 09:05:00,20.41, , , , 
2022-07-15 09:06:00,20.41, , , , 
2022-07-15 09:07:00,20.40, , , , 
2022-07-15 09:08:00,20.40, , , , 
2022-07-15 09:09:00,20.39, , , , 
2022-07-15 09:10:00,20.39, , , , 
2022-07-15 09:11:00,20.39, , , , 
2022-07-15 09:12:00,20.37, , , , 
2022-07-15 09:13:00,20.39, , , , 
2022-07-15 09:14:00,20.40, , , , 
2022-07-15 09:15:00,20.40, , , , 
2022-07-15 09:16:00,20.40, , , , 
2022-07-15 09:17:00,20.37, , , , 
2022-07-15 09:18:00,20.37, , , , 
2022-07-15 09:19:00,20.40, , , , 
2022-07-15 09:20:00,20.39, , , , 
2022-07-15 09:21:00,20.39, , , , 
2022-07-15 09:22:00,20.35, , , , 
2022-07-15 09:23:00,20.32, , , , 
2022-07-15 09:24:00,20.29, , , , 
2022-07-15 09:25:00,20.30, , , , 
2022-07-15 09:26:00,20.30, , , , 
2022-07-15 09:27:00,20.28, , , , 
2022-07-15 09:28:00,20.29, , , , 
2022-07-15 09:29:00,20.28, , , , 
2022-07-15 09:30:00,20.29, , , , 
2022-07-15 09:31:00,20.28, , , , 
2022-07-15 09:32:00,20.29, , , , 
2022-07-15 09:33:00,20.30, , , , 
2022-07-15 09:34:00,20.29, , , , 
2022-07-15 09:35:00,20.26, , , , 
2022-07-15 09:36:00,20.29, , , , 
2022-07-15 09:37:00,20.29, , , , 
2022-07-15 09:38:00,20.29, , , , 
2022-07-15 09:39:00,20.29, , , , 
2022-07-15 09:40:00,20.31, , , , 
2022-07-15 09:41:00,20.31, , , , 
2022-07-15 09:42:00,20.30, , , , 
2022-07-15 09:43:00,20.27, , , , 
2022-07-15 09:44:00,20.25, , , , 
2022-07-15 09:45:00,20.24, , , , 
2022-07-15 09:46:00,20.21, , , , 
2022-07-15 09:47:00,20.22, , , , 
2022-07-15 09:48:00,20.20, , , , 
2022-07-15 09:49:00,20.19, , , , 
2022-07-15 09:50:00,20.18, , , , 
2022-07-15 09:51:00,20.18, , , , 
2022-07-15 09:52:00,20.19, , , , 
2022-07-15 09:53:00,20.18, , , , 
2022-07-15 09:54:00,20.20, , , , 
2022-07-15 09:55:00,20.18, , , , 
2022-07-15 09:56:00,20.20, , , , 
2022-07-15 09:57:00,20.21, , , , 
2022-07-15 09:58:00,20.18, , , , 
2022-07-15 09:59:00,20.21, , , , 
2022-07-15 10:00:00,20.24, , , , 
2022-07-15 10:01:00,20.25, , , , 
2022-07-15 10:02:00,20.24, , , , 
2022-07-15 10:03:00,20.24, , , , 
2022-07-15 10:04:00,20.25, , , , 
2022-07-15 10:05:00,20.19, , , , 
2022-07-15 10:06:00,20.18, , , , 
2022-07-15 10:07:00,20.16, , , , 
2022-07-15 10:08:00,20.15, , , , 
2022-07-15 10:09:00,20.15, , , , 
2022-07-15 10:10:00,20.15, , , , 
2022-07-15 10:11:00,20.14, , , , 
2022-07-15 10:12:00,20.13, , , , 
2022-07-15 10:13:00,20.15, , , , 
2022-07-15 10:14:00,20.14, , , , 
2022-07-15 10:15:00,20.16, , , , 
2022-07-15 10:16:00,20.14, , , , 
2022-07-15 10:17:00,20.16, , , , 
2022-07-15 10:18:00,20.17, , , , 
2022-07-15 10:19:00,20.17, , , , 
2022-07-15 10:20:00,20.16, , , , 
2022-07-15 10:21:00,20.18, , , , 
2022-07-15 10:22:00,20.17, , , , 
2022-07-15 10:23:00,20.18, , , , 
2022-07-15 10:24:00,20.18, , , , 
2022-07-15 10:25:00,20.17, , , , 
2022-07-15 10:26:00,20.18, , , , 
2022-07-15 10:27:00,20.15, , , , 
2022-07-15 10:28:00,20.14, , , , 
2022-07-15 10:29:00,20.12, , , , 
2022-07-15 10:30:00,20.09, , , , 
2022-07-15 10:31:00,20.10, , , , 
2022-07-15 10:32:00,20.10, , , , 
2022-07-15 10:33:00,20.11, , , , 
2022-07-15 10:34:00,20.09, , , , 
2022-07-15 10:35:00,20.06, , , , 
2022-07-15 10:36:00,20.06, , , , 
2022-07-15 10:37:00,20.07, , , , 
2022-07-15 10:38:00,20.09, , , , 
2022-07-15 10:39:00,20.09, , , , 
2022-07-15 10:40:00,20.10, , , , 
2022-07-15 10:41:00,20.12, , , , 
2022-07-15 10:42:00,20.12, , , , 
2022-07-15 10:43:00,20.11, , , , 
2022-07-15 10:44:00,20.12, , , , 
2022-07-15 10:45:00,20.10, , , , 
2022-07-15 10:46:00,20.12, , , , 
2022-07-15 10:47:00,20.13, , , , 
2022-07-15 10:48:00,20.10, , , , 
2022-07-15 10:49:00,20.12, , , , 
2022-07-15 10:50:00,20.06, , , , 
2022-07-15 10:51:00,20.05, , , , 
2022-07-15 10:52:00,20.06, , , , 
2022-07-15 10:53:00,20.04, , , , 
2022-07-15 10:54:00,20.02, , , , 
2022-07-15 10:55:00,20.05, , , , 
2022-07-15 10:56:00,20.04, , , , 
2022-07-15 10:57:00,20.03, , , , 
2022-07-15 10:58:00,20.02, , , , 
2022-07-15 10:59:00,20.05, , , , 
2022-07-15 11:00:00,20.07, , , , 
2022-07-15 11:01:00,20.06, , , , 
2022-07-15 11:02:00,20.07, , , , 
2022-07-15 11:03:00,20.09, , , , 
2022-07-15 11:04:00,20.12, , , , 
2022-07-15 11:05:00,20.10, , , , 
2022-07-15 11:06:00,20.13, , , , 
2022-07-15 11:07:00,20.13, , , , 
2022-07-15 11:08:00,20.13, , , , 
2022-07-15 11:09:00,20.13, , , , 
2022-07-15 11:10:00,20.14, , , , 
2022-07-15 11:11:00,20.12, , , , 
2022-07-15 11:12:00,20.10, , , , 
2022-07-15 11:13:00,20.09, , , , 
2022-07-15 11:14:00,20.05, , , , 
2022-07-15 11:15:00,20.04, , , , 
2022-07-15 11:16:00,20.06, , , , 
2022-07-15 11:17:00,20.03, , , , 
2022-07-15 11:18:00,20.03, , , , 
2022-07-15 11:19:00,20.05, , , , 
2022-07-15 11:20:00,20.04, , , , 
2022-07-15 11:21:00,20.06, , , , 
2022-07-15 11:22:00,20.07, , , , 
2022-07-15 11:23:00,20.06, , , , 
2022-07-15 11:24:00,20.09, , , , 
2022-07-15 11:25:00,20.10, , , , 
2022-07-15 11:26:00,20.10, , , , 
2022-07-15 11:27:00,20.09, , , , 
2022-07-15 11:28:00,20.10, , , , 
2022-07-15 11:29:00,20.11, , , , 
2022-07-15 11:30:00,20.12, , , , 
2022-07-15 11:31:00,20.13, , , , 
2022-07-15 11:32:00,20.11, , , , 
2022-07-15 11:33:00,20.12, , , , 
2022-07-15 11:34:00,20.07, , , , 
2022-07-15 11:35:00,20.09, , , , 
2022-07-15 11:36:00,20.06, , , , 
2022-07-15 11:37:00,20.05, , , , 
2022-07-15 11:38:00,20.05, , , , 
2022-07-15 11:39:00,20.05, , , , 
2022-07-15 11:40:00,20.04, , , , 
2022-07-15 11:41:00,20.05, , , , 
2022-07-15 11:42:00,20.07, , , , 
2022-07-15 11:43:00,20.07, , , , 
2022-07-15 11:44:00,20.06, , , , 
2022-07-15 11:45:00,20.10, , , , 
2022-07-15 11:46:00,20.10, , , , 
2022-07-15 11:47:00,20.07, , , , 
2022-07-15 11:48:00,20.09, , , , 
2022-07-15 11:49:00,20.05, , , , 
2022-07-15 11:50:00,20.04, , , , 
2022-07-15 11:51:00,20.01, , , , 
2022-07-15 11:52:00,19.98, , , , 
2022-07-15 11:53:00,19.97, , , , 
2022-07-15 11:54:00,19.91, , , , 
2022-07-15 11:55:00,19.85, , , , 
2022-07-15 11:56:00,19.77, , , , 
2022-07-15 11:57:00,19.72, , , , 
2022-07-15 11:58:00,19.68, , , , 
2022-07-15 11:59:00,19.61, , , , 
2022-07-15 12:00:00,19.59, , , , 
2022-07-15 12:01:00,19.53, , , , 
2022-07-15 12:02:00,19.51, , , , 
2022-07-15 12:03:00,19.47, , , , 
2022-07-15 12:04:00,19.47, , , , 
2022-07-15 12:05:00,19.46, , , , 
2022-07-15 12:06:00,19.45, , , , 
2022-07-15 12:07:00,19.46, , , , 
2022-07-15 12:08:00,19.46, , , , 
2022-07-15 12:09:00,19.50, , , , 
2022-07-15 12:10:00,19.48, , , , 
2022-07-15 12:11:00,19.48, , , , 
2022-07-15 12:12:00,19.51, , , , 
2022-07-15 12:13:00,19.52, , , , 
2022-07-15 12:14:00,19.56, , , , 
2022-07-15 12:15:00,19.56, , , , 
2022-07-15 12:16:00,19.61, , , , 
2022-07-15 12:17:00,19.61, , , , 
2022-07-15 12:18:00,19.66, , , , 
2022-07-15 12:19:00,19.63, , , , 
2022-07-15 12:20:00,19.66, , , , 
2022-07-15 12:21:00,19.68, , , , 
2022-07-15 12:22:00,19.72, , , , 
2022-07-15 12:23:00,19.74, , , , 
2022-07-15 12:24:00,19.75, , , , 
2022-07-15 12:25:00,19.80, , , , 
2022-07-15 12:26:00,19.82, , , , 
2022-07-15 12:27:00,19.84, , , , 
2022-07-15 12:28:00,19.83, , , , 
2022-07-15 12:29:00,19.84, , , , 
2022-07-15 12:30:00,19.85, , , , 
2022-07-15 12:31:00,19.87, , , , 
2022-07-15 12:32:00,19.88, , , , 
2022-07-15 12:33:00,19.90, , , , 
2022-07-15 12:34:00,19.90, , , , 
2022-07-15 12:35:00,19.95, , , , 
2022-07-15 12:36:00,19.97, , , , 
2022-07-15 12:37:00,19.98, , , , 
2022-07-15 12:38:00,19.99, , , , 
2022-07-15 12:39:00,20.02, , , , 
2022-07-15 12:40:00,20.07, , , , 
2022-07-15 12:41:00,20.07, , , , 
2022-07-15 12:42:00,20.10, , , , 
2022-07-15 12:43:00,20.13, , , , 
2022-07-15 12:44:00,20.14, , , , 
2022-07-15 12:45:00,20.19, , , , 
2022-07-15 12:46:00,20.20, , , , 
2022-07-15 12:47:00,20.26, , , , 
2022-07-15 12:48:00,20.26, , , , 
2022-07-15 12:49:00,20.27, , , , 
2022-07-15 12:50:00,20.26, , , , 
2022-07-15 12:51:00,20.28, , , , 
2022-07-15 12:52:00,20.29, , , , 
2022-07-15 12:53:00,20.29, , , , 
2022-07-15 12:54:00,20.31, , , , 
2022-07-15 12:55:00,20.31, , , , 
2022-07-15 12:56:00,20.33, , , , 
2022-07-15 12:57:00,20.35, , , , 
2022-07-15 12:58:00,20.34, , , , 
2022-07-15 12:59:00,20.36, , , , 
2022-07-15 13:00:00,20.40, , , , 
2022-07-15 13:01:00,20.43, , , , 
2022-07-15 13:02:00,20.45, , , , 
2022-07-15 13:03:00,20.47, , , , 
2022-07-15 13:04:00,20.50, , , , 
2022-07-15 13:05:00,20.51, , , , 
2022-07-15 13:06:00,20.54, , , , 
2022-07-15 13:07:00,20.54, , , , 
2022-07-15 13:08:00,20.58, , , , 
2022-07-15 13:09:00,20.61, , , , 
2022-07-15 13:10:00,20.61, , , , 
2022-07-15 13:11:00,20.61, , , , 
2022-07-15 13:12:00,20.63, , , , 
2022-07-15 13:13:00,20.64, , , , 
2022-07-15 13:14:00,20.63, , , , 
2022-07-15 13:15:00,20.63, , , , 
2022-07-15 13:16:00,20.66, , , , 
2022-07-15 13:17:00,20.65, , , , 
2022-07-15 13:18:00,20.64, , , , 
2022-07-15 13:19:00,20.68, , , , 
2022-07-15 13:20:00,20.71, , , , 
2022-07-15 13:21:00,20.73, , , , 
2022-07-15 13:22:00,20.74, , , , 
2022-07-15 13:23:00,20.75, , , , 
2022-07-15 13:24:00,20.75, , , , 
2022-07-15 13:25:00,20.79, , , , 
2022-07-15 13:26:00,20.81, , , , 
2022-07-15 13:27:00,20.83, , , , 
2022-07-15 13:28:00,20.85, , , , 
2022-07-15 13:29:00,20.89, , , , 
2022-07-15 13:30:00,20.92, , , , 
2022-07-15 13:31:00,20.92, , , , 
2022-07-15 13:32:00,20.93, , , , 
2022-07-15 13:33:00,20.92, , , , 
2022-07-15 13:34:00,20.91, , , , 
2022-07-15 13:35:00,20.92, , , , 
2022-07-15 13:36:00,20.92, , , , 
2022-07-15 13:37:00,20.93, , , , 
2022-07-15 13:38:00,20.92, , , , 
2022-07-15 13:39:00,20.95, , , , 
2022-07-15 13:40:00,20.94, , , , 
2022-07-15 13:41:00,20.94, , , , 
2022-07-15 13:42:00,20.98, , , , 
2022-07-15 13:43:00,20.98, , , , 
2022-07-15 13:44:00,20.99, , , , 
2022-07-15 13:45:00,21.01, , , , 
2022-07-15 13:46:00,21.05, , , , 
2022-07-15 13:47:00,21.04, , , , 
2022-07-15 13:48:00,21.07, , , , 
2022-07-15 13:49:00,21.10, , , , 
2022-07-15 13:50:00,21.11, , , , 
2022-07-15 13:51:00,21.13, , , , 
2022-07-15 13:52:00,21.16, , , , 
2022-07-15 13:53:00,21.17, , , , 
2022-07-15 13:54:00,21.19, , , , 
2022-07-15 13:55:00,21.19, , , , 
2022-07-15 13:56:00,21.17, , , , 
2022-07-15 13:57:00,21.17, , , , 
2022-07-15 13:58:00,21.19, , , , 
2022-07-15 13:59:00,21.17, , , , 
2022-07-15 14:00:00,21.18, , , , 
2022-07-15 14:01:00,21.19, , , , 
2022-07-15 14:02:00,21.20, , , , 
2022-07-15 14:03:00,21.20, , , , 
2022-07-15 14:04:00,21.23, , , , 
2022-07-15 14:05:00,21.23, , , , 
2022-07-15 14:06:00,21.25, , , , 
2022-07-15 14:07:00,21.27, , , , 
2022-07-15 14:08:00,21.29, , , , 
2022-07-15 14:09:00,21.30, , , , 
2022-07-15 14:10:00,21.30, , , , 
2022-07-15 14:11:00,21.30, , , , 
2022-07-15 14:12:00,21.36, , , , 
2022-07-15 14:13:00,21.37, , , , 
2022-07-15 14:14:00,21.37, , , , 
2022-07-15 14:15:00,21.38, , , , 
2022-07-15 14:16:00,21.40, , , , 
2022-07-15 14:17:00,21.39, , , , 
2022-07-15 14:18:00,21.38, , , , 
2022-07-15 14:19:00,21.36, , , , 
2022-07-15 14:20:00,21.37, , , , 
2022-07-15 14:21:00,21.36, , , , 
2022-07-15 14:22:00,21.37, , , , 
2022-07-15 14:23:00,21.39, , , , 
2022-07-15 14:24:00,21.38, , , , 
2022-07-15 14:25:00,21.42, , , , 
2022-07-15 14:26:00,21.43, , , , 
2022-07-15 14:27:00,21.45, , , , 
2022-07-15 14:28:00,21.45, , , , 
2022-07-15 14:29:00,21.47, , , , 
2022-07-15 14:30:00,21.48, , , , 
2022-07-15 14:31:00,21.48, , , , 
2022-07-15 14:32:00,21.50, , , , 
2022-07-15 14:33:00,21.51, , , , 
2022-07-15 14:34:00,21.52, , , , 
2022-07-15 14:35:00,21.57, , , , 
2022-07-15 14:36:00,21.55, , , , 
2022-07-15 14:37:00,21.59, , , , 
2022-07-15 14:38:00,21.60, , , , 
2022-07-15 14:39:00,21.58, , , , 
2022-07-15 14:40:00,21.57, , , , 
2022-07-15 14:41:00,21.57, , , , 
2022-07-15 14:42:00,21.57, , , , 
2022-07-15 14:43:00,21.57, , , , 
2022-07-15 14:44:00,21.55, , , , 
2022-07-15 14:45:00,21.57, , , , 
2022-07-15 14:46:00,21.58, , , , 
2022-07-15 14:47:00,21.58, , , , 
2022-07-15 14:48:00,21.59, , , , 
2022-07-15 14:49:00,21.60, , , , 
2022-07-15 14:50:00,21.62, , , , 
2022-07-15 14:51:00,21.61, , , , 
2022-07-15 14:52:00,21.64, , , , 
2022-07-15 14:53:00,21.64, , , , 
2022-07-15 14:54:00,21.66, , , , 
2022-07-15 14:55:00,21.67, , , , 
2022-07-15 14:56:00,21.68, , , , 
2022-07-15 14:57:00,21.73, , , , 
2022-07-15 14:58:00,21.73, , , , 
2022-07-15 14:59:00,21.72, , , , 
2022-07-15 15:00:00,21.74, , , , 
2022-07-15 15:01:00,21.74, , , , 
2022-07-15 15:02:00,21.69, , , , 
2022-07-15 15:03:00,21.73, , , , 
2022-07-15 15:04:00,21.70, , , , 
2022-07-15 15:05:00,21.72, , , , 
2022-07-15 15:06:00,21.72, , , , 
2022-07-15 15:07:00,21.69, , , , 
2022-07-15 15:08:00,21.73, , , , 
2022-07-15 15:09:00,21.73, , , , 
2022-07-15 15:10:00,21.75, , , , 
2022-07-15 15:11:00,21.76, , , , 
2022-07-15 15:12:00,21.77, , , , 
2022-07-15 15:13:00,21.78, , , , 
2022-07-15 15:14:00,21.79, , , , 
2022-07-15 15:15:00,21.78, , , , 
2022-07-15 15:16:00,21.81, , , , 
2022-07-15 15:17:00,21.82, , , , 
2022-07-15 15:18:00,21.84, , , , 
2022-07-15 15:19:00,21.85, , , , 
2022-07-15 15:20:00,21.88, , , , 
2022-07-15 15:21:00,21.89, , , , 
2022-07-15 15:22:00,21.90, , , , 
2022-07-15 15:23:00,21.88, , , , 
2022-07-15 15:24:00,21.89, , , , 
2022-07-15 15:25:00,21.87, , , , 
2022-07-15 15:26:00,21.89, , , , 
2022-07-15 15:27:00,21.84, , , , 
2022-07-15 15:28:00,21.87, , , , 
2022-07-15 15:29:00,21.84, , , , 
2022-07-15 15:30:00,21.88, , , , 
2022-07-15 15:31:00,21.87, , , , 
2022-07-15 15:32:00,21.87, , , , 
2022-07-15 15:33:00,21.89, , , , 
2022-07-15 15:34:00,21.88, , , , 
2022-07-15 15:35:00,21.90, , , , 
2022-07-15 15:36:00,21.90, , , , 
2022-07-15 15:37:00,21.92, , , , 
2022-07-15 15:38:00,21.93, , , , 
2022-07-15 15:39:00,21.96, , , , 
2022-07-15 15:40:00,21.95, , , , 
2022-07-15 15:41:00,21.97, , , , 
2022-07-15 15:42:00,21.96, , , , 
2022-07-15 15:43:00,21.98, , , , 
2022-07-15 15:44:00,21.97, , , , 
2022-07-15 15:45:00,21.98, , , , 
2022-07-15 15:46:00,21.96, , , , 
2022-07-15 15:47:00,21.96, , , , 
2022-07-15 15:48:00,21.95, , , , 
2022-07-15 15:49:00,21.95, , , , 
2022-07-15 15:50:00,21.96, , , , 
2022-07-15 15:51:00,21.95, , , , 
2022-07-15 15:52:00,21.96, , , , 
2022-07-15 15:53:00,21.95, , , , 
2022-07-15 15:54:00,21.96, , , , 
2022-07-15 15:55:00,21.97, , , , 
2022-07-15 15:56:00,21.97, , , , 
2022-07-15 15:57:00,21.99, , , , 
2022-07-15 15:58:00,22.01, , , , 
2022-07-15 15:59:00,22.03, , , , 
2022-07-15 16:00:00,22.01, , , , 
2022-07-15 16:01:00,22.03, , , , 
2022-07-15 16:02:00,22.04, , , , 
2022-07-15 16:03:00,22.04, , , , 
2022-07-15 16:04:00,22.06, , , , 
2022-07-15 16:05:00,22.07, , , , 
2022-07-15 16:06:00,22.09, , , , 
2022-07-15 16:07:00,22.04, , , , 
2022-07-15 16:08:00,22.04, , , , 
2022-07-15 16:09:00,22.02, , , , 
2022-07-15 16:10:00,22.03, , , , 
2022-07-15 16:11:00,22.01, , , , 
2022-07-15 16:12:00,22.03, , , , 
2022-07-15 16:13:00,22.02, , , , 
2022-07-15 16:14:00,22.04, , , , 
2022-07-15 16:15:00,22.02, , , , 
2022-07-15 16:16:00,22.03, , , , 
2022-07-15 16:17:00,22.05, , , , 
2022-07-15 16:18:00,22.06, , , , 
2022-07-15 16:19:00,22.06, , , , 
2022-07-15 16:20:00,22.07, , , , 
2022-07-15 16:21:00,22.07, , , , 
2022-07-15 16:22:00,22.09, , , , 
2022-07-15 16:23:00,22.12, , , , 
2022-07-15 16:24:00,22.12, , , , 
2022-07-15 16:25:00,22.10, , , , 
2022-07-15 16:26:00,22.13, , , , 
2022-07-15 16:27:00,22.13, , , , 
2022-07-15 16:28:00,22.13, , , , 
2022-07-15 16:29:00,22.13, , , , 
2022-07-15 16:30:00,22.10, , , , 
2022-07-15 16:31:00,22.10, , , , 
2022-07-15 16:32:00,22.08, , , , 
2022-07-15 16:33:00,22.09, , , , 
2022-07-15 16:34:00,22.09, , , , 
2022-07-15 16:35:00,22.06, , , , 
2022-07-15 16:36:00,22.07, , , , 
2022-07-15 16:37:00,22.08, , , , 
2022-07-15 16:38:00,22.09, , , , 
2022-07-15 16:39:00,22.10, , , , 
2022-07-15 16:40:00,22.09, , , , 
2022-07-15 16:41:00,22.09, , , , 
2022-07-15 16:42:00,22.11, , , , 
2022-07-15 16:43:00,22.13, , , , 
2022-07-15 16:44:00,22.14, , , , 
2022-07-15 16:45:00,22.14, , , , 
2022-07-15 16:46:00,22.14, , , , 
2022-07-15 16:47:00,22.16, , , , 
2022-07-15 16:48:00,22.17, , , , 
2022-07-15 16:49:00,22.17, , , , 
2022-07-15 16:50:00,22.18, , , , 
2022-07-15 16:51:00,22.16, , , , 
2022-07-15 16:52:00,22.16, , , , 
2022-07-15 16:53:00,22.12, , , , 
2022-07-15 16:54:00,22.10, , , , 
2022-07-15 16:55:00,22.09, , , , 
2022-07-15 16:56:00,22.10, , , , 
2022-07-15 16:57:00,22.10, , , , 
2022-07-15 16:58:00,22.12, , , , 
2022-07-15 16:59:00,22.11, , , , 
2022-07-15 17:00:00,22.11, , , , 
2022-07-15 17:01:00,22.10, , , , 
2022-07-15 17:02:00,22.11, , , , 
2022-07-15 17:03:00,22.14, , , , 
2022-07-15 17:04:00,22.16, , , , 
2022-07-15 17:05:00,22.14, , , , 
2022-07-15 17:06:00,22.13, , , , 
2022-07-15 17:07:00,22.16, , , , 
2022-07-15 17:08:00,22.17, , , , 
2022-07-15 17:09:00,22.20, , , , 
2022-07-15 17:10:00,22.18, , , , 
2022-07-15 17:11:00,22.21, , , , 
2022-07-15 17:12:00,22.20, , , , 
2022-07-15 17:13:00,22.19, , , , 
2022-07-15 17:14:00,22.16, , , , 
2022-07-15 17:15:00,22.13, , , , 
2022-07-15 17:16:00,22.13, , , , 
2022-07-15 17:17:00,22.12, , , , 
2022-07-15 17:18:00,22.12, , , , 
2022-07-15 17:19:00,22.11, , , , 
2022-07-15 17:20:00,22.11, , , , 
2022-07-15 17:21:00,22.10, , , , 
2022-07-15 17:22:00,22.12, , , , 
2022-07-15 17:23:00,22.13, , , , 
2022-07-15 17:24:00,22.13, , , , 
2022-07-15 17:25:00,22.13, , , , 
2022-07-15 17:26:00,22.13, , , , 
2022-07-15 17:27:00,22.14, , , , 
2022-07-15 17:28:00,22.18, , , , 
2022-07-15 17:29:00,22.18, , , , 
2022-07-15 17:30:00,22.18, , , , 
2022-07-15 17:31:00,22.19, , , , 
2022-07-15 17:32:00,22.19, , , , 
2022-07-15 17:33:00,22.20, , , , 
2022-07-15 17:34:00,22.19, , , , 
2022-07-15 17:35:00,22.19, , , , 
2022-07-15 17:36:00,22.18, , , , 
2022-07-15 17:37:00,22.14, , , , 
2022-07-15 17:38:00,22.14, , , , 
2022-07-15 17:39:00,22.14, , , , 
2022-07-15 17:40:00,22.13, , , , 
2022-07-15 17:41:00,22.13, , , , 
2022-07-15 17:42:00,22.13, , , , 
2022-07-15 17:43:00,22.13, , , , 
2022-07-15 17:44:00,22.16, , , , 
2022-07-15 17:45:00,22.16, , , , 
2022-07-15 17:46:00,22.17, , , , 
2022-07-15 17:47:00,22.17, , , , 
2022-07-15 17:48:00,22.16, , , , 
2022-07-15 17:49:00,22.18, , , , 
2022-07-15 17:50:00,22.18, , , , 
2022-07-15 17:51:00,22.20, , , , 
2022-07-15 17:52:00,22.21, , , , 
2022-07-15 17:53:00,22.20, , , , 
2022-07-15 17:54:00,22.20, , , , 
2022-07-15 17:55:00,22.21, , , , 
2022-07-15 17:56:00,22.22, , , , 
2022-07-15 17:57:00,22.19, , , , 
2022-07-15 17:58:00,22.19, , , , 
2022-07-15 17:59:00,22.16, , , , 
2022-07-15 18:00:00,22.14, , , , 
2022-07-15 18:01:00,22.14, , , , 
2022-07-15 18:02:00,22.16, , , , 
2022-07-15 18:03:00,22.12, , , , 
2022-07-15 18:04:00,22.09, , , , 
2022-07-15 18:05:00,22.05, , , , 
2022-07-15 18:06:00,22.04, , , , 
2022-07-15 18:07:00,21.96, , , , 
2022-07-15 18:08:00,21.95, , , , 
2022-07-15 18:09:00,21.89, , , , 
2022-07-15 18:10:00,21.84, , , , 
2022-07-15 18:11:00,21.79, , , , 
2022-07-15 18:12:00,21.73, , , , 
2022-07-15 18:13:00,21.67, , , , 
2022-07-15 18:14:00,21.62, , , , 
2022-07-15 18:15:00,21.57, , , , 
2022-07-15 18:16:00,21.52, , , , 
2022-07-15 18:17:00,21.46, , , , 
2022-07-15 18:18:00,21.39, , , , 
2022-07-15 18:19:00,21.32, , , , 
2022-07-15 18:20:00,21.25, , , , 
2022-07-15 18:21:00,21.18, , , , 
2022-07-15 18:22:00,21.10, , , , 
2022-07-15 18:23:00,21.05, , , , 
2022-07-15 18:24:00,21.01, , , , 
2022-07-15 18:25:00,20.94, , , , 
2022-07-15 18:26:00,20.89, , , , 
2022-07-15 18:27:00,20.85, , , , 
2022-07-15 18:28:00,20.81, , , , 
2022-07-15 18:29:00,20.77, , , , 
2022-07-15 18:30:00,20.74, , , , 
2022-07-15 18:31:00,20.69, , , , 
2022-07-15 18:32:00,20.64, , , , 
2022-07-15 18:33:00,20.61, , , , 
2022-07-15 18:34:00,20.58, , , , 
2022-07-15 18:35:00,20.53, , , , 
2022-07-15 18:36:00,20.48, , , , 
2022-07-15 18:37:00,20.47, , , , 
2022-07-15 18:38:00,20.42, , , , 
2022-07-15 18:39:00,20.40, , , , 
2022-07-15 18:40:00,20.33, , , , 
2022-07-15 18:41:00,20.28, , , , 
2022-07-15 18:42:00,20.21, , , , 
2022-07-15 18:43:00,20.16, , , , 
2022-07-15 18:44:00,20.13, , , , 
2022-07-15 18:45:00,20.06, , , , 
2022-07-15 18:46:00,20.05, , , , 
2022-07-15 18:47:00,20.00, , , , 
2022-07-15 18:48:00,19.98, , , , 
2022-07-15 18:49:00,19.95, , , , 
2022-07-15 18:50:00,19.90, , , , 
2022-07-15 18:51:00,19.89, , , , 
2022-07-15 18:52:00,19.86, , , , 
2022-07-15 18:53:00,19.81, , , , 
2022-07-15 18:54:00,19.77, , , , 
2022-07-15 18:55:00,19.74, , , , 
2022-07-15 18:56:00,19.71, , , , 
2022-07-15 18:57:00,19.70, , , , 
2022-07-15 18:58:00,19.67, , , , 
2022-07-15 18:59:00,19.66, , , , 
2022-07-15 19:00:00,19.63, , , , 
2022-07-15 19:01:00,19.61, , , , 
2022-07-15 19:02:00,19.57, , , , 
2022-07-15 19:03:00,19.52, , , , 
2022-07-15 19:04:00,19.47, , , , 
2022-07-15 19:05:00,19.45, , , , 
2022-07-15 19:06:00,19.40, , , , 
2022-07-15 19:07:00,19.39, , , , 
2022-07-15 19:08:00,19.37, , , , 
2022-07-15 19:09:00,19.32, , , , 
2022-07-15 19:10:00,19.32, , , , 
2022-07-15 19:11:00,19.29, , , , 
2022-07-15 19:12:00,19.27, , , , 
2022-07-15 19:13:00,19.24, , , , 
2022-07-15 19:14:00,19.23, , , , 
2022-07-15 19:15:00,19.21, , , , 
2022-07-15 19:16:00,19.20, , , , 
2022-07-15 19:17:00,19.15, , , , 
2022-07-15 19:18:00,19.15, , , , 
2022-07-15 19:19:00,19.15, , , , 
2022-07-15 19:20:00,19.12, , , , 
2022-07-15 19:21:00,19.13, , , , 
2022-07-15 19:22:00,19.11, , , , 
2022-07-15 19:23:00,19.09, , , , 
2022-07-15 19:24:00,19.06, , , , 
2022-07-15 19:25:00,19.01, , , , 
2022-07-15 19:26:00,18.97, , , , 
2022-07-15 19:27:00,18.94, , , , 
2022-07-15 19:28:00,18.92, , , , 
2022-07-15 19:29:00,18.89, , , , 
2022-07-15 19:30:00,18.87, , , , 
2022-07-15 19:31:00,18.86, , , , 
2022-07-15 19:32:00,18.86, , , , 
2022-07-15 19:33:00,18.83, , , , 
2022-07-15 19:34:00,18.83, , , , 
2022-07-15 19:35:00,18.79, , , , 
2022-07-15 19:36:00,18.78, , , , 
2022-07-15 19:37:00,18.78, , , , 
2022-07-15 19:38:00,18.76, , , , 
2022-07-15 19:39:00,18.74, , , , 
2022-07-15 19:40:00,18.76, , , , 
2022-07-15 19:41:00,18.72, , , , 
2022-07-15 19:42:00,18.70, , , , 
2022-07-15 19:43:00,18.69, , , , 
2022-07-15 19:44:00,18.72, , , , 
2022-07-15 19:45:00,18.69, , , , 
2022-07-15 19:46:00,18.65, , , , 
2022-07-15 19:47:00,18.62, , , , 
2022-07-15 19:48:00,18.59, , , , 
2022-07-15 19:49:00,18.57, , , , 
2022-07-15 19:50:00,18.53, , , , 
2022-07-15 19:51:00,18.54, , , , 
2022-07-15 19:52:00,18.52, , , , 
2022-07-15 19:53:00,18.51, , , , 
2022-07-15 19:54:00,18.51, , , , 
2022-07-15 19:55:00,18.49, , , , 
2022-07-15 19:56:00,18.46, , , , 
2022-07-15 19:57:00,18.47, , , , 
2022-07-15 19:58:00,18.46, , , , 
2022-07-15 19:59:00,18.44, , , , 
2022-07-15 20:00:00,18.44, , , , 
2022-07-15 20:01:00,18.42, , , , 
2022-07-15 20:02:00,18.42, , , , 
2022-07-15 20:03:00,18.42, , , , 
2022-07-15 20:04:00,18.42, , , , 
2022-07-15 20:05:00,18.39, , , , 
2022-07-15 20:06:00,18.40, , , , 
2022-07-15 20:07:00,18.41, , , , 
2022-07-15 20:08:00,18.38, , , , 
2022-07-15 20:09:00,18.36, , , , 
2022-07-15 20:10:00,18.34, , , , 
2022-07-15 20:11:00,18.29, , , , 
2022-07-15 20:12:00,18.29, , , , 
2022-07-15 20:13:00,18.29, , , , 
2022-07-15 20:14:00,18.26, , , , 
2022-07-15 20:15:00,18.25, , , , 
2022-07-15 20:16:00,18.22, , , , 
2022-07-15 20:17:00,18.25, , , , 
2022-07-15 20:18:00,18.23, , , , 
2022-07-15 20:19:00,18.23, , , , 
2022-07-15 20:20:00,18.22, , , , 
2022-07-15 20:21:00,18.21, , , , 
2022-07-15 20:22:00,18.23, , , , 
2022-07-15 20:23:00,18.21, , , , 
2022-07-15 20:24:00,18.20, , , , 
2022-07-15 20:25:00,18.20, , , , 
2022-07-15 20:26:00,18.19, , , , 
2022-07-15 20:27:00,18.20, , , , 
2022-07-15 20:28:00,18.19, , , , 
2022-07-15 20:29:00,18.18, , , , 
2022-07-15 20:30:00,18.15, , , , 
2022-07-15 20:31:00,18.14, , , , 
2022-07-15 20:32:00,18.11, , , , 
2022-07-15 20:33:00,18.07, , , , 
2022-07-15 20:34:00,18.09, , , , 
2022-07-15 20:35:00,18.07, , , , 
2022-07-15 20:36:00,18.06, , , , 
2022-07-15 20:37:00,18.05, , , , 
2022-07-15 20:38:00,18.03, , , , 
2022-07-15 20:39:00,18.03, , , , 
2022-07-15 20:40:00,18.04, , , , 
2022-07-15 20:41:00,18.06, , , , 
2022-07-15 20:42:00,18.03, , , , 
2022-07-15 20:43:00,18.03, , , , 
2022-07-15 20:44:00,18.02, , , , 
2022-07-15 20:45:00,18.02, , , , 
2022-07-15 20:46:00,18.02, , , , 
2022-07-15 20:47:00,18.02, , , , 
2022-07-15 20:48:00,18.03, , , , 
2022-07-15 20:49:00,18.03, , , , 
2022-07-15 20:50:00,18.02, , , , 
2022-07-15 20:51:00,17.99, , , , 
2022-07-15 20:52:00,17.99, , , , 
2022-07-15 20:53:00,17.97, , , , 
2022-07-15 20:54:00,17.94, , , , 
2022-07-15 20:55:00,17.93, , , , 
2022-07-15 20:56:00,17.91, , , , 
2022-07-15 20:57:00,17.90, , , , 
2022-07-15 20:58:00,17.90, , , , 
2022-07-15 20:59:00,17.90, , , , 
2022-07-15 21:00:00,17.88, , , , 
2022-07-15 21:01:00,17.87, , , , 
2022-07-15 21:02:00,17.90, , , , 
2022-07-15 21:03:00,17.89, , , , 
2022-07-15 21:04:00,17.89, , , , 
2022-07-15 21:05:00,17.90, , , , 
2022-07-15 21:06:00,17.87, , , , 
2022-07-15 21:07:00,17.88, , , , 
2022-07-15 21:08:00,17.89, , , , 
2022-07-15 21:09:00,17.88, , , , 
2022-07-15 21:10:00,17.87, , , , 
2022-07-15 21:11:00,17.88, , , , 
2022-07-15 21:12:00,17.89, , , , 
2022-07-15 21:13:00,17.90, , , , 
2022-07-15 21:14:00,17.83, , , , 
2022-07-15 21:15:00,17.82, , , , 
2022-07-15 21:16:00,17.82, , , , 
2022-07-15 21:17:00,17.81, , , , 
2022-07-15 21:18:00,17.80, , , , 
2022-07-15 21:19:00,17.77, , , , 
2022-07-15 21:20:00,17.77, , , , 
2022-07-15 21:21:00,17.78, , , , 
2022-07-15 21:22:00,17.76, , , , 
2022-07-15 21:23:00,17.76, , , , 
2022-07-15 21:24:00,17.76, , , , 
2022-07-15 21:25:00,17.78, , , , 
2022-07-15 21:26:00,17.78, , , , 
2022-07-15 21:27:00,17.78, , , , 
2022-07-15 21:28:00,17.77, , , , 
2022-07-15 21:29:00,17.79, , , , 
2022-07-15 21:30:00,17.78, , , , 
2022-07-15 21:31:00,17.79, , , , 
2022-07-15 21:32:00,17.79, , , , 
2022-07-15 21:33:00,17.80, , , , 
2022-07-15 21:34:00,17.81, , , , 
2022-07-15 21:35:00,17.77, , , , 
2022-07-15 21:36:00,17.76, , , , 
2022-07-15 21:37:00,17.76, , , , 
2022-07-15 21:38:00,17.74, , , , 
2022-07-15 21:39:00,17.72, , , , 
2022-07-15 21:40:00,17.72, , , , 
2022-07-15 21:41:00,17.70, , , , 
2022-07-15 21:42:00,17.70, , , , 
2022-07-15 21:43:00,17.70, , , , 
2022-07-15 21:44:00,17.69, , , , 
2022-07-15 21:45:00,17.69, , , , 
2022-07-15 21:46:00,17.68, , , , 
2022-07-15 21:47:00,17.69, , , , 
2022-07-15 21:48:00,17.67, , , , 
2022-07-15 21:49:00,17.70, , , , 
2022-07-15 21:50:00,17.72, , , , 
2022-07-15 21:51:00,17.69, , , , 
2022-07-15 21:52:00,17.72, , , , 
2022-07-15 21:53:00,17.70, , , , 
2022-07-15 21:54:00,17.73, , , , 
2022-07-15 21:55:00,17.72, , , , 
2022-07-15 21:56:00,17.74, , , , 
2022-07-15 21:57:00,17.70, , , , 
2022-07-15 21:58:00,17.70, , , , 
2022-07-15 21:59:00,17.68, , , , 
2022-07-15 22:00:00,17.64, , , , 
2022-07-15 22:01:00,17.65, , , , 
2022-07-15 22:02:00,17.63, , , , 
2022-07-15 22:03:00,17.63, , , , 
2022-07-15 22:04:00,17.64, , , , 
2022-07-15 22:05:00,17.63, , , , 
2022-07-15 22:06:00,17.63, , , , 
2022-07-15 22:07:00,17.61, , , , 
2022-07-15 22:08:00,17.60, , , , 
2022-07-15 22:09:00,17.62, , , , 
2022-07-15 22:10:00,17.63, , , , 
2022-07-15 22:11:00,17.63, , , , 
2022-07-15 22:12:00,17.65, , , , 
2022-07-15 22:13:00,17.64, , , , 
2022-07-15 22:14:00,17.63, , , , 
2022-07-15 22:15:00,17.64, , , , 
2022-07-15 22:16:00,17.64, , , , 
2022-07-15 22:17:00,17.63, , , , 
2022-07-15 22:18:00,17.64, , , , 
2022-07-15 22:19:00,17.64, , , , 
2022-07-15 22:20:00,17.60, , , , 
2022-07-15 22:21:00,17.61, , , , 
2022-07-15 22:22:00,17.58, , , , 
2022-07-15 22:23:00,17.55, , , , 
2022-07-15 22:24:00,17.56, , , , 
2022-07-15 22:25:00,17.56, , , , 
2022-07-15 22:26:00,17.55, , , , 
2022-07-15 22:27:00,17.55, , , , 
2022-07-15 22:28:00,17.55, , , , 
2022-07-15 22:29:00,17.56, , , , 
2022-07-15 22:30:00,17.55, , , , 
2022-07-15 22:31:00,17.58, , , , 
2022-07-15 22:32:00,17.55, , , , 
2022-07-15 22:33:00,17.54, , , , 
2022-07-15 22:34:00,17.54, , , , 
2022-07-15 22:35:00,17.55, , , , 
2022-07-15 22:36:00,17.58, , , , 
2022-07-15 22:37:00,17.58, , , , 
2022-07-15 22:38:00,17.58, , , , 
2022-07-15 22:39:00,17.56, , , , 
2022-07-15 22:40:00,17.59, , , , 
2022-07-15 22:41:00,17.56, , , , 
2022-07-15 22:42:00,17.56, , , , 
2022-07-15 22:43:00,17.54, , , , 
2022-07-15 22:44:00,17.53, , , , 
2022-07-15 22:45:00,17.53, , , , 
2022-07-15 22:46:00,17.50, , , , 
2022-07-15 22:47:00,17.51, , , , 
2022-07-15 22:48:00,17.51, , , , 
2022-07-15 22:49:00,17.50, , , , 
2022-07-15 22:50:00,17.50, , , , 
2022-07-15 22:51:00,17.51, , , , 
2022-07-15 22:52:00,17.50, , , , 
2022-07-15 22:53:00,17.50, , , , 
2022-07-15 22:54:00,17.54, , , , 
2022-07-15 22:55:00,17.52, , , , 
2022-07-15 22:56:00,17.54, , , , 
2022-07-15 22:57:00,17.54, , , , 
2022-07-15 22:58:00,17.55, , , , 
2022-07-15 22:59:00,17.54, , , , 
2022-07-15 23:00:00,17.55, , , , 
2022-07-15 23:01:00,17.55, , , , 
2022-07-15 23:02:00,17.54, , , , 
2022-07-15 23:03:00,17.54, , , , 
2022-07-15 23:04:00,17.50, , , , 
2022-07-15 23:05:00,17.49, , , , 
2022-07-15 23:06:00,17.50, , , , 
2022-07-15 23:07:00,17.49, , , , 
2022-07-15 23:08:00,17.48, , , , 
2022-07-15 23:09:00,17.47, , , , 
2022-07-15 23:10:00,17.48, , , , 
2022-07-15 23:11:00,17.47, , , , 
2022-07-15 23:12:00,17.47, , , , 
2022-07-15 23:13:00,17.48, , , , 
2022-07-15 23:14:00,17.46, , , , 
2022-07-15 23:15:00,17.50, , , , 
2022-07-15 23:16:00,17.47, , , , 
2022-07-15 23:17:00,17.47, , , , 
2022-07-15 23:18:00,17.52, , , , 
2022-07-15 23:19:00,17.48, , , , 
2022-07-15 23:20:00,17.50, , , , 
2022-07-15 23:21:00,17.50, , , , 
2022-07-15 23:22:00,17.51, , , , 
2022-07-15 23:23:00,17.51, , , , 
2022-07-15 23:24:00,17.52, , , , 
2022-07-15 23:25:00,17.52, , , , 
2022-07-15 23:26:00,17.51, , , , 
2022-07-15 23:27:00,17.48, , , , 
2022-07-15 23:28:00,17.45, , , , 
2022-07-15 23:29:00,17.44, , , , 
2022-07-15 23:30:00,17.44, , , , 
2022-07-15 23:31:00,17.44, , , , 
2022-07-15 23:32:00,17.45, , , , 
2022-07-15 23:33:00,17.44, , , , 
2022-07-15 23:34:00,17.44, , , , 
2022-07-15 23:35:00,17.46, , , , 
2022-07-15 23:36:00,17.45, , , , 
2022-07-15 23:37:00,17.45, , , , 
2022-07-15 23:38:00,17.45, , , , 
2022-07-15 23:39:00,17.47, , , , 
2022-07-15 23:40:00,17.49, , , , 
2022-07-15 23:41:00,17.49, , , , 
2022-07-15 23:42:00,17.50, , , , 
2022-07-15 23:43:00,17.51, , , , 
2022-07-15 23:44:00,17.51, , , , 
2022-07-15 23:45:00,17.51, , , , 
2022-07-15 23:46:00,17.52, , , , 
2022-07-15 23:47:00,17.51, , , , 
2022-07-15 23:48:00,17.49, , , , 
2022-07-15 23:49:00,17.50, , , , 
2022-07-15 23:50:00,17.46, , , , 
2022-07-15 23:51:00,17.48, , , , 
2022-07-15 23:52:00,17.46, , , , 
2022-07-15 23:53:00,17.44, , , , 
2022-07-15 23:54:00,17.46, , , , 
2022-07-15 23:55:00,17.45, , , , 
2022-07-15 23:56:00,17.46, , , , 
2022-07-15 23:57:00,17.43, , , , 
2022-07-15 23:58:00,17.44, , , , 
2022-07-15 23:59:00,17.47, , , , 
2022-07-16 00:00:00,17.46, , , , 
2022-07-16 00:01:00,17.46, , , , 
2022-07-16 00:02:00,17.48, , , , 
2022-07-16 00:03:00,17.47, , , , 
2022-07-16 00:04:00,17.50, , , , 
2022-07-16 00:05:00,17.53, , , , 
2022-07-16 00:06:00,17.56, , , , 
2022-07-16 00:07:00,17.59, , , , 
2022-07-16 00:08:00,17.61, , , , 
2022-07-16 00:09:00,17.64, , , , 
2022-07-16 00:10:00,17.65, , , , 
2022-07-16 00:11:00,17.66, , , , 
2022-07-16 00:12:00,17.67, , , , 
2022-07-16 00:13:00,17.68, , , , 
2022-07-16 00:14:00,17.75, , , , 
2022-07-16 00:15:00,17.77, , , , 
2022-07-16 00:16:00,17.79, , , , 
2022-07-16 00:17:00,17.84, , , , 
2022-07-16 00:18:00,17.88, , , , 
2022-07-16 00:19:00,17.91, , , , 
2022-07-16 00:20:00,17.94, , , , 
2022-07-16 00:21:00,17.97, , , , 
2022-07-16 00:22:00,18.02, , , , 
2022-07-16 00:23:00,18.05, , , , 
2022-07-16 00:24:00,18.10, , , , 
2022-07-16 00:25:00,18.15, , , , 
2022-07-16 00:26:00,18.17, , , , 
2022-07-16 00:27:00,18.21, , , , 
2022-07-16 00:28:00,18.24, , , , 
2022-07-16 00:29:00,18.27, , , , 
2022-07-16 00:30:00,18.30, , , , 
2022-07-16 00:31:00,18.34, , , , 
2022-07-16 00:32:00,18.34, , , , 
2022-07-16 00:33:00,18.35, , , , 
2022-07-16 00:34:00,18.38, , , , 
2022-07-16 00:35:00,18.38, , , , 
2022-07-16 00:36:00,18.41, , , , 
2022-07-16 00:37:00,18.43, , , , 
2022-07-16 00:38:00,18.46, , , , 
2022-07-16 00:39:00,18.48, , , , 
2022-07-16 00:40:00,18.51, , , , 
2022-07-16 00:41:00,18.54, , , , 
2022-07-16 00:42:00,18.57, , , , 
2022-07-16 00:43:00,18.62, , , , 
2022-07-16 00:44:00,18.65, , , , 
2022-07-16 00:45:00,18.67, , , , 
2022-07-16 00:46:00,18.71, , , , 
2022-07-16 00:47:00,18.74, , , , 
2022-07-16 00:48:00,18.80, , , , 
2022-07-16 00:49:00,18.82, , , , 
2022-07-16 00:50:00,18.84, , , , 
2022-07-16 00:51:00,18.86, , , , 
2022-07-16 00:52:00,18.89, , , , 
2022-07-16 00:53:00,18.91, , , , 
2022-07-16 00:54:00,18.92, , , , 
2022-07-16 00:55:00,18.91, , , , 
2022-07-16 00:56:00,18.96, , , , 
2022-07-16 00:57:00,18.96, , , , 
2022-07-16 00:58:00,18.97, , , , 
2022-07-16 00:59:00,19.00, , , , 
2022-07-16 01:00:00,19.01, , , , 
2022-07-16 01:01:00,19.06, , , , 
2022-07-16 01:02:00,19.08, , , , 
2022-07-16 01:03:00,19.10, , , , 
2022-07-16 01:04:00,19.11, , , , 
2022-07-16 01:05:00,19.15, , , , 
2022-07-16 01:06:00,19.18, , , , 
2022-07-16 01:07:00,19.21, , , , 
2022-07-16 01:08:00,19.24, , , , 
2022-07-16 01:09:00,19.28, , , , 
2022-07-16 01:10:00,19.30, , , , 
2022-07-16 01:11:00,19.33, , , , 
2022-07-16 01:12:00,19.37, , , , 
2022-07-16 01:13:00,19.39, , , , 
2022-07-16 01:14:00,19.40, , , , 
2022-07-16 01:15:00,19.42, , , , 
2022-07-16 01:16:00,19.42, , , , 
2022-07-16 01:17:00,19.43, , , , 
2022-07-16 01:18:00,19.45, , , , 
2022-07-16 01:19:00,19.43, , , , 
2022-07-16 01:20:00,19.46, , , , 
2022-07-16 01:21:00,19.48, , , , 
2022-07-16 01:22:00,19.51, , , , 
2022-07-16 01:23:00,19.55, , , , 
2022-07-16 01:24:00,19.56, , , , 
2022-07-16 01:25:00,19.58, , , , 
2022-07-16 01:26:00,19.60, , , , 
2022-07-16 01:27:00,19.62, , , , 
2022-07-16 01:28:00,19.66, , , , 
2022-07-16 01:29:00,19.67, , , , 
2022-07-16 01:30:00,19.71, , , , 
2022-07-16 01:31:00,19.72, , , , 
2022-07-16 01:32:00,19.73, , , , 
2022-07-16 01:33:00,19.76, , , , 
2022-07-16 01:34:00,19.80, , , , 
2022-07-16 01:35:00,19.83, , , , 
2022-07-16 01:36:00,19.84, , , , 
2022-07-16 01:37:00,19.83, , , , 
2022-07-16 01:38:00,19.84, , , , 
2022-07-16 01:39:00,19.84, , , , 
2022-07-16 01:40:00,19.83, , , , 
2022-07-16 01:41:00,19.85, , , , 
2022-07-16 01:42:00,19.87, , , , 
2022-07-16 01:43:00,19.88, , , , 
2022-07-16 01:44:00,19.88, , , , 
2022-07-16 01:45:00,19.91, , , , 
2022-07-16 01:46:00,19.92, , , , 
2022-07-16 01:47:00,19.97, , , , 
2022-07-16 01:48:00,19.99, , , , 
2022-07-16 01:49:00,20.01, , , , 
2022-07-16 01:50:00,20.01, , , , 
2022-07-16 01:51:00,20.04, , , , 
2022-07-16 01:52:00,20.07, , , , 
2022-07-16 01:53:00,20.11, , , , 
2022-07-16 01:54:00,20.11, , , , 
2022-07-16 01:55:00,20.14, , , , 
2022-07-16 01:56:00,20.17, , , , 
2022-07-16 01:57:00,20.18, , , , 
2022-07-16 01:58:00,20.17, , , , 
2022-07-16 01:59:00,20.19, , , , 
2022-07-16 02:00:00,20.18, , , , 
2022-07-16 02:01:00,20.19, , , , 
2022-07-16 02:02:00,20.19, , , , 
2022-07-16 02:03:00,20.20, , , , 
2022-07-16 02:04:00,20.21, , , , 
2022-07-16 02:05:00,20.24, , , , 
2022-07-16 02:06:00,20.25, , , , 
2022-07-16 02:07:00,20.29, , , , 
2022-07-16 02:08:00,20.30, , , , 
2022-07-16 02:09:00,20.31, , , , 
2022-07-16 02:10:00,20.35, , , , 
2022-07-16 02:11:00,20.35, , , , 
2022-07-16 02:12:00,20.37, , , , 
2022-07-16 02:13:00,20.41, , , , 
2022-07-16 02:14:00,20.44, , , , 
2022-07-16 02:15:00,20.44, , , , 
2022-07-16 02:16:00,20.45, , , , 
2022-07-16 02:17:00,20.47, , , , 
2022-07-16 02:18:00,20.51, , , , 
2022-07-16 02:19:00,20.53, , , , 
2022-07-16 02:20:00,20.50, , , , 
2022-07-16 02:21:00,20.51, , , , 
2022-07-16 02:22:00,20.53, , , , 
2022-07-16 02:23:00,20.51, , , , 
2022-07-16 02:24:00,20.51, , , , 
2022-07-16 02:25:00,20.51, , , , 
2022-07-16 02:26:00,20.51, , , , 
2022-07-16 02:27:00,20.54, , , , 
2022-07-16 02:28:00,20.53, , , , 
2022-07-16 02:29:00,20.57, , , , 
2022-07-16 02:30:00,20.58, , , , 
2022-07-16 02:31:00,20.60, , , , 
2022-07-16 02:32:00,20.62, , , , 
2022-07-16 02:33:00,20.64, , , , 
2022-07-16 02:34:00,20.65, , , , 
2022-07-16 02:35:00,20.66, , , , 
2022-07-16 02:36:00,20.69, , , , 
2022-07-16 02:37:00,20.72, , , , 
2022-07-16 02:38:00,20.75, , , , 
2022-07-16 02:39:00,20.75, , , , 
2022-07-16 02:40:00,20.75, , , , 
2022-07-16 02:41:00,20.77, , , , 
2022-07-16 02:42:00,20.77, , , , 
2022-07-16 02:43:00,20.79, , , , 
2022-07-16 02:44:00,20.77, , , , 
2022-07-16 02:45:00,20.78, , , , 
2022-07-16 02:46:00,20.75, , , , 
2022-07-16 02:47:00,20.77, , , , 
2022-07-16 02:48:00,20.77, , , , 
2022-07-16 02:49:00,20.79, , , , 
2022-07-16 02:50:00,20.80, , , , 
2022-07-16 02:51:00,20.83, , , , 
2022-07-16 02:52:00,20.84, , , , 
2022-07-16 02:53:00,20.84, , , , 
2022-07-16 02:54:00,20.86, , , , 
2022-07-16 02:55:00,20.87, , , , 
2022-07-16 02:56:00,20.90, , , , 
2022-07-16 02:57:00,20.92, , , , 
2022-07-16 02:58:00,20.91, , , , 
2022-07-16 02:59:00,20.91, , , , 
2022-07-16 03:00:00,20.95, , , , 
2022-07-16 03:01:00,20.98, , , , 
2022-07-16 03:02:00,21.00, , , , 
2022-07-16 03:03:00,20.99, , , , 
2022-07-16 03:04:00,21.01, , , , 
2022-07-16 03:05:00,21.00, , , , 
2022-07-16 03:06:00,20.98, , , , 
2022-07-16 03:07:00,21.00, , , , 
2022-07-16 03:08:00,20.99, , , , 
2022-07-16 03:09:00,20.98, , , , 
2022-07-16 03:10:00,20.98, , , , 
2022-07-16 03:11:00,21.01, , , , 
2022-07-16 03:12:00,21.01, , , , 
2022-07-16 03:13:00,21.01, , , , 
2022-07-16 03:14:00,21.03, , , , 
2022-07-16 03:15:00,21.06, , , , 
2022-07-16 03:16:00,21.07, , , , 
2022-07-16 03:17:00,21.06, , , , 
2022-07-16 03:18:00,21.09, , , , 
2022-07-16 03:19:00,21.10, , , , 
2022-07-16 03:20:00,21.14, , , , 
2022-07-16 03:21:00,21.15, , , , 
2022-07-16 03:22:00,21.16, , , , 
2022-07-16 03:23:00,21.17, , , , 
2022-07-16 03:24:00,21.17, , , , 
2022-07-16 03:25:00,21.19, , , , 
2022-07-16 03:26:00,21.18, , , , 
2022-07-16 03:27:00,21.17, , , , 
2022-07-16 03:28:00,21.18, , , , 
2022-07-16 03:29:00,21.17, , , , 
2022-07-16 03:30:00,21.13, , , , 
2022-07-16 03:31:00,21.16, , , , 
2022-07-16 03:32:00,21.15, , , , 
2022-07-16 03:33:00,21.17, , , , 
2022-07-16 03:34:00,21.18, , , , 
2022-07-16 03:35:00,21.17, , , , 
2022-07-16 03:36:00,21.20, , , , 
2022-07-16 03:37:00,21.22, , , , 
2022-07-16 03:38:00,21.22, , , , 
2022-07-16 03:39:00,21.21, , , , 
2022-07-16 03:40:00,21.23, , , , 
2022-07-16 03:41:00,21.24, , , , 
2022-07-16 03:42:00,21.27, , , , 
2022-07-16 03:43:00,21.28, , , , 
2022-07-16 03:44:00,21.30, , , , 
2022-07-16 03:45:00,21.31, , , , 
2022-07-16 03:46:00,21.32, , , , 
2022-07-16 03:47:00,21.33, , , , 
2022-07-16 03:48:00,21.34, , , , 
2022-07-16 03:49:00,21.33, , , , 
2022-07-16 03:50:00,21.30, , , , 
2022-07-16 03:51:00,21.29, , , , 
2022-07-16 03:52:00,21.29, , , , 
2022-07-16 03:53:00,21.31, , , , 
2022-07-16 03:54:00,21.29, , , , 
2022-07-16 03:55:00,21.30, , , , 
2022-07-16 03:56:00,21.31, , , , 
2022-07-16 03:57:00,21.31, , , , 
2022-07-16 03:58:00,21.34, , , , 
2022-07-16 03:59:00,21.34, , , , 
2022-07-16 04:00:00,21.33, , , , 
2022-07-16 04:01:00,21.35, , , , 
2022-07-16 04:02:00,21.39, , , , 
2022-07-16 04:03:00,21.37, , , , 
2022-07-16 04:04:00,21.40, , , , 
2022-07-16 04:05:00,21.37, , , , 
2022-07-16 04:06:00,21.40, , , , 
2022-07-16 04:07:00,21.44, , , , 
2022-07-16 04:08:00,21.45, , , , 
2022-07-16 04:09:00,21.45, , , , 
2022-07-16 04:10:00,21.46, , , , 
2022-07-16 04:11:00,21.42, , , , 
2022-07-16 04:12:00,21.42, , , , 
2022-07-16 04:13:00,21.40, , , , 
2022-07-16 04:14:00,21.39, , , , 
2022-07-16 04:15:00,21.40, , , , 
2022-07-16 04:16:00,21.40, , , , 
2022-07-16 04:17:00,21.43, , , , 
2022-07-16 04:18:00,21.42, , , , 
2022-07-16 04:19:00,21.42, , , , 
2022-07-16 04:20:00,21.40, , , , 
2022-07-16 04:21:00,21.43, , , , 
2022-07-16 04:22:00,21.43, , , , 
2022-07-16 04:23:00,21.45, , , , 
2022-07-16 04:24:00,21.45, , , , 
2022-07-16 04:25:00,21.47, , , , 
2022-07-16 04:26:00,21.48, , , , 
2022-07-16 04:27:00,21.48, , , , 
2022-07-16 04:28:00,21.50, , , , 
2022-07-16 04:29:00,21.52, , , , 
2022-07-16 04:30:00,21.53, , , , 
2022-07-16 04:31:00,21.52, , , , 
2022-07-16 04:32:00,21.51, , , , 
2022-07-16 04:33:00,21.51, , , , 
2022-07-16 04:34:00,21.48, , , , 
2022-07-16 04:35:00,21.48, , , , 
2022-07-16 04:36:00,21.47, , , , 
2022-07-16 04:37:00,21.49, , , , 
2022-07-16 04:38:00,21.47, , , , 
2022-07-16 04:39:00,21.48, , , , 
2022-07-16 04:40:00,21.48, , , , 
2022-07-16 04:41:00,21.49, , , , 
2022-07-16 04:42:00,21.51, , , , 
2022-07-16 04:43:00,21.51, , , , 
2022-07-16 04:44:00,21.51, , , , 
2022-07-16 04:45:00,21.51, , , , 
2022-07-16 04:46:00,21.53, , , , 
2022-07-16 04:47:00,21.52, , , , 
2022-07-16 04:48:00,21.54, , , , 
2022-07-16 04:49:00,21.59, , , , 
2022-07-16 04:50:00,21.59, , , , 
2022-07-16 04:51:00,21.58, , , , 
2022-07-16 04:52:00,21.60, , , , 
2022-07-16 04:53:00,21.60, , , , 
2022-07-16 04:54:00,21.60, , , , 
2022-07-16 04:55:00,21.59, , , , 
2022-07-16 04:56:00,21.57, , , , 
2022-07-16 04:57:00,21.54, , , , 
2022-07-16 04:58:00,21.53, , , , 
2022-07-16 04:59:00,21.53, , , , 
2022-07-16 05:00:00,21.53, , , , 
2022-07-16 05:01:00,21.52, , , , 
2022-07-16 05:02:00,21.58, , , , 
2022-07-16 05:03:00,21.57, , , , 
2022-07-16 05:04:00,21.59, , , , 
2022-07-16 05:05:00,21.58, , , , 
2022-07-16 05:06:00,21.60, , , , 
2022-07-16 05:07:00,21.60, , , , 
2022-07-16 05:08:00,21.60, , , , 
2022-07-16 05:09:00,21.62, , , , 
2022-07-16 05:10:00,21.62, , , , 
2022-07-16 05:11:00,21.62, , , , 
2022-07-16 05:12:00,21.63, , , , 
2022-07-16 05:13:00,21.64, , , , 
2022-07-16 05:14:00,21.66, , , , 
2022-07-16 05:15:00,21.66, , , , 
2022-07-16 05:16:00,21.64, , , , 
2022-07-16 05:17:00,21.61, , , , 
2022-07-16 05:18:00,21.61, , , , 
2022-07-16 05:19:00,21.60, , , , 
2022-07-16 05:20:00,21.60, , , , 
2022-07-16 05:21:00,21.61, , , , 
2022-07-16 05:22:00,21.62, , , , 
2022-07-16 05:23:00,21.60, , , , 
2022-07-16 05:24:00,21.61, , , , 
2022-07-16 05:25:00,21.62, , , , 
2022-07-16 05:26:00,21.61, , , , 
2022-07-16 05:27:00,21.62, , , , 
2022-07-16 05:28:00,21.62, , , , 
2022-07-16 05:29:00,21.63, , , , 
2022-07-16 05:30:00,21.63, , , , 
2022-07-16 05:31:00,21.65, , , , 
2022-07-16 05:32:00,21.65, , , , 
2022-07-16 05:33:00,21.65, , , , 
2022-07-16 05:34:00,21.68, , , , 
2022-07-16 05:35:00,21.68, , , , 
2022-07-16 05:36:00,21.68, , , , 
2022-07-16 05:37:00,21.69, , , , 
2022-07-16 05:38:00,21.69, , , , 
2022-07-16 05:39:00,21.64, , , , 
2022-07-16 05:40:00,21.67, , , , 
2022-07-16 05:41:00,21.66, , , , 
2022-07-16 05:42:00,21.67, , , , 
2022-07-16 05:43:00,21.64, , , , 
2022-07-16 05:44:00,21.64, , , , 
2022-07-16 05:45:00,21.64, , , , 
2022-07-16 05:46:00,21.65, , , , 
2022-07-16 05:47:00,21.66, , , , 
2022-07-16 05:48:00,21.67, , , , 
2022-07-16 05:49:00,21.67, , , , 
2022-07-16 05:50:00,21.67, , , , 
2022-07-16 05:51:00,21.69, , , , 
2022-07-16 05:52:00,21.70, , , , 
2022-07-16 05:53:00,21.70, , , , 
2022-07-16 05:54:00,21.73, , , , 
2022-07-16 05:55:00,21.73, , , , 
2022-07-16 05:56:00,21.74, , , , 
2022-07-16 05:57:00,21.75, , , , 
2022-07-16 05:58:00,21.75, , , , 
2022-07-16 05:59:00,21.76, , , , 
2022-07-16 06:00:00,21.75, , , , 
2022-07-16 06:01:00,21.73, , , , 
2022-07-16 06:02:00,21.72, , , , 
2022-07-16 06:03:00,21.68, , , , 
2022-07-16 06:04:00,21.67, , , , 
2022-07-16 06:05:00,21.62, , , , 
2022-07-16 06:06:00,21.60, , , , 
2022-07-16 06:07:00,21.57, , , , 
2022-07-16 06:08:00,21.51, , , , 
2022-07-16 06:09:00,21.47, , , , 
2022-07-16 06:10:00,21.43, , , , 
2022-07-16 06:11:00,21.40, , , , 
2022-07-16 06:12:00,21.35, , , , 
2022-07-16 06:13:00,21.32, , , , 
2022-07-16 06:14:00,21.28, , , , 
2022-07-16 06:15:00,21.21, , , , 
2022-07-16 06:16:00,21.16, , , , 
2022-07-16 06:17:00,21.10, , , , 
2022-07-16 06:18:00,21.06, , , , 
2022-07-16 06:19:00,21.03, , , , 
2022-07-16 06:20:00,21.00, , , , 
2022-07-16 06:21:00,20.94, , , , 
2022-07-16 06:22:00,20.88, , , , 
2022-07-16 06:23:00,20.80, , , , 
2022-07-16 06:24:00,20.75, , , , 
2022-07-16 06:25:00,20.68, , , , 
2022-07-16 06:26:00,20.63, , , , 
2022-07-16 06:27:00,20.58, , , , 
2022-07-16 06:28:00,20.55, , , , 
2022-07-16 06:29:00,20.51, , , , 
2022-07-16 06:30:00,20.46, , , , 
2022-07-16 06:31:00,20.42, , , , 
2022-07-16 06:32:00,20.36, , , , 
2022-07-16 06:33:00,20.37, , , , 
2022-07-16 06:34:00,20.31, , , , 
2022-07-16 06:35:00,20.29, , , , 
2022-07-16 06:36:00,20.26, , , , 
2022-07-16 06:37:00,20.21, , , , 
2022-07-16 06:38:00,20.19, , , , 
2022-07-16 06:39:00,20.15, , , , 
2022-07-16 06:40:00,20.11, , , , 
2022-07-16 06:41:00,20.10, , , , 
2022-07-16 06:42:00,20.05, , , , 
2022-07-16 06:43:00,20.03, , , , 
2022-07-16 06:44:00,19.98, , , , 
2022-07-16 06:45:00,19.92, , , , 
2022-07-16 06:46:00,19.86, , , , 
2022-07-16 06:47:00,19.82, , , , 
2022-07-16 06:48:00,19.79, , , , 
2022-07-16 06:49:00,19.75, , , , 
2022-07-16 06:50:00,19.75, , , , 
2022-07-16 06:51:00,19.71, , , , 
2022-07-16 06:52:00,19.69, , , , 
2022-07-16 06:53:00,19.67, , , , 
2022-07-16 06:54:00,19.62, , , , 
2022-07-16 06:55:00,19.59, , , , 
2022-07-16 06:56:00,19.58, , , , 
2022-07-16 06:57:00,19.53, , , , 
2022-07-16 06:58:00,19.53, , , , 
2022-07-16 06:59:00,19.52, , , , 
2022-07-16 07:00:00,19.48, , , , 
2022-07-16 07:01:00,19.47, , , , 
2022-07-16 07:02:00,19.46, , , , 
2022-07-16 07:03:00,19.42, , , , 
2022-07-16 07:04:00,19.40, , , , 
2022-07-16 07:05:00,19.37, , , , 
2022-07-16 07:06:00,19.32, , , , 
2022-07-16 07:07:00,19.26, , , , 
2022-07-16 07:08:00,19.25, , , , 
2022-07-16 07:09:00,19.21, , , , 
2022-07-16 07:10:00,19.18, , , , 
2022-07-16 07:11:00,19.16, , , , 
2022-07-16 07:12:00,19.14, , , , 
2022-07-16 07:13:00,19.11, , , , 
2022-07-16 07:14:00,19.08, , , , 
2022-07-16 07:15:00,19.09, , , , 
2022-07-16 07:16:00,19.04, , , , 
2022-07-16 07:17:00,19.02, , , , 
2022-07-16 07:18:00,19.01, , , , 
2022-07-16 07:19:00,18.98, , , , 
2022-07-16 07:20:00,18.99, , , , 
2022-07-16 07:21:00,18.96, , , , 
2022-07-16 07:22:00,18.94, , , , 
2022-07-16 07:23:00,18.93, , , , 
2022-07-16 07:24:00,18.91, , , , 
2022-07-16 07:25:00,18.91, , , , 
2022-07-16 07:26:00,18.89, , , , 
2022-07-16 07:27:00,18.86, , , , 
2022-07-16 07:28:00,18.81, , , , 
2022-07-16 07:29:00,18.76, , , , 
2022-07-16 07:30:00,18.76, , , , 
2022-07-16 07:31:00,18.73, , , , 
2022-07-16 07:32:00,18.67, , , , 
2022-07-16 07:33:00,18.68, , , , 
2022-07-16 07:34:00,18.65, , , , 
2022-07-16 07:35:00,18.64, , , , 
2022-07-16 07:36:00,18.65, , , , 
2022-07-16 07:37:00,18.62, , , , 
2022-07-16 07:38:00,18.61, , , , 
2022-07-16 07:39:00,18.61, , , , 
2022-07-16 07:40:00,18.58, , , , 
2022-07-16 07:41:00,18.57, , , , 
2022-07-16 07:42:00,18.56, , , , 
2022-07-16 07:43:00,18.56, , , , 
2022-07-16 07:44:00,18.54, , , , 
2022-07-16 07:45:00,18.54, , , , 
2022-07-16 07:46:00,18.53, , , , 
2022-07-16 07:47:00,18.51, , , , 
2022-07-16 07:48:00,18.51, , , , 
2022-07-16 07:49:00,18.49, , , , 
2022-07-16 07:50:00,18.44, , , , 
2022-07-16 07:51:00,18.40, , , , 
2022-07-16 07:52:00,18.39, , , , 
2022-07-16 07:53:00,18.38, , , , 
2022-07-16 07:54:00,18.35, , , , 
2022-07-16 07:55:00,18.33, , , , 
2022-07-16 07:56:00,18.33, , , , 
2022-07-16 07:57:00,18.33, , , , 
2022-07-16 07:58:00,18.29, , , , 
2022-07-16 07:59:00,18.28, , , , 
2022-07-16 08:00:00,18.28, , , , 
2022-07-16 08:01:00,18.28, , , , 
2022-07-16 08:02:00,18.27, , , , 
2022-07-16 08:03:00,18.26, , , , 
2022-07-16 08:04:00,18.25, , , , 
2022-07-16 08:05:00,18.26, , , , 
2022-07-16 08:06:00,18.23, , , , 
2022-07-16 08:07:00,18.24, , , , 
2022-07-16 08:08:00,18.22, , , , 
2022-07-16 08:09:00,18.22, , , , 
2022-07-16 08:10:00,18.21, , , , 
2022-07-16 08:11:00,18.18, , , , 
2022-07-16 08:12:00,18.18, , , , 
2022-07-16 08:13:00,18.14, , , , 
2022-07-16 08:14:00,18.10, , , , 
2022-07-16 08:15:00,18.09, , , , 
2022-07-16 08:16:00,18.10, , , , 
2022-07-16 08:17:00,18.07, , , , 
2022-07-16 08:18:00,18.07, , , , 
2022-07-16 08:19:00,18.06, , , , 
2022-07-16 08:20:00,18.05, , , , 
2022-07-16 08:21:00,18.04, , , , 
2022-07-16 08:22:00,18.04, , , , 
2022-07-16 08:23:00,18.04, , , , 
2022-07-16 08:24:00,18.04, , , , 
2022-07-16 08:25:00,18.02, , , , 
2022-07-16 08:26:00,18.02, , , , 
2022-07-16 08:27:00,18.00, , , , 
2022-07-16 08:28:00,17.98, , , , 
2022-07-16 08:29:00,18.02, , , , 
2022-07-16 08:30:00,17.99, , , , 
2022-07-16 08:31:00,17.99, , , , 
2022-07-16 08:32:00,18.02, , , , 
2022-07-16 08:33:00,17.98, , , , 
2022-07-16 08:34:00,17.97, , , , 
2022-07-16 08:35:00,17.94, , , , 
2022-07-16 08:36:00,17.91, , , , 
2022-07-16 08:37:00,17.91, , , , 
2022-07-16 08:38:00,17.87, , , , 
2022-07-16 08:39:00,17.85, , , , 
2022-07-16 08:40:00,17.87, , , , 
2022-07-16 08:41:00,17.88, , , , 
2022-07-16 08:42:00,17.87, , , , 
2022-07-16 08:43:00,17.85, , , , 
2022-07-16 08:44:00,17.83, , , , 
2022-07-16 08:45:00,17.84, , , , 
2022-07-16 08:46:00,17.84, , , , 
2022-07-16 08:47:00,17.83, , , , 
2022-07-16 08:48:00,17.83, , , , 
2022-07-16 08:49:00,17.83, , , , 
2022-07-16 08:50:00,17.84, , , , 
2022-07-16 08:51:00,17.83, , , , 
2022-07-16 08:52:00,17.83, , , , 
2022-07-16 08:53:00,17.82, , , , 
2022-07-16 08:54:00,17.82, , , , 
2022-07-16 08:55:00,17.81, , , , 
2022-07-16 08:56:00,17.80, , , , 
2022-07-16 08:57:00,17.78, , , , 
2022-07-16 08:58:00,17.76, , , , 
2022-07-16 08:59:00,17.74, , , , 
2022-07-16 09:00:00,17.73, , , , 
2022-07-16 09:01:00,17.73, , , , 
2022-07-16 09:02:00,17.70, , , , 
2022-07-16 09:03:00,17.73, , , , 
2022-07-16 09:04:00,17.72, , , , 
2022-07-16 09:05:00,17.70, , , , 
2022-07-16 09:06:00,17.70, , , , 
2022-07-16 09:07:00,17.70, , , , 
2022-07-16 09:08:00,17.72, , , , 
2022-07-16 09:09:00,17.75, , , , 
2022-07-16 09:10:00,17.72, , , , 
2022-07-16 09:11:00,17.72, , , , 
2022-07-16 09:12:00,17.73, , , , 
2022-07-16 09:13:00,17.73, , , , 
2022-07-16 09:14:00,17.73, , , , 
2022-07-16 09:15:00,17.74, , , , 
2022-07-16 09:16:00,17.72, , , , 
2022-07-16 09:17:00,17.72, , , , 
2022-07-16 09:18:00,17.69, , , , 
2022-07-16 09:19:00,17.68, , , , 
2022-07-16 09:20:00,17.67, , , , 
2022-07-16 09:21:00,17.65, , , , 
2022-07-16 09:22:00,17.63, , , , 
2022-07-16 09:23:00,17.63, , , , 
2022-07-16 09:24:00,17.63, , , , 
2022-07-16 09:25:00,17.63, , , , 
2022-07-16 09:26:00,17.62, , , , 
2022-07-16 09:27:00,17.63, , , , 
2022-07-16 09:28:00,17.63, , , , 
2022-07-16 09:29:00,17.63, , , , 
2022-07-16 09:30:00,17.63, , , , 
2022-07-16 09:31:00,17.62, , , , 
2022-07-16 09:32:00,17.64, , , , 
2022-07-16 09:33:00,17.63, , , , 
2022-07-16 09:34:00,17.66, , , , 
2022-07-16 09:35:00,17.66, , , , 
2022-07-16 09:36:00,17.64, , , , 
2022-07-16 09:37:00,17.65, , , , 
2022-07-16 09:38:00,17.65, , , , 
2022-07-16 09:39:00,17.64, , , , 
2022-07-16 09:40:00,17.60, , , , 
2022-07-16 09:41:00,17.60, , , , 
2022-07-16 09:42:00,17.59, , , , 
2022-07-16 09:43:00,17.56, , , , 
2022-07-16 09:44:00,17.55, , , , 
2022-07-16 09:45:00,17.54, , , , 
2022-07-16 09:46:00,17.56, , , , 
2022-07-16 09:47:00,17.54, , , , 
2022-07-16 09:48:00,17.58, , , , 
2022-07-16 09:49:00,17.55, , , , 
2022-07-16 09:50:00,17.55, , , , 
2022-07-16 09:51:00,17.58, , , , 
2022-07-16 09:52:00,17.58, , , , 
2022-07-16 09:53:00,17.55, , , , 
2022-07-16 09:54:00,17.55, , , , 
2022-07-16 09:55:00,17.60, , , , 
2022-07-16 09:56:00,17.58, , , , 
2022-07-16 09:57:00,17.60, , , , 
2022-07-16 09:58:00,17.60, , , , 
2022-07-16 09:59:00,17.59, , , , 
2022-07-16 10:00:00,17.58, , , , 
2022-07-16 10:01:00,17.56, , , , 
2022-07-16 10:02:00,17.54, , , , 
2022-07-16 10:03:00,17.52, , , , 
2022-07-16 10:04:00,17.52, , , , 
2022-07-16 10:05:00,17.52, , , , 
2022-07-16 10:06:00,17.51, , , , 
2022-07-16 10:07:00,17.51, , , , 
2022-07-16 10:08:00,17.49, , , , 
2022-07-16 10:09:00,17.49, , , , 
2022-07-16 10:10:00,17.50, , , , 
2022-07-16 10:11:00,17.51, , , , 
2022-07-16 10:12:00,17.51, , , , 
2022-07-16 10:13:00,17.52, , , , 
2022-07-16 10:14:00,17.51, , , , 
2022-07-16 10:15:00,17.51, , , , 
2022-07-16 10:16:00,17.54, , , , 
2022-07-16 10:17:00,17.52, , , , 
2022-07-16 10:18:00,17.55, , , , 
2022-07-16 10:19:00,17.52, , , , 
2022-07-16 10:20:00,17.55, , , , 
2022-07-16 10:21:00,17.55, , , , 
2022-07-16 10:22:00,17.54, , , , 
2022-07-16 10:23:00,17.55, , , , 
2022-07-16 10:24:00,17.53, , , , 
2022-07-16 10:25:00,17.50, , , , 
2022-07-16 10:26:00,17.46, , , , 
2022-07-16 10:27:00,17.48, , , , 
2022-07-16 10:28:00,17.47, , , , 
2022-07-16 10:29:00,17.47, , , , 
2022-07-16 10:30:00,17.47, , , , 
2022-07-16 10:31:00,17.46, , , , 
2022-07-16 10:32:00,17.48, , , , 
2022-07-16 10:33:00,17.49, , , , 
2022-07-16 10:34:00,17.48, , , , 
2022-07-16 10:35:00,17.46, , , , 
2022-07-16 10:36:00,17.50, , , , 
2022-07-16 10:37:00,17.48, , , , 
2022-07-16 10:38:00,17.51, , , , 
2022-07-16 10:39:00,17.48, , , , 
2022-07-16 10:40:00,17.50, , , , 
2022-07-16 10:41:00,17.50, , , , 
2022-07-16 10:42:00,17.51, , , , 
2022-07-16 10:43:00,17.51, , , , 
2022-07-16 10:44:00,17.50, , , , 
2022-07-16 10:45:00,17.50, , , , 
2022-07-16 10:46:00,17.47, , , , 
2022-07-16 10:47:00,17.46, , , , 
2022-07-16 10:48:00,17.45, , , , 
2022-07-16 10:49:00,17.45, , , , 
2022-07-16 10:50:00,17.44, , , , 
2022-07-16 10:51:00,17.41, , , , 
2022-07-16 10:52:00,17.44, , , , 
2022-07-16 10:53:00,17.44, , , , 
2022-07-16 10:54:00,17.45, , , , 
2022-07-16 10:55:00,17.45, , , , 
2022-07-16 10:56:00,17.46, , , , 
2022-07-16 10:57:00,17.47, , , , 
2022-07-16 10:58:00,17.46, , , , 
2022-07-16 10:59:00,17.46, , , , 
2022-07-16 11:00:00,17.46, , , , 
2022-07-16 11:01:00,17.48, , , , 
2022-07-16 11:02:00,17.47, , , , 
2022-07-16 11:03:00,17.47, , , , 
2022-07-16 11:04:00,17.50, , , , 
2022-07-16 11:05:00,17.49, , , , 
2022-07-16 11:06:00,17.50, , , , 
2022-07-16 11:07:00,17.46, , , , 
2022-07-16 11:08:00,17.45, , , , 
2022-07-16 11:09:00,17.45, , , , 
2022-07-16 11:10:00,17.41, , , , 
2022-07-16 11:11:00,17.43, , , , 
2022-07-16 11:12:00,17.43, , , , 
2022-07-16 11:13:00,17.43, , , , 
2022-07-16 11:14:00,17.44, , , , 
2022-07-16 11:15:00,17.45, , , , 
2022-07-16 11:16:00,17.44, , , , 
2022-07-16 11:17:00,17.41, , , , 
2022-07-16 11:18:00,17.43, , , , 
2022-07-16 11:19:00,17.43, , , , 
2022-07-16 11:20:00,17.43, , , , 
2022-07-16 11:21:00,17.43, , , , 
2022-07-16 11:22:00,17.45, , , , 
2022-07-16 11:23:00,17.46, , , , 
2022-07-16 11:24:00,17.47, , , , 
2022-07-16 11:25:00,17.46, , , , 
2022-07-16 11:26:00,17.48, , , , 
2022-07-16 11:27:00,17.46, , , , 
2022-07-16 11:28:00,17.47, , , , 
2022-07-16 11:29:00,17.46, , , , 
2022-07-16 11:30:00,17.43, , , , 
2022-07-16 11:31:00,17.45, , , , 
2022-07-16 11:32:00,17.43, , , , 
2022-07-16 11:33:00,17.43, , , , 
2022-07-16 11:34:00,17.40, , , , 
2022-07-16 11:35:00,17.40, , , , 
2022-07-16 11:36:00,17.40, , , , 
2022-07-16 11:37:00,17.41, , , , 
2022-07-16 11:38:00,17.41, , , , 
2022-07-16 11:39:00,17.40, , , , 
2022-07-16 11:40:00,17.40, , , , 
2022-07-16 11:41:00,17.41, , , , 
2022-07-16 11:42:00,17.43, , , , 
2022-07-16 11:43:00,17.41, , , , 
2022-07-16 11:44:00,17.44, , , , 
2022-07-16 11:45:00,17.46, , , , 
2022-07-16 11:46:00,17.45, , , , 
2022-07-16 11:47:00,17.44, , , , 
2022-07-16 11:48:00,17.46, , , , 
2022-07-16 11:49:00,17.48, , , , 
2022-07-16 11:50:00,17.46, , , , 
2022-07-16 11:51:00,17.47, , , , 
2022-07-16 11:52:00,17.43, , , , 
2022-07-16 11:53:00,17.43, , , , 
2022-07-16 11:54:00,17.40, , , , 
2022-07-16 11:55:00,17.43, , , , 
2022-07-16 11:56:00,17.38, , , , 
2022-07-16 11:57:00,17.40, , , , 
2022-07-16 11:58:00,17.41, , , , 
2022-07-16 11:59:00,17.44, , , , 
2022-07-16 12:00:00,17.43, , , , 
2022-07-16 12:01:00,17.40, , , , 
2022-07-16 12:02:00,17.41, , , , 
2022-07-16 12:03:00,17.43, , , , 
2022-07-16 12:04:00,17.45, , , , 
2022-07-16 12:05:00,17.46, , , , 
2022-07-16 12:06:00,17.49, , , , 
2022-07-16 12:07:00,17.52, , , , 
2022-07-16 12:08:00,17.55, , , , 
2022-07-16 12:09:00,17.58, , , , 
2022-07-16 12:10:00,17.63, , , , 
2022-07-16 12:11:00,17.65, , , , 
2022-07-16 12:12:00,17.67, , , , 
2022-07-16 12:13:00,17.69, , , , 
2022-07-16 12:14:00,17.69, , , , 
2022-07-16 12:15:00,17.72, , , , 
2022-07-16 12:16:00,17.75, , , , 
2022-07-16 12:17:00,17.78, , , , 
2022-07-16 12:18:00,17.79, , , , 
2022-07-16 12:19:00,17.81, , , , 
2022-07-16 12:20:00,17.87, , , , 
2022-07-16 12:21:00,17.91, , , , 
2022-07-16 12:22:00,17.94, , , , 
2022-07-16 12:23:00,17.99, , , , 
2022-07-16 12:24:00,18.02, , , , 
2022-07-16 12:25:00,18.07, , , , 
2022-07-16 12:26:00,18.09, , , , 
2022-07-16 12:27:00,18.10, , , , 
2022-07-16 12:28:00,18.18, , , , 
2022-07-16 12:29:00,18.20, , , , 
2022-07-16 12:30:00,18.22, , , , 
2022-07-16 12:31:00,18.27, , , , 
2022-07-16 12:32:00,18.30, , , , 
2022-07-16 12:33:00,18.34, , , , 
2022-07-16 12:34:00,18.34, , , , 
2022-07-16 12:35:00,18.37, , , , 
2022-07-16 12:36:00,18.38, , , , 
2022-07-16 12:37:00,18.40, , , , 
2022-07-16 12:38:00,18.41, , , , 
2022-07-16 12:39:00,18.44, , , , 
2022-07-16 12:40:00,18.44, , , , 
2022-07-16 12:41:00,18.50, , , , 
2022-07-16 12:42:00,18.51, , , , 
2022-07-16 12:43:00,18.56, , , , 
2022-07-16 12:44:00,18.57, , , , 
2022-07-16 12:45:00,18.63, , , , 
2022-07-16 12:46:00,18.66, , , , 
2022-07-16 12:47:00,18.69, , , , 
2022-07-16 12:48:00,18.72, , , , 
2022-07-16 12:49:00,18.77, , , , 
2022-07-16 12:50:00,18.79, , , , 
2022-07-16 12:51:00,18.80, , , , 
2022-07-16 12:52:00,18.85, , , , 
2022-07-16 12:53:00,18.88, , , , 
2022-07-16 12:54:00,18.92, , , , 
2022-07-16 12:55:00,18.93, , , , 
2022-07-16 12:56:00,18.96, , , , 
2022-07-16 12:57:00,18.97, , , , 
2022-07-16 12:58:00,18.99, , , , 
2022-07-16 12:59:00,19.00, , , , 
2022-07-16 13:00:00,18.99, , , , 
2022-07-16 13:01:00,19.06, , , , 
2022-07-16 13:02:00,19.06, , , , 
2022-07-16 13:03:00,19.07, , , , 
2022-07-16 13:04:00,19.11, , , , 
2022-07-16 13:05:00,19.14, , , , 
2022-07-16 13:06:00,19.16, , , , 
2022-07-16 13:07:00,19.20, , , , 
2022-07-16 13:08:00,19.24, , , , 
2022-07-16 13:09:00,19.26, , , , 
2022-07-16 13:10:00,19.29, , , , 
2022-07-16 13:11:00,19.32, , , , 
2022-07-16 13:12:00,19.33, , , , 
2022-07-16 13:13:00,19.37, , , , 
2022-07-16 13:14:00,19.38, , , , 
2022-07-16 13:15:00,19.43, , , , 
2022-07-16 13:16:00,19.46, , , , 
2022-07-16 13:17:00,19.48, , , , 
2022-07-16 13:18:00,19.50, , , , 
2022-07-16 13:19:00,19.52, , , , 
2022-07-16 13:20:00,19.52, , , , 
2022-07-16 13:21:00,19.52, , , , 
2022-07-16 13:22:00,19.53, , , , 
2022-07-16 13:23:00,19.55, , , , 
2022-07-16 13:24:00,19.58, , , , 
2022-07-16 13:25:00,19.58, , , , 
2022-07-16 13:26:00,19.62, , , , 
2022-07-16 13:27:00,19.65, , , , 
2022-07-16 13:28:00,19.66, , , , 
2022-07-16 13:29:00,19.69, , , , 
2022-07-16 13:30:00,19.73, , , , 
2022-07-16 13:31:00,19.74, , , , 
2022-07-16 13:32:00,19.76, , , , 
2022-07-16 13:33:00,19.81, , , , 
2022-07-16 13:34:00,19.81, , , , 
2022-07-16 13:35:00,19.83, , , , 
2022-07-16 13:36:00,19.87, , , , 
2022-07-16 13:37:00,19.89, , , , 
2022-07-16 13:38:00,19.94, , , , 
2022-07-16 13:39:00,19.94, , , , 
2022-07-16 13:40:00,19.96, , , , 
2022-07-16 13:41:00,19.96, , , , 
2022-07-16 13:42:00,19.96, , , , 
2022-07-16 13:43:00,19.96, , , , 
2022-07-16 13:44:00,19.98, , , , 
2022-07-16 13:45:00,20.00, , , , 
2022-07-16 13:46:00,20.00, , , , 
2022-07-16 13:47:00,20.03, , , , 
2022-07-16 13:48:00,20.02, , , , 
2022-07-16 13:49:00,20.05, , , , 
2022-07-16 13:50:00,20.09, , , , 
2022-07-16 13:51:00,20.11, , , , 
2022-07-16 13:52:00,20.12, , , , 
2022-07-16 13:53:00,20.15, , , , 
2022-07-16 13:54:00,20.16, , , , 
2022-07-16 13:55:00,20.20, , , , 
2022-07-16 13:56:00,20.19, , , , 
2022-07-16 13:57:00,20.25, , , , 
2022-07-16 13:58:00,20.27, , , , 
2022-07-16 13:59:00,20.30, , , , 
2022-07-16 14:00:00,20.31, , , , 
2022-07-16 14:01:00,20.32, , , , 
2022-07-16 14:02:00,20.32, , , , 
2022-07-16 14:03:00,20.32, , , , 
2022-07-16 14:04:00,20.32, , , , 
2022-07-16 14:05:00,20.32, , , , 
2022-07-16 14:06:00,20.34, , , , 
2022-07-16 14:07:00,20.35, , , , 
2022-07-16 14:08:00,20.34, , , , 
2022-07-16 14:09:00,20.37, , , , 
2022-07-16 14:10:00,20.41, , , , 
2022-07-16 14:11:00,20.41, , , , 
2022-07-16 14:12:00,20.44, , , , 
2022-07-16 14:13:00,20.47, , , , 
2022-07-16 14:14:00,20.48, , , , 
2022-07-16 14:15:00,20.49, , , , 
2022-07-16 14:16:00,20.51, , , , 
2022-07-16 14:17:00,20.51, , , , 
2022-07-16 14:18:00,20.55, , , , 
2022-07-16 14:19:00,20.57, , , , 
2022-07-16 14:20:00,20.58, , , , 
2022-07-16 14:21:00,20.60, , , , 
2022-07-16 14:22:00,20.64, , , , 
2022-07-16 14:23:00,20.64, , , , 
2022-07-16 14:24:00,20.64, , , , 
2022-07-16 14:25:00,20.64, , , , 
2022-07-16 14:26:00,20.64, , , , 
2022-07-16 14:27:00,20.63, , , , 
2022-07-16 14:28:00,20.66, , , , 
2022-07-16 14:29:00,20.66, , , , 
2022-07-16 14:30:00,20.65, , , , 
2022-07-16 14:31:00,20.69, , , , 
2022-07-16 14:32:00,20.72, , , , 
2022-07-16 14:33:00,20.74, , , , 
2022-07-16 14:34:00,20.71, , , , 
2022-07-16 14:35:00,20.77, , , , 
2022-07-16 14:36:00,20.76, , , , 
2022-07-16 14:37:00,20.79, , , , 
2022-07-16 14:38:00,20.78, , , , 
2022-07-16 14:39:00,20.83, , , , 
2022-07-16 14:40:00,20.86, , , , 
2022-07-16 14:41:00,20.86, , , , 
2022-07-16 14:42:00,20.88, , , , 
2022-07-16 14:43:00,20.91, , , , 
2022-07-16 14:44:00,20.92, , , , 
2022-07-16 14:45:00,20.91, , , , 
2022-07-16 14:46:00,20.92, , , , 
2022-07-16 14:47:00,20.94, , , , 
2022-07-16 14:48:00,20.91, , , , 
2022-07-16 14:49:00,20.93, , , , 
2022-07-16 14:50:00,20.93, , , , 
2022-07-16 14:51:00,20.93, , , , 
2022-07-16 14:52:00,20.93, , , , 
2022-07-16 14:53:00,20.94, , , , 
2022-07-16 14:54:00,20.94, , , , 
2022-07-16 14:55:00,20.96, , , , 
2022-07-16 14:56:00,20.99, , , , 
2022-07-16 14:57:00,20.99, , , , 
2022-07-16 14:58:00,21.01, , , , 
2022-07-16 14:59:00,21.01, , , , 
2022-07-16 15:00:00,21.07, , , , 
2022-07-16 15:01:00,21.05, , , , 
2022-07-16 15:02:00,21.08, , , , 
2022-07-16 15:03:00,21.09, , , , 
2022-07-16 15:04:00,21.11, , , , 
2022-07-16 15:05:00,21.13, , , , 
2022-07-16 15:06:00,21.16, , , , 
2022-07-16 15:07:00,21.16, , , , 
2022-07-16 15:08:00,21.15, , , , 
2022-07-16 15:09:00,21.14, , , , 
2022-07-16 15:10:00,21.14, , , , 
2022-07-16 15:11:00,21.14, , , , 
2022-07-16 15:12:00,21.14, , , , 
2022-07-16 15:13:00,21.16, , , , 
2022-07-16 15:14:00,21.16, , , , 
2022-07-16 15:15:00,21.16, , , , 
2022-07-16 15:16:00,21.18, , , , 
2022-07-16 15:17:00,21.18, , , , 
2022-07-16 15:18:00,21.20, , , , 
2022-07-16 15:19:00,21.20, , , , 
2022-07-16 15:20:00,21.23, , , , 
2022-07-16 15:21:00,21.24, , , , 
2022-07-16 15:22:00,21.24, , , , 
2022-07-16 15:23:00,21.29, , , , 
2022-07-16 15:24:00,21.28, , , , 
2022-07-16 15:25:00,21.30, , , , 
2022-07-16 15:26:00,21.31, , , , 
2022-07-16 15:27:00,21.32, , , , 
2022-07-16 15:28:00,21.33, , , , 
2022-07-16 15:29:00,21.34, , , , 
2022-07-16 15:30:00,21.33, , , , 
2022-07-16 15:31:00,21.35, , , , 
2022-07-16 15:32:00,21.32, , , , 
2022-07-16 15:33:00,21.35, , , , 
2022-07-16 15:34:00,21.33, , , , 
2022-07-16 15:35:00,21.33, , , , 
2022-07-16 15:36:00,21.33, , , , 
2022-07-16 15:37:00,21.35, , , , 
2022-07-16 15:38:00,21.37, , , , 
2022-07-16 15:39:00,21.38, , , , 
2022-07-16 15:40:00,21.39, , , , 
2022-07-16 15:41:00,21.42, , , , 
2022-07-16 15:42:00,21.42, , , , 
2022-07-16 15:43:00,21.43, , , , 
2022-07-16 15:44:00,21.46, , , , 
2022-07-16 15:45:00,21.46, , , , 
2022-07-16 15:46:00,21.47, , , , 
2022-07-16 15:47:00,21.49, , , , 
2022-07-16 15:48:00,21.50, , , , 
2022-07-16 15:49:00,21.52, , , , 
2022-07-16 15:50:00,21.53, , , , 
2022-07-16 15:51:00,21.52, , , , 
2022-07-16 15:52:00,21.53, , , , 
2022-07-16 15:53:00,21.51, , , , 
2022-07-16 15:54:00,21.51, , , , 
2022-07-16 15:55:00,21.49, , , , 
2022-07-16 15:56:00,21.51, , , , 
2022-07-16 15:57:00,21.51, , , , 
2022-07-16 15:58:00,21.53, , , , 
2022-07-16 15:59:00,21.52, , , , 
2022-07-16 16:00:00,21.54, , , , 
2022-07-16 16:01:00,21.55, , , , 
2022-07-16 16:02:00,21.55, , , , 
2022-07-16 16:03:00,21.58, , , , 
2022-07-16 16:04:00,21.59, , , , 
2022-07-16 16:05:00,21.59, , , , 
2022-07-16 16:06:00,21.62, , , , 
2022-07-16 16:07:00,21.59, , , , 
2022-07-16 16:08:00,21.63, , , , 
2022-07-16 16:09:00,21.63, , , , 
2022-07-16 16:10:00,21.64, , , , 
2022-07-16 16:11:00,21.68, , , , 
2022-07-16 16:12:00,21.67, , , , 
2022-07-16 16:13:00,21.68, , , , 
2022-07-16 16:14:00,21.67, , , , 
2022-07-16 16:15:00,21.65, , , , 
2022-07-16 16:16:00,21.65, , , , 
2022-07-16 16:17:00,21.66, , , , 
2022-07-16 16:18:00,21.65, , , , 
2022-07-16 16:19:00,21.65, , , , 
2022-07-16 16:20:00,21.67, , , , 
2022-07-16 16:21:00,21.67, , , , 
2022-07-16 16:22:00,21.68, , , , 
2022-07-16 16:23:00,21.68, , , , 
2022-07-16 16:24:00,21.68, , , , 
2022-07-16 16:25:00,21.70, , , , 
2022-07-16 16:26:00,21.70, , , , 
2022-07-16 16:27:00,21.73, , , , 
2022-07-16 16:28:00,21.74, , , , 
2022-07-16 16:29:00,21.76, , , , 
2022-07-16 16:30:00,21.76, , , , 
2022-07-16 16:31:00,21.79, , , , 
2022-07-16 16:32:00,21.78, , , , 
2022-07-16 16:33:00,21.79, , , , 
2022-07-16 16:34:00,21.81, , , , 
2022-07-16 16:35:00,21.83, , , , 
2022-07-16 16:36:00,21.80, , , , 
2022-07-16 16:37:00,21.78, , , , 
2022-07-16 16:38:00,21.77, , , , 
2022-07-16 16:39:00,21.76, , , , 
2022-07-16 16:40:00,21.80, , , , 
2022-07-16 16:41:00,21.79, , , , 
2022-07-16 16:42:00,21.82, , , , 
2022-07-16 16:43:00,21.79, , , , 
2022-07-16 16:44:00,21.79, , , , 
2022-07-16 16:45:00,21.82, , , , 
2022-07-16 16:46:00,21.84, , , , 
2022-07-16 16:47:00,21.84, , , , 
2022-07-16 16:48:00,21.87, , , , 
2022-07-16 16:49:00,21.87, , , , 
2022-07-16 16:50:00,21.88, , , , 
2022-07-16 16:51:00,21.87, , , , 
2022-07-16 16:52:00,21.88, , , , 
2022-07-16 16:53:00,21.91, , , , 
2022-07-16 16:54:00,21.93, , , , 
2022-07-16 16:55:00,21.92, , , , 
2022-07-16 16:56:00,21.95, , , , 
2022-07-16 16:57:00,21.95, , , , 
2022-07-16 16:58:00,21.93, , , , 
2022-07-16 16:59:00,21.91, , , , 
2022-07-16 17:00:00,21.91, , , , 
2022-07-16 17:01:00,21.93, , , , 
2022-07-16 17:02:00,21.90, , , , 
2022-07-16 17:03:00,21.92, , , , 
2022-07-16 17:04:00,21.93, , , , 
2022-07-16 17:05:00,21.94, , , , 
2022-07-16 17:06:00,21.94, , , , 
2022-07-16 17:07:00,21.93, , , , 
2022-07-16 17:08:00,21.94, , , , 
2022-07-16 17:09:00,21.94, , , , 
2022-07-16 17:10:00,21.95, , , , 
2022-07-16 17:11:00,21.97, , , , 
2022-07-16 17:12:00,21.96, , , , 
2022-07-16 17:13:00,22.01, , , , 
2022-07-16 17:14:00,22.03, , , , 
2022-07-16 17:15:00,22.03, , , , 
2022-07-16 17:16:00,22.05, , , , 
2022-07-16 17:17:00,22.04, , , , 
2022-07-16 17:18:00,22.05, , , , 
2022-07-16 17:19:00,22.06, , , , 
2022-07-16 17:20:00,22.03, , , , 
2022-07-16 17:21:00,22.04, , , , 
2022-07-16 17:22:00,22.02, , , , 
2022-07-16 17:23:00,22.04, , , , 
2022-07-16 17:24:00,22.02, , , , 
2022-07-16 17:25:00,21.99, , , , 
2022-07-16 17:26:00,22.03, , , , 
2022-07-16 17:27:00,22.01, , , , 
2022-07-16 17:28:00,22.03, , , , 
2022-07-16 17:29:00,22.04, , , , 
2022-07-16 17:30:00,22.04, , , , 
2022-07-16 17:31:00,22.03, , , , 
2022-07-16 17:32:00,22.07, , , , 
2022-07-16 17:33:00,22.07, , , , 
2022-07-16 17:34:00,22.06, , , , 
2022-07-16 17:35:00,22.10, , , , 
2022-07-16 17:36:00,22.11, , , , 
2022-07-16 17:37:00,22.10, , , , 
2022-07-16 17:38:00,22.12, , , , 
2022-07-16 17:39:00,22.16, , , , 
2022-07-16 17:40:00,22.14, , , , 
2022-07-16 17:41:00,22.13, , , , 
2022-07-16 17:42:00,22.11, , , , 
2022-07-16 17:43:00,22.12, , , , 
2022-07-16 17:44:00,22.11, , , , 
2022-07-16 17:45:00,22.11, , , , 
2022-07-16 17:46:00,22.08, , , , 
2022-07-16 17:47:00,22.10, , , , 
2022-07-16 17:48:00,22.11, , , , 
2022-07-16 17:49:00,22.09, , , , 
2022-07-16 17:50:00,22.10, , , , 
2022-07-16 17:51:00,22.10, , , , 
2022-07-16 17:52:00,22.11, , , , 
2022-07-16 17:53:00,22.11, , , , 
2022-07-16 17:54:00,22.14, , , , 
2022-07-16 17:55:00,22.14, , , , 
2022-07-16 17:56:00,22.16, , , , 
2022-07-16 17:57:00,22.17, , , , 
2022-07-16 17:58:00,22.20, , , , 
2022-07-16 17:59:00,22.18, , , , 
2022-07-16 18:00:00,22.19, , , , 
2022-07-16 18:01:00,22.20, , , , 
2022-07-16 18:02:00,22.20, , , , 
2022-07-16 18:03:00,22.18, , , , 
2022-07-16 18:04:00,22.16, , , , 
2022-07-16 18:05:00,22.10, , , , 
2022-07-16 18:06:00,22.06, , , , 
2022-07-16 18:07:00,22.02, , , , 
2022-07-16 18:08:00,21.97, , , , 
2022-07-16 18:09:00,21.92, , , , 
2022-07-16 18:10:00,21.87, , , , 
2022-07-16 18:11:00,21.82, , , , 
2022-07-16 18:12:00,21.77, , , , 
2022-07-16 18:13:00,21.73, , , , 
2022-07-16 18:14:00,21.67, , , , 
2022-07-16 18:15:00,21.62, , , , 
2022-07-16 18:16:00,21.60, , , , 
2022-07-16 18:17:00,21.55, , , , 
2022-07-16 18:18:00,21.49, , , , 
2022-07-16 18:19:00,21.43, , , , 
2022-07-16 18:20:00,21.38, , , , 
2022-07-16 18:21:00,21.34, , , , 
2022-07-16 18:22:00,21.30, , , , 
2022-07-16 18:23:00,21.27, , , , 
2022-07-16 18:24:00,21.21, , , , 
2022-07-16 18:25:00,21.14, , , , 
2022-07-16 18:26:00,21.08, , , , 
2022-07-16 18:27:00,21.02, , , , 
2022-07-16 18:28:00,20.99, , , , 
2022-07-16 18:29:00,20.93, , , , 
2022-07-16 18:30:00,20.89, , , , 
2022-07-16 18:31:00,20.83, , , , 
2022-07-16 18:32:00,20.79, , , , 
2022-07-16 18:33:00,20.76, , , , 
2022-07-16 18:34:00,20.70, , , , 
2022-07-16 18:35:00,20.66, , , , 
2022-07-16 18:36:00,20.62, , , , 
2022-07-16 18:37:00,20.61, , , , 
2022-07-16 18:38:00,20.58, , , , 
2022-07-16 18:39:00,20.53, , , , 
2022-07-16 18:40:00,20.48, , , , 
2022-07-16 18:41:00,20.47, , , , 
2022-07-16 18:42:00,20.43, , , , 
2022-07-16 18:43:00,20.41, , , , 
2022-07-16 18:44:00,20.40, , , , 
2022-07-16 18:45:00,20.35, , , , 
2022-07-16 18:46:00,20.34, , , , 
2022-07-16 18:47:00,20.27, , , , 
2022-07-16 18:48:00,20.20, , , , 
2022-07-16 18:49:00,20.18, , , , 
2022-07-16 18:50:00,20.13, , , , 
2022-07-16 18:51:00,20.10, , , , 
2022-07-16 18:52:00,20.05, , , , 
2022-07-16 18:53:00,20.02, , , , 
2022-07-16 18:54:00,19.99, , , , 
2022-07-16 18:55:00,19.96, , , , 
2022-07-16 18:56:00,19.94, , , , 
2022-07-16 18:57:00,19.90, , , , 
2022-07-16 18:58:00,19.89, , , , 
2022-07-16 18:59:00,19.87, , , , 
2022-07-16 19:00:00,19.85, , , , 
2022-07-16 19:01:00,19.81, , , , 
2022-07-16 19:02:00,19.77, , , , 
2022-07-16 19:03:00,19.76, , , , 
2022-07-16 19:04:00,19.75, , , , 
2022-07-16 19:05:00,19.72, , , , 
2022-07-16 19:06:00,19.69, , , , 
2022-07-16 19:07:00,19.69, , , , 
2022-07-16 19:08:00,19.67, , , , 
2022-07-16 19:09:00,19.61, , , , 
2022-07-16 19:10:00,19.57, , , , 
2022-07-16 19:11:00,19.53, , , , 
2022-07-16 19:12:00,19.50, , , , 
2022-07-16 19:13:00,19.45, , , , 
2022-07-16 19:14:00,19.45, , , , 
2022-07-16 19:15:00,19.42, , , , 
2022-07-16 19:16:00,19.39, , , , 
2022-07-16 19:17:00,19.36, , , , 
2022-07-16 19:18:00,19.35, , , , 
2022-07-16 19:19:00,19.35, , , , 
2022-07-16 19:20:00,19.32, , , , 
2022-07-16 19:21:00,19.29, , , , 
2022-07-16 19:22:00,19.27, , , , 
2022-07-16 19:23:00,19.27, , , , 
2022-07-16 19:24:00,19.28, , , , 
2022-07-16 19:25:00,19.23, , , , 
2022-07-16 19:26:00,19.22, , , , 
2022-07-16 19:27:00,19.21, , , , 
2022-07-16 19:28:00,19.18, , , , 
2022-07-16 19:29:00,19.14, , , , 
2022-07-16 19:30:00,19.13, , , , 
2022-07-16 19:31:00,19.11, , , , 
2022-07-16 19:32:00,19.07, , , , 
2022-07-16 19:33:00,19.04, , , , 
2022-07-16 19:34:00,19.02, , , , 
2022-07-16 19:35:00,18.99, , , , 
2022-07-16 19:36:00,18.96, , , , 
2022-07-16 19:37:00,18.95, , , , 
2022-07-16 19:38:00,18.92, , , , 
2022-07-16 19:39:00,18.91, , , , 
2022-07-16 19:40:00,18.91, , , , 
2022-07-16 19:41:00,18.91, , , , 
2022-07-16 19:42:00,18.86, , , , 
2022-07-16 19:43:00,18.87, , , , 
2022-07-16 19:44:00,18.86, , , , 
2022-07-16 19:45:00,18.84, , , , 
2022-07-16 19:46:00,18.81, , , , 
2022-07-16 19:47:00,18.83, , , , 
2022-07-16 19:48:00,18.81, , , , 
2022-07-16 19:49:00,18.81, , , , 
2022-07-16 19:50:00,18.78, , , , 
2022-07-16 19:51:00,18.79, , , , 
2022-07-16 19:52:00,18.79, , , , 
2022-07-16 19:53:00,18.74, , , , 
2022-07-16 19:54:00,18.72, , , , 
2022-07-16 19:55:00,18.69, , , , 
2022-07-16 19:56:00,18.66, , , , 
2022-07-16 19:57:00,18.66, , , , 
2022-07-16 19:58:00,18.62, , , , 
2022-07-16 19:59:00,18.61, , , , 
2022-07-16 20:00:00,18.58, , , , 
2022-07-16 20:01:00,18.55, , , , 
2022-07-16 20:02:00,18.57, , , , 
2022-07-16 20:03:00,18.54, , , , 
2022-07-16 20:04:00,18.55, , , , 
2022-07-16 20:05:00,18.54, , , , 
2022-07-16 20:06:00,18.53, , , , 
2022-07-16 20:07:00,18.53, , , , 
2022-07-16 20:08:00,18.54, , , , 
2022-07-16 20:09:00,18.52, , , , 
2022-07-16 20:10:00,18.51, , , , 
2022-07-16 20:11:00,18.51, , , , 
2022-07-16 20:12:00,18.49, , , , 
2022-07-16 20:13:00,18.51, , , , 
2022-07-16 20:14:00,18.48, , , , 
2022-07-16 20:15:00,18.43, , , , 
2022-07-16 20:16:00,18.42, , , , 
2022-07-16 20:17:00,18.41, , , , 
2022-07-16 20:18:00,18.38, , , , 
2022-07-16 20:19:00,18.36, , , , 
2022-07-16 20:20:00,18.35, , , , 
2022-07-16 20:21:00,18.33, , , , 
2022-07-16 20:22:00,18.29, , , , 
2022-07-16 20:23:00,18.33, , , , 
2022-07-16 20:24:00,18.32, , , , 
2022-07-16 20:25:00,18.30, , , , 
2022-07-16 20:26:00,18.30, , , , 
2022-07-16 20:27:00,18.29, , , , 
2022-07-16 20:28:00,18.29, , , , 
2022-07-16 20:29:00,18.27, , , , 
2022-07-16 20:30:00,18.29, , , , 
2022-07-16 20:31:00,18.29, , , , 
2022-07-16 20:32:00,18.28, , , , 
2022-07-16 20:33:00,18.28, , , , 
2022-07-16 20:34:00,18.27, , , , 
2022-07-16 20:35:00,18.28, , , , 
2022-07-16 20:36:00,18.27, , , , 
2022-07-16 20:37:00,18.22, , , , 
2022-07-16 20:38:00,18.22, , , , 
2022-07-16 20:39:00,18.20, , , , 
2022-07-16 20:40:00,18.18, , , , 
2022-07-16 20:41:00,18.18, , , , 
2022-07-16 20:42:00,18.17, , , , 
2022-07-16 20:43:00,18.18, , , , 
2022-07-16 20:44:00,18.13, , , , 
2022-07-16 20:45:00,18.12, , , , 
2022-07-16 20:46:00,18.13, , , , 
2022-07-16 20:47:00,18.13, , , , 
2022-07-16 20:48:00,18.13, , , , 
2022-07-16 20:49:00,18.13, , , , 
2022-07-16 20:50:00,18.13, , , , 
2022-07-16 20:51:00,18.12, , , , 
2022-07-16 20:52:00,18.11, , , , 
2022-07-16 20:53:00,18.12, , , , 
2022-07-16 20:54:00,18.11, , , , 
2022-07-16 20:55:00,18.12, , , , 
2022-07-16 20:56:00,18.11, , , , 
2022-07-16 20:57:00,18.10, , , , 
2022-07-16 20:58:00,18.09, , , , 
2022-07-16 20:59:00,18.08, , , , 
2022-07-16 21:00:00,18.06, , , , 
2022-07-16 21:01:00,18.04, , , , 
2022-07-16 21:02:00,18.03, , , , 
2022-07-16 21:03:00,18.00, , , , 
2022-07-16 21:04:00,18.00, , , , 
2022-07-16 21:05:00,18.02, , , , 
2022-07-16 21:06:00,18.00, , , , 
2022-07-16 21:07:00,17.99, , , , 
2022-07-16 21:08:00,17.98, , , , 
2022-07-16 21:09:00,17.99, , , , 
2022-07-16 21:10:00,17.97, , , , 
2022-07-16 21:11:00,18.02, , , , 
2022-07-16 21:12:00,17.99, , , , 
2022-07-16 21:13:00,17.97, , , , 
2022-07-16 21:14:00,17.99, , , , 
2022-07-16 21:15:00,17.98, , , , 
2022-07-16 21:16:00,17.97, , , , 
2022-07-16 21:17:00,18.02, , , , 
2022-07-16 21:18:00,18.00, , , , 
2022-07-16 21:19:00,18.00, , , , 
2022-07-16 21:20:00,17.96, , , , 
2022-07-16 21:21:00,17.94, , , , 
2022-07-16 21:22:00,17.92, , , , 
2022-07-16 21:23:00,17.92, , , , 
2022-07-16 21:24:00,17.90, , , , 
2022-07-16 21:25:00,17.90, , , , 
2022-07-16 21:26:00,17.88, , , , 
2022-07-16 21:27:00,17.89, , , , 
2022-07-16 21:28:00,17.89, , , , 
2022-07-16 21:29:00,17.89, , , , 
2022-07-16 21:30:00,17.84, , , , 
2022-07-16 21:31:00,17.89, , , , 
2022-07-16 21:32:00,17.87, , , , 
2022-07-16 21:33:00,17.88, , , , 
2022-07-16 21:34:00,17.87, , , , 
2022-07-16 21:35:00,17.89, , , , 
2022-07-16 21:36:00,17.89, , , , 
2022-07-16 21:37:00,17.87, , , , 
2022-07-16 21:38:00,17.87, , , , 
2022-07-16 21:39:00,17.90, , , , 
2022-07-16 21:40:00,17.87, , , , 
2022-07-16 21:41:00,17.89, , , , 
2022-07-16 21:42:00,17.89, , , , 
2022-07-16 21:43:00,17.84, , , , 
2022-07-16 21:44:00,17.84, , , , 
2022-07-16 21:45:00,17.82, , , , 
2022-07-16 21:46:00,17.80, , , , 
2022-07-16 21:47:00,17.80, , , , 
2022-07-16 21:48:00,17.79, , , , 
2022-07-16 21:49:00,17.78, , , , 
2022-07-16 21:50:00,17.76, , , , 
2022-07-16 21:51:00,17.78, , , , 
2022-07-16 21:52:00,17.77, , , , 
2022-07-16 21:53:00,17.79, , , , 
2022-07-16 21:54:00,17.78, , , , 
2022-07-16 21:55:00,17.79, , , , 
2022-07-16 21:56:00,17.80, , , , 
2022-07-16 21:57:00,17.79, , , , 
2022-07-16 21:58:00,17.79, , , , 
2022-07-16 21:59:00,17.78, , , , 
2022-07-16 22:00:00,17.78, , , , 
2022-07-16 22:01:00,17.80, , , , 
2022-07-16 22:02:00,17.81, , , , 
2022-07-16 22:03:00,17.79, , , , 
2022-07-16 22:04:00,17.79, , , , 
2022-07-16 22:05:00,17.77, , , , 
2022-07-16 22:06:00,17.77, , , , 
2022-07-16 22:07:00,17.76, , , , 
2022-07-16 22:08:00,17.70, , , , 
2022-07-16 22:09:00,17.72, , , , 
2022-07-16 22:10:00,17.72, , , , 
2022-07-16 22:11:00,17.70, , , , 
2022-07-16 22:12:00,17.72, , , , 
2022-07-16 22:13:00,17.72, , , , 
2022-07-16 22:14:00,17.73, , , , 
2022-07-16 22:15:00,17.69, , , , 
2022-07-16 22:16:00,17.72, , , , 
2022-07-16 22:17:00,17.73, , , , 
2022-07-16 22:18:00,17.72, , , , 
2022-07-16 22:19:00,17.70, , , , 
2022-07-16 22:20:00,17.72, , , , 
2022-07-16 22:21:00,17.72, , , , 
2022-07-16 22:22:00,17.74, , , , 
2022-07-16 22:23:00,17.72, , , , 
2022-07-16 22:24:00,17.75, , , , 
2022-07-16 22:25:00,17.72, , , , 
2022-07-16 22:26:00,17.69, , , , 
2022-07-16 22:27:00,17.69, , , , 
2022-07-16 22:28:00,17.67, , , , 
2022-07-16 22:29:00,17.65, , , , 
2022-07-16 22:30:00,17.66, , , , 
2022-07-16 22:31:00,17.66, , , , 
2022-07-16 22:32:00,17.64, , , , 
2022-07-16 22:33:00,17.64, , , , 
2022-07-16 22:34:00,17.64, , , , 
2022-07-16 22:35:00,17.63, , , , 
2022-07-16 22:36:00,17.66, , , , 
2022-07-16 22:37:00,17.64, , , , 
2022-07-16 22:38:00,17.63, , , , 
2022-07-16 22:39:00,17.65, , , , 
2022-07-16 22:40:00,17.63, , , , 
2022-07-16 22:41:00,17.65, , , , 
2022-07-16 22:42:00,17.66, , , , 
2022-07-16 22:43:00,17.67, , , , 
2022-07-16 22:44:00,17.67, , , , 
2022-07-16 22:45:00,17.66, , , , 
2022-07-16 22:46:00,17.66, , , , 
2022-07-16 22:47:00,17.63, , , , 
2022-07-16 22:48:00,17.67, , , , 
2022-07-16 22:49:00,17.64, , , , 
2022-07-16 22:50:00,17.63, , , , 
2022-07-16 22:51:00,17.61, , , , 
2022-07-16 22:52:00,17.60, , , , 
2022-07-16 22:53:00,17.60, , , , 
2022-07-16 22:54:00,17.60, , , , 
2022-07-16 22:55:00,17.59, , , , 
2022-07-16 22:56:00,17.59, , , , 
2022-07-16 22:57:00,17.60, , , , 
2022-07-16 22:58:00,17.61, , , , 
2022-07-16 22:59:00,17.60, , , , 
2022-07-16 23:00:00,17.60, , , , 
2022-07-16 23:01:00,17.60, , , , 
2022-07-16 23:02:00,17.62, , , , 
2022-07-16 23:03:00,17.62, , , , 
2022-07-16 23:04:00,17.63, , , , 
2022-07-16 23:05:00,17.63, , , , 
2022-07-16 23:06:00,17.66, , , , 
2022-07-16 23:07:00,17.65, , , , 
2022-07-16 23:08:00,17.64, , , , 
2022-07-16 23:09:00,17.63, , , , 
2022-07-16 23:10:00,17.63, , , , 
2022-07-16 23:11:00,17.60, , , , 
2022-07-16 23:12:00,17.58, , , , 
2022-07-16 23:13:00,17.58, , , , 
2022-07-16 23:14:00,17.58, , , , 
2022-07-16 23:15:00,17.56, , , , 
2022-07-16 23:16:00,17.54, , , , 
2022-07-16 23:17:00,17.59, , , , 
2022-07-16 23:18:00,17.56, , , , 
2022-07-16 23:19:00,17.58, , , , 
2022-07-16 23:20:00,17.58, , , , 
2022-07-16 23:21:00,17.58, , , , 
2022-07-16 23:22:00,17.58, , , , 
2022-07-16 23:23:00,17.58, , , , 
2022-07-16 23:24:00,17.59, , , , 
2022-07-16 23:25:00,17.56, , , , 
2022-07-16 23:26:00,17.59, , , , 
2022-07-16 23:27:00,17.61, , , , 
2022-07-16 23:28:00,17.63, , , , 
2022-07-16 23:29:00,17.63, , , , 
2022-07-16 23:30:00,17.63, , , , 
2022-07-16 23:31:00,17.61, , , , 
2022-07-16 23:32:00,17.62, , , , 
2022-07-16 23:33:00,17.58, , , , 
2022-07-16 23:34:00,17.59, , , , 
2022-07-16 23:35:00,17.55, , , , 
2022-07-16 23:36:00,17.54, , , , 
2022-07-16 23:37:00,17.58, , , , 
2022-07-16 23:38:00,17.53, , , , 
2022-07-16 23:39:00,17.53, , , , 
2022-07-16 23:40:00,17.55, , , , 
2022-07-16 23:41:00,17.54, , , , 
2022-07-16 23:42:00,17.54, , , , 
2022-07-16 23:43:00,17.54, , , , 
2022-07-16 23:44:00,17.56, , , , 
2022-07-16 23:45:00,17.55, , , , 
2022-07-16 23:46:00,17.55, , , , 
2022-07-16 23:47:00,17.56, , , , 
2022-07-16 23:48:00,17.58, , , , 
2022-07-16 23:49:00,17.59, , , , 
2022-07-16 23:50:00,17.58, , , , 
2022-07-16 23:51:00,17.60, , , , 
2022-07-16 23:52:00,17.58, , , , 
2022-07-16 23:53:00,17.59, , , , 
2022-07-16 23:54:00,17.58, , , , 
2022-07-16 23:55:00,17.55, , , , 
2022-07-16 23:56:00,17.54, , , , 
2022-07-16 23:57:00,17.54, , , , 
2022-07-16 23:58:00,17.53, , , , 
2022-07-16 23:59:00,17.50, , , , 
2022-07-17 00:00:00,17.53, , , , 
2022-07-17 00:01:00,17.51, , , , 
2022-07-17 00:02:00,17.52, , , , 
2022-07-17 00:03:00,17.54, , , , 
2022-07-17 00:04:00,17.56, , , , 
2022-07-17 00:05:00,17.58, , , , 
2022-07-17 00:06:00,17.60, , , , 
2022-07-17 00:07:00,17.64, , , , 
2022-07-17 00:08:00,17.66, , , , 
2022-07-17 00:09:00,17.70, , , , 
2022-07-17 00:10:00,17.72, , , , 
2022-07-17 00:11:00,17.77, , , , 
2022-07-17 00:12:00,17.78, , , , 
2022-07-17 00:13:00,17.85, , , , 
2022-07-17 00:14:00,17.88, , , , 
2022-07-17 00:15:00,17.91, , , , 
2022-07-17 00:16:00,17.93, , , , 
2022-07-17 00:17:00,17.92, , , , 
2022-07-17 00:18:00,17.94, , , , 
2022-07-17 00:19:00,17.98, , , , 
2022-07-17 00:20:00,18.02, , , , 
2022-07-17 00:21:00,18.03, , , , 
2022-07-17 00:22:00,18.06, , , , 
2022-07-17 00:23:00,18.09, , , , 
2022-07-17 00:24:00,18.10, , , , 
2022-07-17 00:25:00,18.14, , , , 
2022-07-17 00:26:00,18.19, , , , 
2022-07-17 00:27:00,18.20, , , , 
2022-07-17 00:28:00,18.26, , , , 
2022-07-17 00:29:00,18.29, , , , 
2022-07-17 00:30:00,18.32, , , , 
2022-07-17 00:31:00,18.35, , , , 
2022-07-17 00:32:00,18.38, , , , 
2022-07-17 00:33:00,18.43, , , , 
2022-07-17 00:34:00,18.44, , , , 
2022-07-17 00:35:00,18.47, , , , 
2022-07-17 00:36:00,18.52, , , , 
2022-07-17 00:37:00,18.55, , , , 
2022-07-17 00:38:00,18.56, , , , 
2022-07-17 00:39:00,18.56, , , , 
2022-07-17 00:40:00,18.56, , , , 
2022-07-17 00:41:00,18.61, , , , 
2022-07-17 00:42:00,18.62, , , , 
2022-07-17 00:43:00,18.64, , , , 
2022-07-17 00:44:00,18.67, , , , 
2022-07-17 00:45:00,18.70, , , , 
2022-07-17 00:46:00,18.73, , , , 
2022-07-17 00:47:00,18.73, , , , 
2022-07-17 00:48:00,18.80, , , , 
2022-07-17 00:49:00,18.80, , , , 
2022-07-17 00:50:00,18.83, , , , 
2022-07-17 00:51:00,18.87, , , , 
2022-07-17 00:52:00,18.89, , , , 
2022-07-17 00:53:00,18.94, , , , 
2022-07-17 00:54:00,18.97, , , , 
2022-07-17 00:55:00,18.98, , , , 
2022-07-17 00:56:00,19.01, , , , 
2022-07-17 00:57:00,19.04, , , , 
2022-07-17 00:58:00,19.08, , , , 
2022-07-17 00:59:00,19.10, , , , 
2022-07-17 01:00:00,19.11, , , , 
2022-07-17 01:01:00,19.10, , , , 
2022-07-17 01:02:00,19.12, , , , 
2022-07-17 01:03:00,19.14, , , , 
2022-07-17 01:04:00,19.15, , , , 
2022-07-17 01:05:00,19.15, , , , 
2022-07-17 01:06:00,19.21, , , , 
2022-07-17 01:07:00,19.23, , , , 
2022-07-17 01:08:00,19.23, , , , 
2022-07-17 01:09:00,19.29, , , , 
2022-07-17 01:10:00,19.31, , , , 
2022-07-17 01:11:00,19.31, , , , 
2022-07-17 01:12:00,19.36, , , , 
2022-07-17 01:13:00,19.38, , , , 
2022-07-17 01:14:00,19.39, , , , 
2022-07-17 01:15:00,19.42, , , , 
2022-07-17 01:16:00,19.44, , , , 
2022-07-17 01:17:00,19.48, , , , 
2022-07-17 01:18:00,19.50, , , , 
2022-07-17 01:19:00,19.52, , , , 
2022-07-17 01:20:00,19.55, , , , 
2022-07-17 01:21:00,19.56, , , , 
2022-07-17 01:22:00,19.58, , , , 
2022-07-17 01:23:00,19.59, , , , 
2022-07-17 01:24:00,19.58, , , , 
2022-07-17 01:25:00,19.59, , , , 
2022-07-17 01:26:00,19.61, , , , 
2022-07-17 01:27:00,19.62, , , , 
2022-07-17 01:28:00,19.66, , , , 
2022-07-17 01:29:00,19.68, , , , 
2022-07-17 01:30:00,19.69, , , , 
2022-07-17 01:31:00,19.69, , , , 
2022-07-17 01:32:00,19.72, , , , 
2022-07-17 01:33:00,19.76, , , , 
2022-07-17 01:34:00,19.80, , , , 
2022-07-17 01:35:00,19.81, , , , 
2022-07-17 01:36:00,19.82, , , , 
2022-07-17 01:37:00,19.84, , , , 
2022-07-17 01:38:00,19.88, , , , 
2022-07-17 01:39:00,19.87, , , , 
2022-07-17 01:40:00,19.90, , , , 
2022-07-17 01:41:00,19.94, , , , 
2022-07-17 01:42:00,19.96, , , , 
2022-07-17 01:43:00,19.97, , , , 
2022-07-17 01:44:00,19.98, , , , 
2022-07-17 01:45:00,19.97, , , , 
2022-07-17 01:46:00,19.96, , , , 
2022-07-17 01:47:00,19.99, , , , 
2022-07-17 01:48:00,19.99, , , , 
2022-07-17 01:49:00,19.98, , , , 
2022-07-17 01:50:00,20.02, , , , 
2022-07-17 01:51:00,20.05, , , , 
2022-07-17 01:52:00,20.06, , , , 
2022-07-17 01:53:00,20.09, , , , 
2022-07-17 01:54:00,20.10, , , , 
2022-07-17 01:55:00,20.10, , , , 
2022-07-17 01:56:00,20.13, , , , 
2022-07-17 01:57:00,20.16, , , , 
2022-07-17 01:58:00,20.18, , , , 
2022-07-17 01:59:00,20.18, , , , 
2022-07-17 02:00:00,20.22, , , , 
2022-07-17 02:01:00,20.24, , , , 
2022-07-17 02:02:00,20.27, , , , 
2022-07-17 02:03:00,20.27, , , , 
2022-07-17 02:04:00,20.29, , , , 
2022-07-17 02:05:00,20.31, , , , 
2022-07-17 02:06:00,20.30, , , , 
2022-07-17 02:07:00,20.29, , , , 
2022-07-17 02:08:00,20.29, , , , 
2022-07-17 02:09:00,20.31, , , , 
2022-07-17 02:10:00,20.32, , , , 
2022-07-17 02:11:00,20.31, , , , 
2022-07-17 02:12:00,20.33, , , , 
2022-07-17 02:13:00,20.35, , , , 
2022-07-17 02:14:00,20.37, , , , 
2022-07-17 02:15:00,20.40, , , , 
2022-07-17 02:16:00,20.40, , , , 
2022-07-17 02:17:00,20.41, , , , 
2022-07-17 02:18:00,20.43, , , , 
2022-07-17 02:19:00,20.46, , , , 
2022-07-17 02:20:00,20.47, , , , 
2022-07-17 02:21:00,20.47, , , , 
2022-07-17 02:22:00,20.50, , , , 
2022-07-17 02:23:00,20.55, , , , 
2022-07-17 02:24:00,20.56, , , , 
2022-07-17 02:25:00,20.58, , , , 
2022-07-17 02:26:00,20.59, , , , 
2022-07-17 02:27:00,20.58, , , , 
2022-07-17 02:28:00,20.57, , , , 
2022-07-17 02:29:00,20.57, , , , 
2022-07-17 02:30:00,20.56, , , , 
2022-07-17 02:31:00,20.57, , , , 
2022-07-17 02:32:00,20.57, , , , 
2022-07-17 02:33:00,20.58, , , , 
2022-07-17 02:34:00,20.61, , , , 
2022-07-17 02:35:00,20.60, , , , 
2022-07-17 02:36:00,20.61, , , , 
2022-07-17 02:37:00,20.62, , , , 
2022-07-17 02:38:00,20.68, , , , 
2022-07-17 02:39:00,20.65, , , , 
2022-07-17 02:40:00,20.68, , , , 
2022-07-17 02:41:00,20.71, , , , 
2022-07-17 02:42:00,20.73, , , , 
2022-07-17 02:43:00,20.73, , , , 
2022-07-17 02:44:00,20.75, , , , 
2022-07-17 02:45:00,20.76, , , , 
2022-07-17 02:46:00,20.79, , , , 
2022-07-17 02:47:00,20.80, , , , 
2022-07-17 02:48:00,20.79, , , , 
2022-07-17 02:49:00,20.80, , , , 
2022-07-17 02:50:00,20.81, , , , 
2022-07-17 02:51:00,20.79, , , , 
2022-07-17 02:52:00,20.77, , , , 
2022-07-17 02:53:00,20.80, , , , 
2022-07-17 02:54:00,20.78, , , , 
2022-07-17 02:55:00,20.79, , , , 
2022-07-17 02:56:00,20.81, , , , 
2022-07-17 02:57:00,20.81, , , , 
2022-07-17 02:58:00,20.83, , , , 
2022-07-17 02:59:00,20.86, , , , 
2022-07-17 03:00:00,20.86, , , , 
2022-07-17 03:01:00,20.86, , , , 
2022-07-17 03:02:00,20.88, , , , 
2022-07-17 03:03:00,20.91, , , , 
2022-07-17 03:04:00,20.92, , , , 
2022-07-17 03:05:00,20.94, , , , 
2022-07-17 03:06:00,20.95, , , , 
2022-07-17 03:07:00,20.94, , , , 
2022-07-17 03:08:00,20.99, , , , 
2022-07-17 03:09:00,21.01, , , , 
2022-07-17 03:10:00,21.02, , , , 
2022-07-17 03:11:00,21.01, , , , 
2022-07-17 03:12:00,20.99, , , , 
2022-07-17 03:13:00,20.99, , , , 
2022-07-17 03:14:00,20.95, , , , 
2022-07-17 03:15:00,20.99, , , , 
2022-07-17 03:16:00,21.00, , , , 
2022-07-17 03:17:00,20.98, , , , 
2022-07-17 03:18:00,20.99, , , , 
2022-07-17 03:19:00,21.03, , , , 
2022-07-17 03:20:00,21.03, , , , 
2022-07-17 03:21:00,21.06, , , , 
2022-07-17 03:22:00,21.05, , , , 
2022-07-17 03:23:00,21.05, , , , 
2022-07-17 03:24:00,21.08, , , , 
2022-07-17 03:25:00,21.07, , , , 
2022-07-17 03:26:00,21.11, , , , 
2022-07-17 03:27:00,21.14, , , , 
2022-07-17 03:28:00,21.15, , , , 
2022-07-17 03:29:00,21.15, , , , 
2022-07-17 03:30:00,21.17, , , , 
2022-07-17 03:31:00,21.20, , , , 
2022-07-17 03:32:00,21.19, , , , 
2022-07-17 03:33:00,21.19, , , , 
2022-07-17 03:34:00,21.16, , , , 
2022-07-17 03:35:00,21.16, , , , 
2022-07-17 03:36:00,21.15, , , , 
2022-07-17 03:37:00,21.15, , , , 
2022-07-17 03:38:00,21.16, , , , 
2022-07-17 03:39:00,21.18, , , , 
2022-07-17 03:40:00,21.17, , , , 
2022-07-17 03:41:00,21.19, , , , 
2022-07-17 03:42:00,21.18, , , , 
2022-07-17 03:43:00,21.20, , , , 
2022-07-17 03:44:00,21.20, , , , 
2022-07-17 03:45:00,21.23, , , , 
2022-07-17 03:46:00,21.24, , , , 
2022-07-17 03:47:00,21.25, , , , 
2022-07-17 03:48:00,21.27, , , , 
2022-07-17 03:49:00,21.28, , , , 
2022-07-17 03:50:00,21.29, , , , 
2022-07-17 03:51:00,21.29, , , , 
2022-07-17 03:52:00,21.33, , , , 
2022-07-17 03:53:00,21.33, , , , 
2022-07-17 03:54:00,21.33, , , , 
2022-07-17 03:55:00,21.33, , , , 
2022-07-17 03:56:00,21.31, , , , 
2022-07-17 03:57:00,21.30, , , , 
2022-07-17 03:58:00,21.31, , , , 
2022-07-17 03:59:00,21.30, , , , 
2022-07-17 04:00:00,21.30, , , , 
2022-07-17 04:01:00,21.30, , , , 
2022-07-17 04:02:00,21.30, , , , 
2022-07-17 04:03:00,21.33, , , , 
2022-07-17 04:04:00,21.32, , , , 
2022-07-17 04:05:00,21.34, , , , 
2022-07-17 04:06:00,21.34, , , , 
2022-07-17 04:07:00,21.36, , , , 
2022-07-17 04:08:00,21.35, , , , 
2022-07-17 04:09:00,21.38, , , , 
2022-07-17 04:10:00,21.38, , , , 
2022-07-17 04:11:00,21.39, , , , 
2022-07-17 04:12:00,21.42, , , , 
2022-07-17 04:13:00,21.43, , , , 
2022-07-17 04:14:00,21.44, , , , 
2022-07-17 04:15:00,21.45, , , , 
2022-07-17 04:16:00,21.46, , , , 
2022-07-17 04:17:00,21.45, , , , 
2022-07-17 04:18:00,21.45, , , , 
2022-07-17 04:19:00,21.43, , , , 
2022-07-17 04:20:00,21.42, , , , 
2022-07-17 04:21:00,21.39, , , , 
2022-07-17 04:22:00,21.43, , , , 
2022-07-17 04:23:00,21.42, , , , 
2022-07-17 04:24:00,21.43, , , , 
2022-07-17 04:25:00,21.45, , , , 
2022-07-17 04:26:00,21.47, , , , 
2022-07-17 04:27:00,21.45, , , , 
2022-07-17 04:28:00,21.47, , , , 
2022-07-17 04:29:00,21.47, , , , 
2022-07-17 04:30:00,21.47, , , , 
2022-07-17 04:31:00,21.50, , , , 
2022-07-17 04:32:00,21.51, , , , 
2022-07-17 04:33:00,21.51, , , , 
2022-07-17 04:34:00,21.54, , , , 
2022-07-17 04:35:00,21.54, , , , 
2022-07-17 04:36:00,21.57, , , , 
2022-07-17 04:37:00,21.55, , , , 
2022-07-17 04:38:00,21.58, , , , 
2022-07-17 04:39:00,21.55, , , , 
2022-07-17 04:40:00,21.57, , , , 
2022-07-17 04:41:00,21.53, , , , 
2022-07-17 04:42:00,21.53, , , , 
2022-07-17 04:43:00,21.51, , , , 
2022-07-17 04:44:00,21.54, , , , 
2022-07-17 04:45:00,21.54, , , , 
2022-07-17 04:46:00,21.55, , , , 
2022-07-17 04:47:00,21.57, , , , 
2022-07-17 04:48:00,21.54, , , , 
2022-07-17 04:49:00,21.57, , , , 
2022-07-17 04:50:00,21.58, , , , 
2022-07-17 04:51:00,21.60, , , , 
2022-07-17 04:52:00,21.58, , , , 
2022-07-17 04:53:00,21.60, , , , 
2022-07-17 04:54:00,21.60, , , , 
2022-07-17 04:55:00,21.63, , , , 
2022-07-17 04:56:00,21.64, , , , 
2022-07-17 04:57:00,21.63, , , , 
2022-07-17 04:58:00,21.64, , , , 
2022-07-17 04:59:00,21.65, , , , 
2022-07-17 05:00:00,21.66, , , , 
2022-07-17 05:01:00,21.66, , , , 
2022-07-17 05:02:00,21.63, , , , 
2022-07-17 05:03:00,21.62, , , , 
2022-07-17 05:04:00,21.63, , , , 
2022-07-17 05:05:00,21.63, , , , 
2022-07-17 05:06:00,21.62, , , , 
2022-07-17 05:07:00,21.62, , , , 
2022-07-17 05:08:00,21.62, , , , 
2022-07-17 05:09:00,21.65, , , , 
2022-07-17 05:10:00,21.64, , , , 
2022-07-17 05:11:00,21.65, , , , 
2022-07-17 05:12:00,21.64, , , , 
2022-07-17 05:13:00,21.66, , , , 
2022-07-17 05:14:00,21.67, , , , 
2022-07-17 05:15:00,21.69, , , , 
2022-07-17 05:16:00,21.68, , , , 
2022-07-17 05:17:00,21.68, , , , 
2022-07-17 05:18:00,21.72, , , , 
2022-07-17 05:19:00,21.72, , , , 
2022-07-17 05:20:00,21.74, , , , 
2022-07-17 05:21:00,21.73, , , , 
2022-07-17 05:22:00,21.74, , , , 
2022-07-17 05:23:00,21.73, , , , 
2022-07-17 05:24:00,21.68, , , , 
2022-07-17 05:25:00,21.68, , , , 
2022-07-17 05:26:00,21.68, , , , 
2022-07-17 05:27:00,21.68, , , , 
2022-07-17 05:28:00,21.68, , , , 
2022-07-17 05:29:00,21.68, , , , 
2022-07-17 05:30:00,21.66, , , , 
2022-07-17 05:31:00,21.66, , , , 
2022-07-17 05:32:00,21.69, , , , 
2022-07-17 05:33:00,21.69, , , , 
2022-07-17 05:34:00,21.70, , , , 
2022-07-17 05:35:00,21.74, , , , 
2022-07-17 05:36:00,21.75, , , , 
2022-07-17 05:37:00,21.74, , , , 
2022-07-17 05:38:00,21.78, , , , 
2022-07-17 05:39:00,21.75, , , , 
2022-07-17 05:40:00,21.78, , , , 
2022-07-17 05:41:00,21.77, , , , 
2022-07-17 05:42:00,21.77, , , , 
2022-07-17 05:43:00,21.77, , , , 
2022-07-17 05:44:00,21.80, , , , 
2022-07-17 05:45:00,21.78, , , , 
2022-07-17 05:46:00,21.76, , , , 
2022-07-17 05:47:00,21.75, , , , 
2022-07-17 05:48:00,21.74, , , , 
2022-07-17 05:49:00,21.73, , , , 
2022-07-17 05:50:00,21.72, , , , 
2022-07-17 05:51:00,21.75, , , , 
2022-07-17 05:52:00,21.74, , , , 
2022-07-17 05:53:00,21.75, , , , 
2022-07-17 05:54:00,21.76, , , , 
2022-07-17 05:55:00,21.75, , , , 
2022-07-17 05:56:00,21.77, , , , 
2022-07-17 05:57:00,21.76, , , , 
2022-07-17 05:58:00,21.79, , , , 
2022-07-17 05:59:00,21.79, , , , 
2022-07-17 06:00:00,21.80, , , , 
2022-07-17 06:01:00,21.77, , , , 
2022-07-17 06:02:00,21.79, , , , 
2022-07-17 06:03:00,21.80, , , , 
2022-07-17 06:04:00,21.78, , , , 
2022-07-17 06:05:00,21.76, , , , 
2022-07-17 06:06:00,21.74, , , , 
2022-07-17 06:07:00,21.67, , , , 
2022-07-17 06:08:00,21.62, , , , 
2022-07-17 06:09:00,21.55, , , , 
2022-07-17 06:10:00,21.50, , , , 
2022-07-17 06:11:00,21.42, , , , 
2022-07-17 06:12:00,21.39, , , , 
2022-07-17 06:13:00,21.33, , , , 
2022-07-17 06:14:00,21.27, , , , 
2022-07-17 06:15:00,21.23, , , , 
2022-07-17 06:16:00,21.18, , , , 
2022-07-17 06:17:00,21.14, , , , 
2022-07-17 06:18:00,21.09, , , , 
2022-07-17 06:19:00,21.02, , , , 
2022-07-17 06:20:00,20.98, , , , 
2022-07-17 06:21:00,20.95, , , , 
2022-07-17 06:22:00,20.90, , , , 
2022-07-17 06:23:00,20.88, , , , 
2022-07-17 06:24:00,20.83, , , , 
2022-07-17 06:25:00,20.79, , , , 
2022-07-17 06:26:00,20.74, , , , 
2022-07-17 06:27:00,20.70, , , , 
2022-07-17 06:28:00,20.68, , , , 
2022-07-17 06:29:00,20.61, , , , 
2022-07-17 06:30:00,20.57, , , , 
2022-07-17 06:31:00,20.48, , , , 
2022-07-17 06:32:00,20.46, , , , 
2022-07-17 06:33:00,20.42, , , , 
2022-07-17 06:34:00,20.35, , , , 
2022-07-17 06:35:00,20.33, , , , 
2022-07-17 06:36:00,20.30, , , , 
2022-07-17 06:37:00,20.25, , , , 
2022-07-17 06:38:00,20.21, , , , 
2022-07-17 06:39:00,20.18, , , , 
2022-07-17 06:40:00,20.16, , , , 
2022-07-17 06:41:00,20.13, , , , 
2022-07-17 06:42:00,20.10, , , , 
2022-07-17 06:43:00,20.05, , , , 
2022-07-17 06:44:00,20.05, , , , 
2022-07-17 06:45:00,19.99, , , , 
2022-07-17 06:46:00,19.98, , , , 
2022-07-17 06:47:00,19.95, , , , 
2022-07-17 06:48:00,19.94, , , , 
2022-07-17 06:49:00,19.91, , , , 
2022-07-17 06:50:00,19.86, , , , 
2022-07-17 06:51:00,19.80, , , , 
2022-07-17 06:52:00,19.75, , , , 
2022-07-17 06:53:00,19.73, , , , 
2022-07-17 06:54:00,19.69, , , , 
2022-07-17 06:55:00,19.66, , , , 
2022-07-17 06:56:00,19.62, , , , 
2022-07-17 06:57:00,19.58, , , , 
2022-07-17 06:58:00,19.55, , , , 
2022-07-17 06:59:00,19.53, , , , 
2022-07-17 07:00:00,19.50, , , , 
2022-07-17 07:01:00,19.48, , , , 
2022-07-17 07:02:00,19.48, , , , 
2022-07-17 07:03:00,19.43, , , , 
2022-07-17 07:04:00,19.43, , , , 
2022-07-17 07:05:00,19.39, , , , 
2022-07-17 07:06:00,19.37, , , , 
2022-07-17 07:07:00,19.35, , , , 
2022-07-17 07:08:00,19.32, , , , 
2022-07-17 07:09:00,19.30, , , , 
2022-07-17 07:10:00,19.29, , , , 
2022-07-17 07:11:00,19.25, , , , 
2022-07-17 07:12:00,19.23, , , , 
2022-07-17 07:13:00,19.18, , , , 
2022-07-17 07:14:00,19.16, , , , 
2022-07-17 07:15:00,19.12, , , , 
2022-07-17 07:16:00,19.10, , , , 
2022-07-17 07:17:00,19.07, , , , 
2022-07-17 07:18:00,19.03, , , , 
2022-07-17 07:19:00,18.99, , , , 
2022-07-17 07:20:00,18.99, , , , 
2022-07-17 07:21:00,18.98, , , , 
2022-07-17 07:22:00,18.95, , , , 
2022-07-17 07:23:00,18.94, , , , 
2022-07-17 07:24:00,18.93, , , , 
2022-07-17 07:25:00,18.88, , , , 
2022-07-17 07:26:00,18.88, , , , 
2022-07-17 07:27:00,18.86, , , , 
2022-07-17 07:28:00,18.86, , , , 
2022-07-17 07:29:00,18.85, , , , 
2022-07-17 07:30:00,18.82, , , , 
2022-07-17 07:31:00,18.81, , , , 
2022-07-17 07:32:00,18.82, , , , 
2022-07-17 07:33:00,18.81, , , , 
2022-07-17 07:34:00,18.76, , , , 
2022-07-17 07:35:00,18.69, , , , 
2022-07-17 07:36:00,18.66, , , , 
2022-07-17 07:37:00,18.64, , , , 
2022-07-17 07:38:00,18.62, , , , 
2022-07-17 07:39:00,18.59, , , , 
2022-07-17 07:40:00,18.59, , , , 
2022-07-17 07:41:00,18.57, , , , 
2022-07-17 07:42:00,18.54, , , , 
2022-07-17 07:43:00,18.53, , , , 
2022-07-17 07:44:00,18.52, , , , 
2022-07-17 07:45:00,18.51, , , , 
2022-07-17 07:46:00,18.51, , , , 
2022-07-17 07:47:00,18.48, , , , 
2022-07-17 07:48:00,18.48, , , , 
2022-07-17 07:49:00,18.46, , , , 
2022-07-17 07:50:00,18.44, , , , 
2022-07-17 07:51:00,18.44, , , , 
2022-07-17 07:52:00,18.43, , , , 
2022-07-17 07:53:00,18.42, , , , 
2022-07-17 07:54:00,18.42, , , , 
2022-07-17 07:55:00,18.39, , , , 
2022-07-17 07:56:00,18.38, , , , 
2022-07-17 07:57:00,18.34, , , , 
2022-07-17 07:58:00,18.33, , , , 
2022-07-17 07:59:00,18.29, , , , 
2022-07-17 08:00:00,18.28, , , , 
2022-07-17 08:01:00,18.26, , , , 
2022-07-17 08:02:00,18.22, , , , 
2022-07-17 08:03:00,18.21, , , , 
2022-07-17 08:04:00,18.20, , , , 
2022-07-17 08:05:00,18.18, , , , 
2022-07-17 08:06:00,18.20, , , , 
2022-07-17 08:07:00,18.18, , , , 
2022-07-17 08:08:00,18.20, , , , 
2022-07-17 08:09:00,18.18, , , , 
2022-07-17 08:10:00,18.15, , , , 
2022-07-17 08:11:00,18.15, , , , 
2022-07-17 08:12:00,18.14, , , , 
2022-07-17 08:13:00,18.14, , , , 
2022-07-17 08:14:00,18.13, , , , 
2022-07-17 08:15:00,18.13, , , , 
2022-07-17 08:16:00,18.13, , , , 
2022-07-17 08:17:00,18.13, , , , 
2022-07-17 08:18:00,18.08, , , , 
2022-07-17 08:19:00,18.06, , , , 
2022-07-17 08:20:00,18.04, , , , 
2022-07-17 08:21:00,17.99, , , , 
2022-07-17 08:22:00,17.98, , , , 
2022-07-17 08:23:00,17.99, , , , 
2022-07-17 08:24:00,17.99, , , , 
2022-07-17 08:25:00,17.97, , , , 
2022-07-17 08:26:00,17.96, , , , 
2022-07-17 08:27:00,17.95, , , , 
2022-07-17 08:28:00,17.96, , , , 
2022-07-17 08:29:00,17.94, , , , 
2022-07-17 08:30:00,17.92, , , , 
2022-07-17 08:31:00,17.92, , , , 
2022-07-17 08:32:00,17.93, , , , 
2022-07-17 08:33:00,17.92, , , , 
2022-07-17 08:34:00,17.92, , , , 
2022-07-17 08:35:00,17.94, , , , 
2022-07-17 08:36:00,17.90, , , , 
2022-07-17 08:37:00,17.92, , , , 
2022-07-17 08:38:00,17.92, , , , 
2022-07-17 08:39:00,17.90, , , , 
2022-07-17 08:40:00,17.88, , , , 
2022-07-17 08:41:00,17.85, , , , 
2022-07-17 08:42:00,17.81, , , , 
2022-07-17 08:43:00,17.84, , , , 
2022-07-17 08:44:00,17.81, , , , 
2022-07-17 08:45:00,17.79, , , , 
2022-07-17 08:46:00,17.79, , , , 
2022-07-17 08:47:00,17.76, , , , 
2022-07-17 08:48:00,17.76, , , , 
2022-07-17 08:49:00,17.76, , , , 
2022-07-17 08:50:00,17.75, , , , 
2022-07-17 08:51:00,17.77, , , , 
2022-07-17 08:52:00,17.77, , , , 
2022-07-17 08:53:00,17.76, , , , 
2022-07-17 08:54:00,17.76, , , , 
2022-07-17 08:55:00,17.76, , , , 
2022-07-17 08:56:00,17.76, , , , 
2022-07-17 08:57:00,17.75, , , , 
2022-07-17 08:58:00,17.76, , , , 
2022-07-17 08:59:00,17.76, , , , 
2022-07-17 09:00:00,17.76, , , , 
2022-07-17 09:01:00,17.75, , , , 
2022-07-17 09:02:00,17.74, , , , 
2022-07-17 09:03:00,17.70, , , , 
2022-07-17 09:04:00,17.68, , , , 
2022-07-17 09:05:00,17.66, , , , 
2022-07-17 09:06:00,17.65, , , , 
2022-07-17 09:07:00,17.66, , , , 
2022-07-17 09:08:00,17.63, , , , 
2022-07-17 09:09:00,17.66, , , , 
2022-07-17 09:10:00,17.64, , , , 
2022-07-17 09:11:00,17.62, , , , 
2022-07-17 09:12:00,17.64, , , , 
2022-07-17 09:13:00,17.64, , , , 
2022-07-17 09:14:00,17.65, , , , 
2022-07-17 09:15:00,17.63, , , , 
2022-07-17 09:16:00,17.64, , , , 
2022-07-17 09:17:00,17.66, , , , 
2022-07-17 09:18:00,17.64, , , , 
2022-07-17 09:19:00,17.65, , , , 
2022-07-17 09:20:00,17.66, , , , 
2022-07-17 09:21:00,17.66, , , , 
2022-07-17 09:22:00,17.65, , , , 
2022-07-17 09:23:00,17.64, , , , 
2022-07-17 09:24:00,17.64, , , , 
2022-07-17 09:25:00,17.62, , , , 
2022-07-17 09:26:00,17.62, , , , 
2022-07-17 09:27:00,17.59, , , , 
2022-07-17 09:28:00,17.59, , , , 
2022-07-17 09:29:00,17.56, , , , 
2022-07-17 09:30:00,17.56, , , , 
2022-07-17 09:31:00,17.55, , , , 
2022-07-17 09:32:00,17.56, , , , 
2022-07-17 09:33:00,17.56, , , , 
2022-07-17 09:34:00,17.56, , , , 
2022-07-17 09:35:00,17.58, , , , 
2022-07-17 09:36:00,17.59, , , , 
2022-07-17 09:37:00,17.58, , , , 
2022-07-17 09:38:00,17.58, , , , 
2022-07-17 09:39:00,17.60, , , , 
2022-07-17 09:40:00,17.60, , , , 
2022-07-17 09:41:00,17.58, , , , 
2022-07-17 09:42:00,17.59, , , , 
2022-07-17 09:43:00,17.62, , , , 
2022-07-17 09:44:00,17.60, , , , 
2022-07-17 09:45:00,17.61, , , , 
2022-07-17 09:46:00,17.58, , , , 
2022-07-17 09:47:00,17.58, , , , 
2022-07-17 09:48:00,17.55, , , , 
2022-07-17 09:49:00,17.54, , , , 
2022-07-17 09:50:00,17.51, , , , 
2022-07-17 09:51:00,17.53, , , , 
2022-07-17 09:52:00,17.53, , , , 
2022-07-17 09:53:00,17.51, , , , 
2022-07-17 09:54:00,17.53, , , , 
2022-07-17 09:55:00,17.54, , , , 
2022-07-17 09:56:00,17.53, , , , 
2022-07-17 09:57:00,17.50, , , , 
2022-07-17 09:58:00,17.53, , , , 
2022-07-17 09:59:00,17.53, , , , 
2022-07-17 10:00:00,17.54, , , , 
2022-07-17 10:01:00,17.54, , , , 
2022-07-17 10:02:00,17.54, , , , 
2022-07-17 10:03:00,17.56, , , , 
2022-07-17 10:04:00,17.54, , , , 
2022-07-17 10:05:00,17.56, , , , 
2022-07-17 10:06:00,17.58, , , , 
2022-07-17 10:07:00,17.55, , , , 
2022-07-17 10:08:00,17.54, , , , 
2022-07-17 10:09:00,17.54, , , , 
2022-07-17 10:10:00,17.52, , , , 
2022-07-17 10:11:00,17.52, , , , 
2022-07-17 10:12:00,17.50, , , , 
2022-07-17 10:13:00,17.49, , , , 
2022-07-17 10:14:00,17.50, , , , 
2022-07-17 10:15:00,17.48, , , , 
2022-07-17 10:16:00,17.50, , , , 
2022-07-17 10:17:00,17.49, , , , 
2022-07-17 10:18:00,17.50, , , , 
2022-07-17 10:19:00,17.51, , , , 
2022-07-17 10:20:00,17.53, , , , 
2022-07-17 10:21:00,17.51, , , , 
2022-07-17 10:22:00,17.50, , , , 
2022-07-17 10:23:00,17.51, , , , 
2022-07-17 10:24:00,17.52, , , , 
2022-07-17 10:25:00,17.51, , , , 
2022-07-17 10:26:00,17.52, , , , 
2022-07-17 10:27:00,17.54, , , , 
2022-07-17 10:28:00,17.53, , , , 
2022-07-17 10:29:00,17.54, , , , 
2022-07-17 10:30:00,17.52, , , , 
2022-07-17 10:31:00,17.49, , , , 
2022-07-17 10:32:00,17.47, , , , 
2022-07-17 10:33:00,17.49, , , , 
2022-07-17 10:34:00,17.47, , , , 
2022-07-17 10:35:00,17.46, , , , 
2022-07-17 10:36:00,17.47, , , , 
2022-07-17 10:37:00,17.48, , , , 
2022-07-17 10:38:00,17.49, , , , 
2022-07-17 10:39:00,17.48, , , , 
2022-07-17 10:40:00,17.47, , , , 
2022-07-17 10:41:00,17.49, , , , 
2022-07-17 10:42:00,17.50, , , , 
2022-07-17 10:43:00,17.48, , , , 
2022-07-17 10:44:00,17.49, , , , 
2022-07-17 10:45:00,17.51, , , , 
2022-07-17 10:46:00,17.51, , , , 
2022-07-17 10:47:00,17.51, , , , 
2022-07-17 10:48:00,17.52, , , , 
2022-07-17 10:49:00,17.51, , , , 
2022-07-17 10:50:00,17.51, , , , 
2022-07-17 10:51:00,17.50, , , , 
2022-07-17 10:52:00,17.50, , , , 
2022-07-17 10:53:00,17.49, , , , 
2022-07-17 10:54:00,17.48, , , , 
2022-07-17 10:55:00,17.48, , , , 
2022-07-17 10:56:00,17.49, , , , 
2022-07-17 10:57:00,17.48, , , , 
2022-07-17 10:58:00,17.46, , , , 
2022-07-17 10:59:00,17.48, , , , 
2022-07-17 11:00:00,17.47, , , , 
2022-07-17 11:01:00,17.46, , , , 
2022-07-17 11:02:00,17.48, , , , 
2022-07-17 11:03:00,17.48, , , , 
2022-07-17 11:04:00,17.49, , , , 
2022-07-17 11:05:00,17.49, , , , 
2022-07-17 11:06:00,17.49, , , , 
2022-07-17 11:07:00,17.49, , , , 
2022-07-17 11:08:00,17.51, , , , 
2022-07-17 11:09:00,17.50, , , , 
2022-07-17 11:10:00,17.50, , , , 
2022-07-17 11:11:00,17.51, , , , 
2022-07-17 11:12:00,17.51, , , , 
2022-07-17 11:13:00,17.49, , , , 
2022-07-17 11:14:00,17.49, , , , 
2022-07-17 11:15:00,17.49, , , , 
2022-07-17 11:16:00,17.47, , , , 
2022-07-17 11:17:00,17.46, , , , 
2022-07-17 11:18:00,17.45, , , , 
2022-07-17 11:19:00,17.46, , , , 
2022-07-17 11:20:00,17.46, , , , 
2022-07-17 11:21:00,17.45, , , , 
2022-07-17 11:22:00,17.46, , , , 
2022-07-17 11:23:00,17.46, , , , 
2022-07-17 11:24:00,17.46, , , , 
2022-07-17 11:25:00,17.46, , , , 
2022-07-17 11:26:00,17.47, , , , 
2022-07-17 11:27:00,17.48, , , , 
2022-07-17 11:28:00,17.48, , , , 
2022-07-17 11:29:00,17.49, , , , 
2022-07-17 11:30:00,17.50, , , , 
2022-07-17 11:31:00,17.50, , , , 
2022-07-17 11:32:00,17.49, , , , 
2022-07-17 11:33:00,17.51, , , , 
2022-07-17 11:34:00,17.51, , , , 
2022-07-17 11:35:00,17.51, , , , 
2022-07-17 11:36:00,17.48, , , , 
2022-07-17 11:37:00,17.47, , , , 
2022-07-17 11:38:00,17.47, , , , 
2022-07-17 11:39:00,17.45, , , , 
2022-07-17 11:40:00,17.45, , , , 
2022-07-17 11:41:00,17.41, , , , 
2022-07-17 11:42:00,17.43, , , , 
2022-07-17 11:43:00,17.45, , , , 
2022-07-17 11:44:00,17.45, , , , 
2022-07-17 11:45:00,17.46, , , , 
2022-07-17 11:46:00,17.46, , , , 
2022-07-17 11:47:00,17.46, , , , 
2022-07-17 11:48:00,17.48, , , , 
2022-07-17 11:49:00,17.46, , , , 
2022-07-17 11:50:00,17.47, , , , 
2022-07-17 11:51:00,17.49, , , , 
2022-07-17 11:52:00,17.49, , , , 
2022-07-17 11:53:00,17.46, , , , 
2022-07-17 11:54:00,17.48, , , , 
2022-07-17 11:55:00,17.52, , , , 
2022-07-17 11:56:00,17.51, , , , 
2022-07-17 11:57:00,17.50, , , , 
2022-07-17 11:58:00,17.48, , , , 
2022-07-17 11:59:00,17.46, , , , 
2022-07-17 12:00:00,17.45, , , , 
2022-07-17 12:01:00,17.46, , , , 
2022-07-17 12:02:00,17.46, , , , 
2022-07-17 12:03:00,17.44, , , , 
2022-07-17 12:04:00,17.44, , , , 
2022-07-17 12:05:00,17.47, , , , 
2022-07-17 12:06:00,17.50, , , , 
2022-07-17 12:07:00,17.52, , , , 
2022-07-17 12:08:00,17.54, , , , 
2022-07-17 12:09:00,17.58, , , , 
2022-07-17 12:10:00,17.60, , , , 
2022-07-17 12:11:00,17.64, , , , 
2022-07-17 12:12:00,17.70, , , , 
2022-07-17 12:13:00,17.73, , , , 
2022-07-17 12:14:00,17.76, , , , 
2022-07-17 12:15:00,17.80, , , , 
2022-07-17 12:16:00,17.82, , , , 
2022-07-17 12:17:00,17.88, , , , 
2022-07-17 12:18:00,17.91, , , , 
2022-07-17 12:19:00,17.92, , , , 
2022-07-17 12:20:00,17.94, , , , 
2022-07-17 12:21:00,17.96, , , , 
2022-07-17 12:22:00,17.96, , , , 
2022-07-17 12:23:00,17.99, , , , 
2022-07-17 12:24:00,18.03, , , , 
2022-07-17 12:25:00,18.05, , , , 
2022-07-17 12:26:00,18.09, , , , 
2022-07-17 12:27:00,18.13, , , , 
2022-07-17 12:28:00,18.15, , , , 
2022-07-17 12:29:00,18.18, , , , 
2022-07-17 12:30:00,18.20, , , , 
2022-07-17 12:31:00,18.24, , , , 
2022-07-17 12:32:00,18.27, , , , 
2022-07-17 12:33:00,18.33, , , , 
2022-07-17 12:34:00,18.38, , , , 
2022-07-17 12:35:00,18.40, , , , 
2022-07-17 12:36:00,18.42, , , , 
2022-07-17 12:37:00,18.48, , , , 
2022-07-17 12:38:00,18.50, , , , 
2022-07-17 12:39:00,18.51, , , , 
2022-07-17 12:40:00,18.54, , , , 
2022-07-17 12:41:00,18.57, , , , 
2022-07-17 12:42:00,18.56, , , , 
2022-07-17 12:43:00,18.62, , , , 
2022-07-17 12:44:00,18.59, , , , 
2022-07-17 12:45:00,18.64, , , , 
2022-07-17 12:46:00,18.65, , , , 
2022-07-17 12:47:00,18.68, , , , 
2022-07-17 12:48:00,18.72, , , , 
2022-07-17 12:49:00,18.71, , , , 
2022-07-17 12:50:00,18.78, , , , 
2022-07-17 12:51:00,18.81, , , , 
2022-07-17 12:52:00,18.83, , , , 
2022-07-17 12:53:00,18.86, , , , 
2022-07-17 12:54:00,18.89, , , , 
2022-07-17 12:55:00,18.92, , , , 
2022-07-17 12:56:00,18.96, , , , 
2022-07-17 12:57:00,18.98, , , , 
2022-07-17 12:58:00,19.01, , , , 
2022-07-17 12:59:00,19.06, , , , 
2022-07-17 13:00:00,19.07, , , , 
2022-07-17 13:01:00,19.11, , , , 
2022-07-17 13:02:00,19.15, , , , 
2022-07-17 13:03:00,19.15, , , , 
2022-07-17 13:04:00,19.15, , , , 
2022-07-17 13:05:00,19.15, , , , 
2022-07-17 13:06:00,19.16, , , , 
2022-07-17 13:07:00,19.20, , , , 
2022-07-17 13:08:00,19.20, , , , 
2022-07-17 13:09:00,19.24, , , , 
2022-07-17 13:10:00,19.25, , , , 
2022-07-17 13:11:00,19.28, , , , 
2022-07-17 13:12:00,19.30, , , , 
2022-07-17 13:13:00,19.32, , , , 
2022-07-17 13:14:00,19.35, , , , 
2022-07-17 13:15:00,19.38, , , , 
2022-07-17 13:16:00,19.42, , , , 
2022-07-17 13:17:00,19.44, , , , 
2022-07-17 13:18:00,19.48, , , , 
2022-07-17 13:19:00,19.48, , , , 
2022-07-17 13:20:00,19.52, , , , 
2022-07-17 13:21:00,19.55, , , , 
2022-07-17 13:22:00,19.57, , , , 
2022-07-17 13:23:00,19.61, , , , 
2022-07-17 13:24:00,19.61, , , , 
2022-07-17 13:25:00,19.63, , , , 
2022-07-17 13:26:00,19.62, , , , 
2022-07-17 13:27:00,19.65, , , , 
2022-07-17 13:28:00,19.66, , , , 
2022-07-17 13:29:00,19.66, , , , 
2022-07-17 13:30:00,19.68, , , , 
2022-07-17 13:31:00,19.69, , , , 
2022-07-17 13:32:00,19.71, , , , 
2022-07-17 13:33:00,19.72, , , , 
2022-07-17 13:34:00,19.74, , , , 
2022-07-17 13:35:00,19.77, , , , 
2022-07-17 13:36:00,19.81, , , , 
2022-07-17 13:37:00,19.83, , , , 
2022-07-17 13:38:00,19.86, , , , 
2022-07-17 13:39:00,19.85, , , , 
2022-07-17 13:40:00,19.89, , , , 
2022-07-17 13:41:00,19.91, , , , 
2022-07-17 13:42:00,19.96, , , , 
2022-07-17 13:43:00,19.97, , , , 
2022-07-17 13:44:00,20.00, , , , 
2022-07-17 13:45:00,20.01, , , , 
2022-07-17 13:46:00,20.04, , , , 
2022-07-17 13:47:00,20.04, , , , 
2022-07-17 13:48:00,20.04, , , , 
2022-07-17 13:49:00,20.05, , , , 
2022-07-17 13:50:00,20.05, , , , 
2022-07-17 13:51:00,20.06, , , , 
2022-07-17 13:52:00,20.09, , , , 
2022-07-17 13:53:00,20.11, , , , 
2022-07-17 13:54:00,20.11, , , , 
2022-07-17 13:55:00,20.12, , , , 
2022-07-17 13:56:00,20.15, , , , 
2022-07-17 13:57:00,20.18, , , , 
2022-07-17 13:58:00,20.19, , , , 
2022-07-17 13:59:00,20.25, , , , 
2022-07-17 14:00:00,20.22, , , , 
2022-07-17 14:01:00,20.27, , , , 
2022-07-17 14:02:00,20.28, , , , 
2022-07-17 14:03:00,20.30, , , , 
2022-07-17 14:04:00,20.34, , , , 
2022-07-17 14:05:00,20.34, , , , 
2022-07-17 14:06:00,20.35, , , , 
2022-07-17 14:07:00,20.36, , , , 
2022-07-17 14:08:00,20.40, , , , 
2022-07-17 14:09:00,20.41, , , , 
2022-07-17 14:10:00,20.39, , , , 
2022-07-17 14:11:00,20.40, , , , 
2022-07-17 14:12:00,20.42, , , , 
2022-07-17 14:13:00,20.42, , , , 
2022-07-17 14:14:00,20.43, , , , 
2022-07-17 14:15:00,20.43, , , , 
2022-07-17 14:16:00,20.46, , , , 
2022-07-17 14:17:00,20.46, , , , 
2022-07-17 14:18:00,20.49, , , , 
2022-07-17 14:19:00,20.51, , , , 
2022-07-17 14:20:00,20.54, , , , 
2022-07-17 14:21:00,20.56, , , , 
2022-07-17 14:22:00,20.56, , , , 
2022-07-17 14:23:00,20.58, , , , 
2022-07-17 14:24:00,20.59, , , , 
2022-07-17 14:25:00,20.63, , , , 
2022-07-17 14:26:00,20.64, , , , 
2022-07-17 14:27:00,20.64, , , , 
2022-07-17 14:28:00,20.64, , , , 
2022-07-17 14:29:00,20.70, , , , 
2022-07-17 14:30:00,20.70, , , , 
2022-07-17 14:31:00,20.70, , , , 
2022-07-17 14:32:00,20.69, , , , 
2022-07-17 14:33:00,20.69, , , , 
2022-07-17 14:34:00,20.69, , , , 
2022-07-17 14:35:00,20.69, , , , 
2022-07-17 14:36:00,20.72, , , , 
2022-07-17 14:37:00,20.69, , , , 
2022-07-17 14:38:00,20.73, , , , 
2022-07-17 14:39:00,20.73, , , , 
2022-07-17 14:40:00,20.77, , , , 
2022-07-17 14:41:00,20.77, , , , 
2022-07-17 14:42:00,20.77, , , , 
2022-07-17 14:43:00,20.79, , , , 
2022-07-17 14:44:00,20.81, , , , 
2022-07-17 14:45:00,20.85, , , , 
2022-07-17 14:46:00,20.86, , , , 
2022-07-17 14:47:00,20.89, , , , 
2022-07-17 14:48:00,20.87, , , , 
2022-07-17 14:49:00,20.91, , , , 
2022-07-17 14:50:00,20.93, , , , 
2022-07-17 14:51:00,20.93, , , , 
2022-07-17 14:52:00,20.94, , , , 
2022-07-17 14:53:00,20.94, , , , 
2022-07-17 14:54:00,20.94, , , , 
2022-07-17 14:55:00,20.94, , , , 
2022-07-17 14:56:00,20.94, , , , 
2022-07-17 14:57:00,20.93, , , , 
2022-07-17 14:58:00,20.95, , , , 
2022-07-17 14:59:00,20.95, , , , 
2022-07-17 15:00:00,20.95, , , , 
2022-07-17 15:01:00,21.00, , , , 
2022-07-17 15:02:00,21.01, , , , 
2022-07-17 15:03:00,21.00, , , , 
2022-07-17 15:04:00,21.03, , , , 
2022-07-17 15:05:00,21.03, , , , 
2022-07-17 15:06:00,21.05, , , , 
2022-07-17 15:07:00,21.04, , , , 
2022-07-17 15:08:00,21.07, , , , 
2022-07-17 15:09:00,21.09, , , , 
2022-07-17 15:10:00,21.11, , , , 
2022-07-17 15:11:00,21.14, , , , 
2022-07-17 15:12:00,21.13, , , , 
2022-07-17 15:13:00,21.17, , , , 
2022-07-17 15:14:00,21.17, , , , 
2022-07-17 15:15:00,21.15, , , , 
2022-07-17 15:16:00,21.15, , , , 
2022-07-17 15:17:00,21.18, , , , 
2022-07-17 15:18:00,21.15, , , , 
2022-07-17 15:19:00,21.15, , , , 
2022-07-17 15:20:00,21.16, , , , 
2022-07-17 15:21:00,21.18, , , , 
2022-07-17 15:22:00,21.18, , , , 
2022-07-17 15:23:00,21.19, , , , 
2022-07-17 15:24:00,21.22, , , , 
2022-07-17 15:25:00,21.22, , , , 
2022-07-17 15:26:00,21.23, , , , 
2022-07-17 15:27:00,21.23, , , , 
2022-07-17 15:28:00,21.24, , , , 
2022-07-17 15:29:00,21.29, , , , 
2022-07-17 15:30:00,21.30, , , , 
2022-07-17 15:31:00,21.31, , , , 
2022-07-17 15:32:00,21.33, , , , 
2022-07-17 15:33:00,21.33, , , , 
2022-07-17 15:34:00,21.33, , , , 
2022-07-17 15:35:00,21.36, , , , 
2022-07-17 15:36:00,21.36, , , , 
2022-07-17 15:37:00,21.34, , , , 
2022-07-17 15:38:00,21.34, , , , 
2022-07-17 15:39:00,21.33, , , , 
2022-07-17 15:40:00,21.33, , , , 
2022-07-17 15:41:00,21.33, , , , 
2022-07-17 15:42:00,21.34, , , , 
2022-07-17 15:43:00,21.32, , , , 
2022-07-17 15:44:00,21.36, , , , 
2022-07-17 15:45:00,21.36, , , , 
2022-07-17 15:46:00,21.40, , , , 
2022-07-17 15:47:00,21.39, , , , 
2022-07-17 15:48:00,21.40, , , , 
2022-07-17 15:49:00,21.40, , , , 
2022-07-17 15:50:00,21.42, , , , 
2022-07-17 15:51:00,21.45, , , , 
2022-07-17 15:52:00,21.46, , , , 
2022-07-17 15:53:00,21.48, , , , 
2022-07-17 15:54:00,21.49, , , , 
2022-07-17 15:55:00,21.49, , , , 
2022-07-17 15:56:00,21.51, , , , 
2022-07-17 15:57:00,21.51, , , , 
2022-07-17 15:58:00,21.50, , , , 
2022-07-17 15:59:00,21.52, , , , 
2022-07-17 16:00:00,21.50, , , , 
2022-07-17 16:01:00,21.49, , , , 
2022-07-17 16:02:00,21.49, , , , 
2022-07-17 16:03:00,21.47, , , , 
2022-07-17 16:04:00,21.49, , , , 
2022-07-17 16:05:00,21.51, , , , 
2022-07-17 16:06:00,21.51, , , , 
2022-07-17 16:07:00,21.51, , , , 
2022-07-17 16:08:00,21.54, , , , 
2022-07-17 16:09:00,21.51, , , , 
2022-07-17 16:10:00,21.52, , , , 
2022-07-17 16:11:00,21.53, , , , 
2022-07-17 16:12:00,21.58, , , , 
2022-07-17 16:13:00,21.59, , , , 
2022-07-17 16:14:00,21.59, , , , 
2022-07-17 16:15:00,21.60, , , , 
2022-07-17 16:16:00,21.60, , , , 
2022-07-17 16:17:00,21.63, , , , 
2022-07-17 16:18:00,21.62, , , , 
2022-07-17 16:19:00,21.63, , , , 
2022-07-17 16:20:00,21.64, , , , 
2022-07-17 16:21:00,21.62, , , , 
2022-07-17 16:22:00,21.61, , , , 
2022-07-17 16:23:00,21.62, , , , 
2022-07-17 16:24:00,21.60, , , , 
2022-07-17 16:25:00,21.61, , , , 
2022-07-17 16:26:00,21.62, , , , 
2022-07-17 16:27:00,21.61, , , , 
2022-07-17 16:28:00,21.63, , , , 
2022-07-17 16:29:00,21.62, , , , 
2022-07-17 16:30:00,21.64, , , , 
2022-07-17 16:31:00,21.64, , , , 
2022-07-17 16:32:00,21.65, , , , 
2022-07-17 16:33:00,21.67, , , , 
2022-07-17 16:34:00,21.68, , , , 
2022-07-17 16:35:00,21.69, , , , 
2022-07-17 16:36:00,21.72, , , , 
2022-07-17 16:37:00,21.69, , , , 
2022-07-17 16:38:00,21.73, , , , 
2022-07-17 16:39:00,21.73, , , , 
2022-07-17 16:40:00,21.73, , , , 
2022-07-17 16:41:00,21.75, , , , 
2022-07-17 16:42:00,21.74, , , , 
2022-07-17 16:43:00,21.74, , , , 
2022-07-17 16:44:00,21.73, , , , 
2022-07-17 16:45:00,21.72, , , , 
2022-07-17 16:46:00,21.69, , , , 
2022-07-17 16:47:00,21.72, , , , 
2022-07-17 16:48:00,21.73, , , , 
2022-07-17 16:49:00,21.74, , , , 
2022-07-17 16:50:00,21.73, , , , 
2022-07-17 16:51:00,21.75, , , , 
2022-07-17 16:52:00,21.77, , , , 
2022-07-17 16:53:00,21.77, , , , 
2022-07-17 16:54:00,21.77, , , , 
2022-07-17 16:55:00,21.78, , , , 
2022-07-17 16:56:00,21.82, , , , 
2022-07-17 16:57:00,21.81, , , , 
2022-07-17 16:58:00,21.80, , , , 
2022-07-17 16:59:00,21.82, , , , 
2022-07-17 17:00:00,21.84, , , , 
2022-07-17 17:01:00,21.83, , , , 
2022-07-17 17:02:00,21.84, , , , 
2022-07-17 17:03:00,21.85, , , , 
2022-07-17 17:04:00,21.85, , , , 
2022-07-17 17:05:00,21.84, , , , 
2022-07-17 17:06:00,21.82, , , , 
2022-07-17 17:07:00,21.81, , , , 
2022-07-17 17:08:00,21.82, , , , 
2022-07-17 17:09:00,21.82, , , , 
2022-07-17 17:10:00,21.82, , , , 
2022-07-17 17:11:00,21.82, , , , 
2022-07-17 17:12:00,21.82, , , , 
2022-07-17 17:13:00,21.83, , , , 
2022-07-17 17:14:00,21.85, , , , 
2022-07-17 17:15:00,21.84, , , , 
2022-07-17 17:16:00,21.88, , , , 
2022-07-17 17:17:00,21.87, , , , 
2022-07-17 17:18:00,21.89, , , , 
2022-07-17 17:19:00,21.89, , , , 
2022-07-17 17:20:00,21.90, , , , 
2022-07-17 17:21:00,21.90, , , , 
2022-07-17 17:22:00,21.93, , , , 
2022-07-17 17:23:00,21.93, , , , 
2022-07-17 17:24:00,21.95, , , , 
2022-07-17 17:25:00,21.94, , , , 
2022-07-17 17:26:00,21.93, , , , 
2022-07-17 17:27:00,21.91, , , , 
2022-07-17 17:28:00,21.90, , , , 
2022-07-17 17:29:00,21.92, , , , 
2022-07-17 17:30:00,21.90, , , , 
2022-07-17 17:31:00,21.89, , , , 
2022-07-17 17:32:00,21.91, , , , 
2022-07-17 17:33:00,21.92, , , , 
2022-07-17 17:34:00,21.93, , , , 
2022-07-17 17:35:00,21.95, , , , 
2022-07-17 17:36:00,21.93, , , , 
2022-07-17 17:37:00,21.96, , , , 
2022-07-17 17:38:00,21.96, , , , 
2022-07-17 17:39:00,21.94, , , , 
2022-07-17 17:40:00,21.97, , , , 
2022-07-17 17:41:00,21.96, , , , 
2022-07-17 17:42:00,21.99, , , , 
2022-07-17 17:43:00,21.98, , , , 
2022-07-17 17:44:00,21.98, , , , 
2022-07-17 17:45:00,21.99, , , , 
2022-07-17 17:46:00,22.02, , , , 
2022-07-17 17:47:00,22.01, , , , 
2022-07-17 17:48:00,22.03, , , , 
2022-07-17 17:49:00,21.99, , , , 
2022-07-17 17:50:00,21.98, , , , 
2022-07-17 17:51:00,21.99, , , , 
2022-07-17 17:52:00,21.98, , , , 
2022-07-17 17:53:00,21.99, , , , 
2022-07-17 17:54:00,21.95, , , , 
2022-07-17 17:55:00,21.98, , , , 
2022-07-17 17:56:00,21.98, , , , 
2022-07-17 17:57:00,21.97, , , , 
2022-07-17 17:58:00,21.99, , , , 
2022-07-17 17:59:00,21.99, , , , 
2022-07-17 18:00:00,22.02, , , , 
2022-07-17 18:01:00,22.04, , , , 
2022-07-17 18:02:00,22.04, , , , 
2022-07-17 18:03:00,22.03, , , , 
2022-07-17 18:04:00,22.04, , , , 
2022-07-17 18:05:00,21.99, , , , 
2022-07-17 18:06:00,21.96, , , , 
2022-07-17 18:07:00,21.94, , , , 
2022-07-17 18:08:00,21.92, , , , 
2022-07-17 18:09:00,21.85, , , , 
2022-07-17 18:10:00,21.80, , , , 
2022-07-17 18:11:00,21.74, , , , 
2022-07-17 18:12:00,21.65, , , , 
2022-07-17 18:13:00,21.60, , , , 
2022-07-17 18:14:00,21.52, , , , 
2022-07-17 18:15:00,21.48, , , , 
2022-07-17 18:16:00,21.42, , , , 
2022-07-17 18:17:00,21.37, , , , 
2022-07-17 18:18:00,21.33, , , , 
2022-07-17 18:19:00,21.28, , , , 
2022-07-17 18:20:00,21.22, , , , 
2022-07-17 18:21:00,21.19, , , , 
2022-07-17 18:22:00,21.15, , , , 
2022-07-17 18:23:00,21.11, , , , 
2022-07-17 18:24:00,21.07, , , , 
2022-07-17 18:25:00,21.06, , , , 
2022-07-17 18:26:00,20.98, , , , 
2022-07-17 18:27:00,20.94, , , , 
2022-07-17 18:28:00,20.90, , , , 
2022-07-17 18:29:00,20.89, , , , 
2022-07-17 18:30:00,20.84, , , , 
2022-07-17 18:31:00,20.79, , , , 
2022-07-17 18:32:00,20.74, , , , 
2022-07-17 18:33:00,20.69, , , , 
2022-07-17 18:34:00,20.62, , , , 
2022-07-17 18:35:00,20.59, , , , 
2022-07-17 18:36:00,20.53, , , , 
2022-07-17 18:37:00,20.48, , , , 
2022-07-17 18:38:00,20.45, , , , 
2022-07-17 18:39:00,20.41, , , , 
2022-07-17 18:40:00,20.37, , , , 
2022-07-17 18:41:00,20.33, , , , 
2022-07-17 18:42:00,20.29, , , , 
2022-07-17 18:43:00,20.28, , , , 
2022-07-17 18:44:00,20.24, , , , 
2022-07-17 18:45:00,20.22, , , , 
2022-07-17 18:46:00,20.17, , , , 
2022-07-17 18:47:00,20.14, , , , 
2022-07-17 18:48:00,20.13, , , , 
2022-07-17 18:49:00,20.10, , , , 
2022-07-17 18:50:00,20.09, , , , 
2022-07-17 18:51:00,20.04, , , , 
2022-07-17 18:52:00,20.04, , , , 
2022-07-17 18:53:00,19.97, , , , 
2022-07-17 18:54:00,19.94, , , , 
2022-07-17 18:55:00,19.86, , , , 
2022-07-17 18:56:00,19.84, , , , 
2022-07-17 18:57:00,19.80, , , , 
2022-07-17 18:58:00,19.77, , , , 
2022-07-17 18:59:00,19.75, , , , 
2022-07-17 19:00:00,19.73, , , , 
2022-07-17 19:01:00,19.69, , , , 
2022-07-17 19:02:00,19.68, , , , 
2022-07-17 19:03:00,19.63, , , , 
2022-07-17 19:04:00,19.61, , , , 
2022-07-17 19:05:00,19.58, , , , 
2022-07-17 19:06:00,19.57, , , , 
2022-07-17 19:07:00,19.54, , , , 
2022-07-17 19:08:00,19.52, , , , 
2022-07-17 19:09:00,19.52, , , , 
2022-07-17 19:10:00,19.48, , , , 
2022-07-17 19:11:00,19.45, , , , 
2022-07-17 19:12:00,19.44, , , , 
2022-07-17 19:13:00,19.44, , , , 
2022-07-17 19:14:00,19.40, , , , 
2022-07-17 19:15:00,19.38, , , , 
2022-07-17 19:16:00,19.32, , , , 
2022-07-17 19:17:00,19.28, , , , 
2022-07-17 19:18:00,19.26, , , , 
2022-07-17 19:19:00,19.24, , , , 
2022-07-17 19:20:00,19.21, , , , 
2022-07-17 19:21:00,19.17, , , , 
2022-07-17 19:22:00,19.15, , , , 
2022-07-17 19:23:00,19.15, , , , 
2022-07-17 19:24:00,19.13, , , , 
2022-07-17 19:25:00,19.11, , , , 
2022-07-17 19:26:00,19.10, , , , 
2022-07-17 19:27:00,19.10, , , , 
2022-07-17 19:28:00,19.06, , , , 
2022-07-17 19:29:00,19.04, , , , 
2022-07-17 19:30:00,19.01, , , , 
2022-07-17 19:31:00,19.01, , , , 
2022-07-17 19:32:00,19.00, , , , 
2022-07-17 19:33:00,19.00, , , , 
2022-07-17 19:34:00,18.97, , , , 
2022-07-17 19:35:00,18.98, , , , 
2022-07-17 19:36:00,18.97, , , , 
2022-07-17 19:37:00,18.92, , , , 
2022-07-17 19:38:00,18.88, , , , 
2022-07-17 19:39:00,18.86, , , , 
2022-07-17 19:40:00,18.83, , , , 
2022-07-17 19:41:00,18.83, , , , 
2022-07-17 19:42:00,18.79, , , , 
2022-07-17 19:43:00,18.77, , , , 
2022-07-17 19:44:00,18.76, , , , 
2022-07-17 19:45:00,18.73, , , , 
2022-07-17 19:46:00,18.71, , , , 
2022-07-17 19:47:00,18.70, , , , 
2022-07-17 19:48:00,18.69, , , , 
2022-07-17 19:49:00,18.69, , , , 
2022-07-17 19:50:00,18.66, , , , 
2022-07-17 19:51:00,18.66, , , , 
2022-07-17 19:52:00,18.68, , , , 
2022-07-17 19:53:00,18.64, , , , 
2022-07-17 19:54:00,18.64, , , , 
2022-07-17 19:55:00,18.64, , , , 
2022-07-17 19:56:00,18.63, , , , 
2022-07-17 19:57:00,18.63, , , , 
2022-07-17 19:58:00,18.61, , , , 
2022-07-17 19:59:00,18.59, , , , 
2022-07-17 20:00:00,18.57, , , , 
2022-07-17 20:01:00,18.54, , , , 
2022-07-17 20:02:00,18.52, , , , 
2022-07-17 20:03:00,18.49, , , , 
2022-07-17 20:04:00,18.48, , , , 
2022-07-17 20:05:00,18.47, , , , 
2022-07-17 20:06:00,18.47, , , , 
2022-07-17 20:07:00,18.46, , , , 
2022-07-17 20:08:00,18.44, , , , 
2022-07-17 20:09:00,18.43, , , , 
2022-07-17 20:10:00,18.42, , , , 
2022-07-17 20:11:00,18.41, , , , 
2022-07-17 20:12:00,18.41, , , , 
2022-07-17 20:13:00,18.40, , , , 
2022-07-17 20:14:00,18.38, , , , 
2022-07-17 20:15:00,18.38, , , , 
2022-07-17 20:16:00,18.38, , , , 
2022-07-17 20:17:00,18.36, , , , 
2022-07-17 20:18:00,18.38, , , , 
2022-07-17 20:19:00,18.38, , , , 
2022-07-17 20:20:00,18.34, , , , 
2022-07-17 20:21:00,18.32, , , , 
2022-07-17 20:22:00,18.29, , , , 
2022-07-17 20:23:00,18.27, , , , 
2022-07-17 20:24:00,18.26, , , , 
2022-07-17 20:25:00,18.27, , , , 
2022-07-17 20:26:00,18.23, , , , 
2022-07-17 20:27:00,18.21, , , , 
2022-07-17 20:28:00,18.21, , , , 
2022-07-17 20:29:00,18.18, , , , 
2022-07-17 20:30:00,18.18, , , , 
2022-07-17 20:31:00,18.19, , , , 
2022-07-17 20:32:00,18.18, , , , 
2022-07-17 20:33:00,18.19, , , , 
2022-07-17 20:34:00,18.18, , , , 
2022-07-17 20:35:00,18.15, , , , 
2022-07-17 20:36:00,18.18, , , , 
2022-07-17 20:37:00,18.19, , , , 
2022-07-17 20:38:00,18.15, , , , 
2022-07-17 20:39:00,18.14, , , , 
2022-07-17 20:40:00,18.14, , , , 
2022-07-17 20:41:00,18.14, , , , 
2022-07-17 20:42:00,18.14, , , , 
2022-07-17 20:43:00,18.13, , , , 
2022-07-17 20:44:00,18.09, , , , 
2022-07-17 20:45:00,18.06, , , , 
2022-07-17 20:46:00,18.07, , , , 
2022-07-17 20:47:00,18.05, , , , 
2022-07-17 20:48:00,18.05, , , , 
2022-07-17 20:49:00,18.03, , , , 
2022-07-17 20:50:00,18.03, , , , 
2022-07-17 20:51:00,18.02, , , , 
2022-07-17 20:52:00,18.02, , , , 
2022-07-17 20:53:00,17.99, , , , 
2022-07-17 20:54:00,18.02, , , , 
2022-07-17 20:55:00,18.00, , , , 
2022-07-17 20:56:00,18.02, , , , 
2022-07-17 20:57:00,18.00, , , , 
2022-07-17 20:58:00,18.00, , , , 
2022-07-17 20:59:00,18.02, , , , 
2022-07-17 21:00:00,17.99, , , , 
2022-07-17 21:01:00,18.02, , , , 
2022-07-17 21:02:00,18.02, , , , 
2022-07-17 21:03:00,18.00, , , , 
2022-07-17 21:04:00,17.99, , , , 
2022-07-17 21:05:00,17.99, , , , 
2022-07-17 21:06:00,17.96, , , , 
2022-07-17 21:07:00,17.94, , , , 
2022-07-17 21:08:00,17.95, , , , 
2022-07-17 21:09:00,17.91, , , , 
2022-07-17 21:10:00,17.92, , , , 
2022-07-17 21:11:00,17.89, , , , 
2022-07-17 21:12:00,17.89, , , , 
2022-07-17 21:13:00,17.90, , , , 
2022-07-17 21:14:00,17.89, , , , 
2022-07-17 21:15:00,17.91, , , , 
2022-07-17 21:16:00,17.88, , , , 
2022-07-17 21:17:00,17.88, , , , 
2022-07-17 21:18:00,17.90, , , , 
2022-07-17 21:19:00,17.89, , , , 
2022-07-17 21:20:00,17.88, , , , 
2022-07-17 21:21:00,17.90, , , , 
2022-07-17 21:22:00,17.90, , , , 
2022-07-17 21:23:00,17.87, , , , 
2022-07-17 21:24:00,17.88, , , , 
2022-07-17 21:25:00,17.89, , , , 
2022-07-17 21:26:00,17.85, , , , 
2022-07-17 21:27:00,17.84, , , , 
2022-07-17 21:28:00,17.83, , , , 
2022-07-17 21:29:00,17.83, , , , 
2022-07-17 21:30:00,17.80, , , , 
2022-07-17 21:31:00,17.79, , , , 
2022-07-17 21:32:00,17.77, , , , 
2022-07-17 21:33:00,17.78, , , , 
2022-07-17 21:34:00,17.77, , , , 
2022-07-17 21:35:00,17.78, , , , 
2022-07-17 21:36:00,17.78, , , , 
2022-07-17 21:37:00,17.77, , , , 
2022-07-17 21:38:00,17.77, , , , 
2022-07-17 21:39:00,17.78, , , , 
2022-07-17 21:40:00,17.76, , , , 
2022-07-17 21:41:00,17.76, , , , 
2022-07-17 21:42:00,17.77, , , , 
2022-07-17 21:43:00,17.76, , , , 
2022-07-17 21:44:00,17.77, , , , 
2022-07-17 21:45:00,17.76, , , , 
2022-07-17 21:46:00,17.76, , , , 
2022-07-17 21:47:00,17.77, , , , 
2022-07-17 21:48:00,17.78, , , , 
2022-07-17 21:49:00,17.75, , , , 
2022-07-17 21:50:00,17.73, , , , 
2022-07-17 21:51:00,17.69, , , , 
2022-07-17 21:52:00,17.72, , , , 
2022-07-17 21:53:00,17.68, , , , 
2022-07-17 21:54:00,17.68, , , , 
2022-07-17 21:55:00,17.67, , , , 
2022-07-17 21:56:00,17.67, , , , 
2022-07-17 21:57:00,17.67, , , , 
2022-07-17 21:58:00,17.66, , , , 
2022-07-17 21:59:00,17.66, , , , 
2022-07-17 22:00:00,17.66, , , , 
2022-07-17 22:01:00,17.66, , , , 
2022-07-17 22:02:00,17.66, , , , 
2022-07-17 22:03:00,17.68, , , , 
2022-07-17 22:04:00,17.66, , , , 
2022-07-17 22:05:00,17.68, , , , 
2022-07-17 22:06:00,17.67, , , , 
2022-07-17 22:07:00,17.68, , , , 
2022-07-17 22:08:00,17.70, , , , 
2022-07-17 22:09:00,17.69, , , , 
2022-07-17 22:10:00,17.70, , , , 
2022-07-17 22:11:00,17.69, , , , 
2022-07-17 22:12:00,17.63, , , , 
2022-07-17 22:13:00,17.64, , , , 
2022-07-17 22:14:00,17.63, , , , 
2022-07-17 22:15:00,17.60, , , , 
2022-07-17 22:16:00,17.59, , , , 
2022-07-17 22:17:00,17.60, , , , 
2022-07-17 22:18:00,17.60, , , , 
2022-07-17 22:19:00,17.60, , , , 
2022-07-17 22:20:00,17.59, , , , 
2022-07-17 22:21:00,17.60, , , , 
2022-07-17 22:22:00,17.60, , , , 
2022-07-17 22:23:00,17.60, , , , 
2022-07-17 22:24:00,17.59, , , , 
2022-07-17 22:25:00,17.61, , , , 
2022-07-17 22:26:00,17.61, , , , 
2022-07-17 22:27:00,17.62, , , , 
2022-07-17 22:28:00,17.62, , , , 
2022-07-17 22:29:00,17.63, , , , 
2022-07-17 22:30:00,17.61, , , , 
2022-07-17 22:31:00,17.63, , , , 
2022-07-17 22:32:00,17.62, , , , 
2022-07-17 22:33:00,17.61, , , , 
2022-07-17 22:34:00,17.58, , , , 
2022-07-17 22:35:00,17.58, , , , 
2022-07-17 22:36:00,17.56, , , , 
2022-07-17 22:37:00,17.54, , , , 
2022-07-17 22:38:00,17.56, , , , 
2022-07-17 22:39:00,17.55, , , , 
2022-07-17 22:40:00,17.54, , , , 
2022-07-17 22:41:00,17.55, , , , 
2022-07-17 22:42:00,17.55, , , , 
2022-07-17 22:43:00,17.55, , , , 
2022-07-17 22:44:00,17.54, , , , 
2022-07-17 22:45:00,17.56, , , , 
2022-07-17 22:46:00,17.55, , , , 
2022-07-17 22:47:00,17.59, , , , 
2022-07-17 22:48:00,17.56, , , , 
2022-07-17 22:49:00,17.55, , , , 
2022-07-17 22:50:00,17.56, , , , 
2022-07-17 22:51:00,17.60, , , , 
2022-07-17 22:52:00,17.60, , , , 
2022-07-17 22:53:00,17.61, , , , 
2022-07-17 22:54:00,17.58, , , , 
2022-07-17 22:55:00,17.59, , , , 
2022-07-17 22:56:00,17.54, , , , 
2022-07-17 22:57:00,17.52, , , , 
2022-07-17 22:58:00,17.52, , , , 
2022-07-17 22:59:00,17.51, , , , 
2022-07-17 23:00:00,17.50, , , , 
2022-07-17 23:01:00,17.50, , , , 
2022-07-17 23:02:00,17.50, , , , 
2022-07-17 23:03:00,17.52, , , , 
2022-07-17 23:04:00,17.52, , , , 
2022-07-17 23:05:00,17.52, , , , 
2022-07-17 23:06:00,17.51, , , , 
2022-07-17 23:07:00,17.51, , , , 
2022-07-17 23:08:00,17.52, , , , 
2022-07-17 23:09:00,17.52, , , , 
2022-07-17 23:10:00,17.53, , , , 
2022-07-17 23:11:00,17.54, , , , 
2022-07-17 23:12:00,17.54, , , , 
2022-07-17 23:13:00,17.56, , , , 
2022-07-17 23:14:00,17.54, , , , 
2022-07-17 23:15:00,17.56, , , , 
2022-07-17 23:16:00,17.55, , , , 
2022-07-17 23:17:00,17.53, , , , 
2022-07-17 23:18:00,17.51, , , , 
2022-07-17 23:19:00,17.52, , , , 
2022-07-17 23:20:00,17.50, , , , 
2022-07-17 23:21:00,17.50, , , , 
2022-07-17 23:22:00,17.48, , , , 
2022-07-17 23:23:00,17.50, , , , 
2022-07-17 23:24:00,17.50, , , , 
2022-07-17 23:25:00,17.48, , , , 
2022-07-17 23:26:00,17.48, , , , 
2022-07-17 23:27:00,17.50, , , , 
2022-07-17 23:28:00,17.50, , , , 
2022-07-17 23:29:00,17.50, , , , 
2022-07-17 23:30:00,17.50, , , , 
2022-07-17 23:31:00,17.54, , , , 
2022-07-17 23:32:00,17.50, , , , 
2022-07-17 23:33:00,17.51, , , , 
2022-07-17 23:34:00,17.51, , , , 
2022-07-17 23:35:00,17.51, , , , 
2022-07-17 23:36:00,17.53, , , , 
2022-07-17 23:37:00,17.53, , , , 
2022-07-17 23:38:00,17.53, , , , 
2022-07-17 23:39:00,17.51, , , , 
2022-07-17 23:40:00,17.50, , , , 
2022-07-17 23:41:00,17.49, , , , 
2022-07-17 23:42:00,17.47, , , , 
2022-07-17 23:43:00,17.46, , , , 
2022-07-17 23:44:00,17.45, , , , 
2022-07-17 23:45:00,17.45, , , , 
2022-07-17 23:46:00,17.45, , , , 
2022-07-17 23:47:00,17.46, , , , 
2022-07-17 23:48:00,17.46, , , , 
2022-07-17 23:49:00,17.47, , , , 
2022-07-17 23:50:00,17.46, , , , 
2022-07-17 23:51:00,17.48, , , , 
2022-07-17 23:52:00,17.49, , , , 
2022-07-17 23:53:00,17.48, , , , 
2022-07-17 23:54:00,17.50, , , , 
2022-07-17 23:55:00,17.52, , , , 
2022-07-17 23:56:00,17.50, , , , 
2022-07-17 23:57:00,17.49, , , , 
2022-07-17 23:58:00,17.50, , , , 
2022-07-17 23:59:00,17.50, , , , 
2022-07-18 00:00:00,17.50, , , , 
2022-07-18 00:01:00,17.49, , , , 
2022-07-18 00:02:00,17.47, , , , 
2022-07-18 00:03:00,17.46, , , , 
2022-07-18 00:04:00,17.48, , , , 
2022-07-18 00:05:00,17.49, , , , 
2022-07-18 00:06:00,17.50, , , , 
2022-07-18 00:07:00,17.54, , , , 
2022-07-18 00:08:00,17.58, , , , 
2022-07-18 00:09:00,17.60, , , , 
2022-07-18 00:10:00,17.62, , , , 
2022-07-18 00:11:00,17.66, , , , 
2022-07-18 00:12:00,17.68, , , , 
2022-07-18 00:13:00,17.73, , , , 
2022-07-18 00:14:00,17.78, , , , 
2022-07-18 00:15:00,17.80, , , , 
2022-07-18 00:16:00,17.83, , , , 
2022-07-18 00:17:00,17.87, , , , 
2022-07-18 00:18:00,17.91, , , , 
2022-07-18 00:19:00,17.95, , , , 
2022-07-18 00:20:00,17.97, , , , 
2022-07-18 00:21:00,18.03, , , , 
2022-07-18 00:22:00,18.02, , , , 
2022-07-18 00:23:00,18.04, , , , 
2022-07-18 00:24:00,18.06, , , , 
2022-07-18 00:25:00,18.06, , , , 
2022-07-18 00:26:00,18.10, , , , 
2022-07-18 00:27:00,18.14, , , , 
2022-07-18 00:28:00,18.15, , , , 
2022-07-18 00:29:00,18.18, , , , 
2022-07-18 00:30:00,18.20, , , , 
2022-07-18 00:31:00,18.22, , , , 
2022-07-18 00:32:00,18.26, , , , 
2022-07-18 00:33:00,18.30, , , , 
2022-07-18 00:34:00,18.35, , , , 
2022-07-18 00:35:00,18.38, , , , 
2022-07-18 00:36:00,18.38, , , , 
2022-07-18 00:37:00,18.43, , , , 
2022-07-18 00:38:00,18.47, , , , 
2022-07-18 00:39:00,18.51, , , , 
2022-07-18 00:40:00,18.54, , , , 
2022-07-18 00:41:00,18.56, , , , 
2022-07-18 00:42:00,18.62, , , , 
2022-07-18 00:43:00,18.63, , , , 
2022-07-18 00:44:00,18.63, , , , 
2022-07-18 00:45:00,18.66, , , , 
2022-07-18 00:46:00,18.66, , , , 
2022-07-18 00:47:00,18.69, , , , 
2022-07-18 00:48:00,18.69, , , , 
2022-07-18 00:49:00,18.72, , , , 
2022-07-18 00:50:00,18.76, , , , 
2022-07-18 00:51:00,18.79, , , , 
2022-07-18 00:52:00,18.80, , , , 
2022-07-18 00:53:00,18.83, , , , 
2022-07-18 00:54:00,18.85, , , , 
2022-07-18 00:55:00,18.89, , , , 
2022-07-18 00:56:00,18.92, , , , 
2022-07-18 00:57:00,18.95, , , , 
2022-07-18 00:58:00,18.96, , , , 
2022-07-18 00:59:00,18.99, , , , 
2022-07-18 01:00:00,19.03, , , , 
2022-07-18 01:01:00,19.06, , , , 
2022-07-18 01:02:00,19.09, , , , 
2022-07-18 01:03:00,19.11, , , , 
2022-07-18 01:04:00,19.13, , , , 
2022-07-18 01:05:00,19.17, , , , 
2022-07-18 01:06:00,19.18, , , , 
2022-07-18 01:07:00,19.18, , , , 
2022-07-18 01:08:00,19.18, , , , 
2022-07-18 01:09:00,19.21, , , , 
2022-07-18 01:10:00,19.22, , , , 
2022-07-18 01:11:00,19.24, , , , 
2022-07-18 01:12:00,19.26, , , , 
2022-07-18 01:13:00,19.28, , , , 
2022-07-18 01:14:00,19.31, , , , 
2022-07-18 01:15:00,19.31, , , , 
2022-07-18 01:16:00,19.36, , , , 
2022-07-18 01:17:00,19.37, , , , 
2022-07-18 01:18:00,19.39, , , , 
2022-07-18 01:19:00,19.41, , , , 
2022-07-18 01:20:00,19.45, , , , 
2022-07-18 01:21:00,19.47, , , , 
2022-07-18 01:22:00,19.51, , , , 
2022-07-18 01:23:00,19.53, , , , 
2022-07-18 01:24:00,19.54, , , , 
2022-07-18 01:25:00,19.57, , , , 
2022-07-18 01:26:00,19.61, , , , 
2022-07-18 01:27:00,19.63, , , , 
2022-07-18 01:28:00,19.63, , , , 
2022-07-18 01:29:00,19.63, , , , 
2022-07-18 01:30:00,19.62, , , , 
2022-07-18 01:31:00,19.66, , , , 
2022-07-18 01:32:00,19.66, , , , 
2022-07-18 01:33:00,19.68, , , , 
2022-07-18 01:34:00,19.68, , , , 
2022-07-18 01:35:00,19.72, , , , 
2022-07-18 01:36:00,19.73, , , , 
2022-07-18 01:37:00,19.75, , , , 
2022-07-18 01:38:00,19.79, , , , 
2022-07-18 01:39:00,19.81, , , , 
2022-07-18 01:40:00,19.83, , , , 
2022-07-18 01:41:00,19.85, , , , 
2022-07-18 01:42:00,19.87, , , , 
2022-07-18 01:43:00,19.89, , , , 
2022-07-18 01:44:00,19.94, , , , 
2022-07-18 01:45:00,19.94, , , , 
2022-07-18 01:46:00,19.95, , , , 
2022-07-18 01:47:00,19.99, , , , 
2022-07-18 01:48:00,20.00, , , , 
2022-07-18 01:49:00,20.01, , , , 
2022-07-18 01:50:00,20.00, , , , 
2022-07-18 01:51:00,20.01, , , , 
2022-07-18 01:52:00,20.00, , , , 
2022-07-18 01:53:00,20.00, , , , 
2022-07-18 01:54:00,20.02, , , , 
2022-07-18 01:55:00,20.04, , , , 
2022-07-18 01:56:00,20.03, , , , 
2022-07-18 01:57:00,20.06, , , , 
2022-07-18 01:58:00,20.07, , , , 
2022-07-18 01:59:00,20.10, , , , 
2022-07-18 02:00:00,20.11, , , , 
2022-07-18 02:01:00,20.14, , , , 
2022-07-18 02:02:00,20.14, , , , 
2022-07-18 02:03:00,20.17, , , , 
2022-07-18 02:04:00,20.19, , , , 
2022-07-18 02:05:00,20.21, , , , 
2022-07-18 02:06:00,20.25, , , , 
2022-07-18 02:07:00,20.27, , , , 
2022-07-18 02:08:00,20.27, , , , 
2022-07-18 02:09:00,20.30, , , , 
2022-07-18 02:10:00,20.31, , , , 
2022-07-18 02:11:00,20.33, , , , 
2022-07-18 02:12:00,20.32, , , , 
2022-07-18 02:13:00,20.32, , , , 
2022-07-18 02:14:00,20.31, , , , 
2022-07-18 02:15:00,20.33, , , , 
2022-07-18 02:16:00,20.32, , , , 
2022-07-18 02:17:00,20.34, , , , 
2022-07-18 02:18:00,20.34, , , , 
2022-07-18 02:19:00,20.36, , , , 
2022-07-18 02:20:00,20.36, , , , 
2022-07-18 02:21:00,20.40, , , , 
2022-07-18 02:22:00,20.41, , , , 
2022-07-18 02:23:00,20.42, , , , 
2022-07-18 02:24:00,20.44, , , , 
2022-07-18 02:25:00,20.45, , , , 
2022-07-18 02:26:00,20.47, , , , 
2022-07-18 02:27:00,20.50, , , , 
2022-07-18 02:28:00,20.54, , , , 
2022-07-18 02:29:00,20.53, , , , 
2022-07-18 02:30:00,20.54, , , , 
2022-07-18 02:31:00,20.58, , , , 
2022-07-18 02:32:00,20.59, , , , 
2022-07-18 02:33:00,20.58, , , , 
2022-07-18 02:34:00,20.58, , , , 
2022-07-18 02:35:00,20.57, , , , 
2022-07-18 02:36:00,20.60, , , , 
2022-07-18 02:37:00,20.56, , , , 
2022-07-18 02:38:00,20.58, , , , 
2022-07-18 02:39:00,20.61, , , , 
2022-07-18 02:40:00,20.60, , , , 
2022-07-18 02:41:00,20.61, , , , 
2022-07-18 02:42:00,20.62, , , , 
2022-07-18 02:43:00,20.63, , , , 
2022-07-18 02:44:00,20.65, , , , 
2022-07-18 02:45:00,20.66, , , , 
2022-07-18 02:46:00,20.69, , , , 
2022-07-18 02:47:00,20.69, , , , 
2022-07-18 02:48:00,20.73, , , , 
2022-07-18 02:49:00,20.76, , , , 
2022-07-18 02:50:00,20.74, , , , 
2022-07-18 02:51:00,20.76, , , , 
2022-07-18 02:52:00,20.80, , , , 
2022-07-18 02:53:00,20.79, , , , 
2022-07-18 02:54:00,20.81, , , , 
2022-07-18 02:55:00,20.81, , , , 
2022-07-18 02:56:00,20.83, , , , 
2022-07-18 02:57:00,20.80, , , , 
2022-07-18 02:58:00,20.81, , , , 
2022-07-18 02:59:00,20.79, , , , 
2022-07-18 03:00:00,20.79, , , , 
2022-07-18 03:01:00,20.83, , , , 
2022-07-18 03:02:00,20.84, , , , 
2022-07-18 03:03:00,20.84, , , , 
2022-07-18 03:04:00,20.85, , , , 
2022-07-18 03:05:00,20.87, , , , 
2022-07-18 03:06:00,20.87, , , , 
2022-07-18 03:07:00,20.88, , , , 
2022-07-18 03:08:00,20.90, , , , 
2022-07-18 03:09:00,20.91, , , , 
2022-07-18 03:10:00,20.93, , , , 
2022-07-18 03:11:00,20.93, , , , 
2022-07-18 03:12:00,20.95, , , , 
2022-07-18 03:13:00,20.98, , , , 
2022-07-18 03:14:00,21.00, , , , 
2022-07-18 03:15:00,20.99, , , , 
2022-07-18 03:16:00,21.03, , , , 
2022-07-18 03:17:00,21.01, , , , 
2022-07-18 03:18:00,21.00, , , , 
2022-07-18 03:19:00,21.00, , , , 
2022-07-18 03:20:00,21.01, , , , 
2022-07-18 03:21:00,20.99, , , , 
2022-07-18 03:22:00,20.99, , , , 
2022-07-18 03:23:00,21.01, , , , 
2022-07-18 03:24:00,21.01, , , , 
2022-07-18 03:25:00,21.01, , , , 
2022-07-18 03:26:00,21.01, , , , 
2022-07-18 03:27:00,21.04, , , , 
2022-07-18 03:28:00,21.05, , , , 
2022-07-18 03:29:00,21.07, , , , 
2022-07-18 03:30:00,21.06, , , , 
2022-07-18 03:31:00,21.08, , , , 
2022-07-18 03:32:00,21.09, , , , 
2022-07-18 03:33:00,21.11, , , , 
2022-07-18 03:34:00,21.13, , , , 
2022-07-18 03:35:00,21.14, , , , 
2022-07-18 03:36:00,21.17, , , , 
2022-07-18 03:37:00,21.16, , , , 
2022-07-18 03:38:00,21.15, , , , 
2022-07-18 03:39:00,21.17, , , , 
2022-07-18 03:40:00,21.16, , , , 
2022-07-18 03:41:00,21.15, , , , 
2022-07-18 03:42:00,21.16, , , , 
2022-07-18 03:43:00,21.14, , , , 
2022-07-18 03:44:00,21.13, , , , 
2022-07-18 03:45:00,21.15, , , , 
2022-07-18 03:46:00,21.16, , , , 
2022-07-18 03:47:00,21.17, , , , 
2022-07-18 03:48:00,21.16, , , , 
2022-07-18 03:49:00,21.18, , , , 
2022-07-18 03:50:00,21.19, , , , 
2022-07-18 03:51:00,21.20, , , , 
2022-07-18 03:52:00,21.19, , , , 
2022-07-18 03:53:00,21.21, , , , 
2022-07-18 03:54:00,21.23, , , , 
2022-07-18 03:55:00,21.25, , , , 
2022-07-18 03:56:00,21.28, , , , 
2022-07-18 03:57:00,21.25, , , , 
2022-07-18 03:58:00,21.29, , , , 
2022-07-18 03:59:00,21.28, , , , 
2022-07-18 04:00:00,21.32, , , , 
2022-07-18 04:01:00,21.31, , , , 
2022-07-18 04:02:00,21.30, , , , 
2022-07-18 04:03:00,21.28, , , , 
2022-07-18 04:04:00,21.29, , , , 
2022-07-18 04:05:00,21.29, , , , 
2022-07-18 04:06:00,21.28, , , , 
2022-07-18 04:07:00,21.29, , , , 
2022-07-18 04:08:00,21.28, , , , 
2022-07-18 04:09:00,21.30, , , , 
2022-07-18 04:10:00,21.30, , , , 
2022-07-18 04:11:00,21.29, , , , 
2022-07-18 04:12:00,21.31, , , , 
2022-07-18 04:13:00,21.33, , , , 
2022-07-18 04:14:00,21.35, , , , 
2022-07-18 04:15:00,21.36, , , , 
2022-07-18 04:16:00,21.35, , , , 
2022-07-18 04:17:00,21.36, , , , 
2022-07-18 04:18:00,21.38, , , , 
2022-07-18 04:19:00,21.39, , , , 
2022-07-18 04:20:00,21.40, , , , 
2022-07-18 04:21:00,21.42, , , , 
2022-07-18 04:22:00,21.43, , , , 
2022-07-18 04:23:00,21.43, , , , 
2022-07-18 04:24:00,21.40, , , , 
2022-07-18 04:25:00,21.38, , , , 
2022-07-18 04:26:00,21.38, , , , 
2022-07-18 04:27:00,21.39, , , , 
2022-07-18 04:28:00,21.38, , , , 
2022-07-18 04:29:00,21.37, , , , 
2022-07-18 04:30:00,21.38, , , , 
2022-07-18 04:31:00,21.39, , , , 
2022-07-18 04:32:00,21.40, , , , 
2022-07-18 04:33:00,21.42, , , , 
2022-07-18 04:34:00,21.42, , , , 
2022-07-18 04:35:00,21.42, , , , 
2022-07-18 04:36:00,21.45, , , , 
2022-07-18 04:37:00,21.45, , , , 
2022-07-18 04:38:00,21.46, , , , 
2022-07-18 04:39:00,21.48, , , , 
2022-07-18 04:40:00,21.47, , , , 
2022-07-18 04:41:00,21.47, , , , 
2022-07-18 04:42:00,21.50, , , , 
2022-07-18 04:43:00,21.50, , , , 
2022-07-18 04:44:00,21.51, , , , 
2022-07-18 04:45:00,21.50, , , , 
2022-07-18 04:46:00,21.51, , , , 
2022-07-18 04:47:00,21.49, , , , 
2022-07-18 04:48:00,21.48, , , , 
2022-07-18 04:49:00,21.49, , , , 
2022-07-18 04:50:00,21.46, , , , 
2022-07-18 04:51:00,21.47, , , , 
2022-07-18 04:52:00,21.48, , , , 
2022-07-18 04:53:00,21.49, , , , 
2022-07-18 04:54:00,21.50, , , , 
2022-07-18 04:55:00,21.49, , , , 
2022-07-18 04:56:00,21.51, , , , 
2022-07-18 04:57:00,21.50, , , , 
2022-07-18 04:58:00,21.52, , , , 
2022-07-18 04:59:00,21.53, , , , 
2022-07-18 05:00:00,21.53, , , , 
2022-07-18 05:01:00,21.58, , , , 
2022-07-18 05:02:00,21.58, , , , 
2022-07-18 05:03:00,21.59, , , , 
2022-07-18 05:04:00,21.59, , , , 
2022-07-18 05:05:00,21.60, , , , 
2022-07-18 05:06:00,21.60, , , , 
2022-07-18 05:07:00,21.60, , , , 
2022-07-18 05:08:00,21.59, , , , 
2022-07-18 05:09:00,21.58, , , , 
2022-07-18 05:10:00,21.58, , , , 
2022-07-18 05:11:00,21.57, , , , 
2022-07-18 05:12:00,21.55, , , , 
2022-07-18 05:13:00,21.58, , , , 
2022-07-18 05:14:00,21.58, , , , 
2022-07-18 05:15:00,21.57, , , , 
2022-07-18 05:16:00,21.58, , , , 
2022-07-18 05:17:00,21.60, , , , 
2022-07-18 05:18:00,21.59, , , , 
2022-07-18 05:19:00,21.61, , , , 
2022-07-18 05:20:00,21.60, , , , 
2022-07-18 05:21:00,21.60, , , , 
2022-07-18 05:22:00,21.62, , , , 
2022-07-18 05:23:00,21.63, , , , 
2022-07-18 05:24:00,21.64, , , , 
2022-07-18 05:25:00,21.64, , , , 
2022-07-18 05:26:00,21.67, , , , 
2022-07-18 05:27:00,21.67, , , , 
2022-07-18 05:28:00,21.66, , , , 
2022-07-18 05:29:00,21.66, , , , 
2022-07-18 05:30:00,21.64, , , , 
2022-07-18 05:31:00,21.64, , , , 
2022-07-18 05:32:00,21.62, , , , 
2022-07-18 05:33:00,21.62, , , , 
2022-07-18 05:34:00,21.62, , , , 
2022-07-18 05:35:00,21.62, , , , 
2022-07-18 05:36:00,21.62, , , , 
2022-07-18 05:37:00,21.62, , , , 
2022-07-18 05:38:00,21.64, , , , 
2022-07-18 05:39:00,21.65, , , , 
2022-07-18 05:40:00,21.65, , , , 
2022-07-18 05:41:00,21.63, , , , 
2022-07-18 05:42:00,21.66, , , , 
2022-07-18 05:43:00,21.67, , , , 
2022-07-18 05:44:00,21.66, , , , 
2022-07-18 05:45:00,21.68, , , , 
2022-07-18 05:46:00,21.68, , , , 
2022-07-18 05:47:00,21.69, , , , 
2022-07-18 05:48:00,21.73, , , , 
2022-07-18 05:49:00,21.68, , , , 
2022-07-18 05:50:00,21.72, , , , 
2022-07-18 05:51:00,21.70, , , , 
2022-07-18 05:52:00,21.70, , , , 
2022-07-18 05:53:00,21.68, , , , 
2022-07-18 05:54:00,21.65, , , , 
2022-07-18 05:55:00,21.67, , , , 
2022-07-18 05:56:00,21.65, , , , 
2022-07-18 05:57:00,21.66, , , , 
2022-07-18 05:58:00,21.67, , , , 
2022-07-18 05:59:00,21.67, , , , 
2022-07-18 06:00:00,21.68, , , , 
2022-07-18 06:01:00,21.68, , , , 
2022-07-18 06:02:00,21.67, , , , 
2022-07-18 06:03:00,21.68, , , , 
2022-07-18 06:04:00,21.65, , , , 
2022-07-18 06:05:00,21.64, , , , 
2022-07-18 06:06:00,21.62, , , , 
2022-07-18 06:07:00,21.60, , , , 
2022-07-18 06:08:00,21.55, , , , 
2022-07-18 06:09:00,21.51, , , , 
2022-07-18 06:10:00,21.47, , , , 
2022-07-18 06:11:00,21.44, , , , 
2022-07-18 06:12:00,21.37, , , , 
2022-07-18 06:13:00,21.32, , , , 
2022-07-18 06:14:00,21.24, , , , 
2022-07-18 06:15:00,21.18, , , , 
2022-07-18 06:16:00,21.15, , , , 
2022-07-18 06:17:00,21.05, , , , 
2022-07-18 06:18:00,21.02, , , , 
2022-07-18 06:19:00,21.00, , , , 
2022-07-18 06:20:00,20.94, , , , 
2022-07-18 06:21:00,20.88, , , , 
2022-07-18 06:22:00,20.83, , , , 
2022-07-18 06:23:00,20.79, , , , 
2022-07-18 06:24:00,20.75, , , , 
2022-07-18 06:25:00,20.72, , , , 
2022-07-18 06:26:00,20.69, , , , 
2022-07-18 06:27:00,20.64, , , , 
2022-07-18 06:28:00,20.61, , , , 
2022-07-18 06:29:00,20.56, , , , 
2022-07-18 06:30:00,20.51, , , , 
2022-07-18 06:31:00,20.49, , , , 
2022-07-18 06:32:00,20.47, , , , 
2022-07-18 06:33:00,20.43, , , , 
2022-07-18 06:34:00,20.40, , , , 
2022-07-18 06:35:00,20.32, , , , 
2022-07-18 06:36:00,20.30, , , , 
2022-07-18 06:37:00,20.21, , , , 
2022-07-18 06:38:00,20.19, , , , 
2022-07-18 06:39:00,20.14, , , , 
2022-07-18 06:40:00,20.09, , , , 
2022-07-18 06:41:00,20.05, , , , 
2022-07-18 06:42:00,20.03, , , , 
2022-07-18 06:43:00,20.01, , , , 
2022-07-18 06:44:00,19.97, , , , 
2022-07-18 06:45:00,19.95, , , , 
2022-07-18 06:46:00,19.90, , , , 
2022-07-18 06:47:00,19.88, , , , 
2022-07-18 06:48:00,19.86, , , , 
2022-07-18 06:49:00,19.83, , , , 
2022-07-18 06:50:00,19.80, , , , 
2022-07-18 06:51:00,19.75, , , , 
2022-07-18 06:52:00,19.73, , , , 
2022-07-18 06:53:00,19.72, , , , 
2022-07-18 06:54:00,19.69, , , , 
2022-07-18 06:55:00,19.67, , , , 
2022-07-18 06:56:00,19.62, , , , 
2022-07-18 06:57:00,19.58, , , , 
2022-07-18 06:58:00,19.52, , , , 
2022-07-18 06:59:00,19.51, , , , 
2022-07-18 07:00:00,19.44, , , , 
2022-07-18 07:01:00,19.42, , , , 
2022-07-18 07:02:00,19.39, , , , 
2022-07-18 07:03:00,19.36, , , , 
2022-07-18 07:04:00,19.35, , , , 
2022-07-18 07:05:00,19.30, , , , 
2022-07-18 07:06:00,19.30, , , , 
2022-07-18 07:07:00,19.27, , , , 
2022-07-18 07:08:00,19.25, , , , 
2022-07-18 07:09:00,19.23, , , , 
2022-07-18 07:10:00,19.20, , , , 
2022-07-18 07:11:00,19.20, , , , 
2022-07-18 07:12:00,19.18, , , , 
2022-07-18 07:13:00,19.15, , , , 
2022-07-18 07:14:00,19.14, , , , 
2022-07-18 07:15:00,19.11, , , , 
2022-07-18 07:16:00,19.08, , , , 
2022-07-18 07:17:00,19.07, , , , 
2022-07-18 07:18:00,19.06, , , , 
2022-07-18 07:19:00,19.01, , , , 
2022-07-18 07:20:00,18.99, , , , 
2022-07-18 07:21:00,18.94, , , , 
2022-07-18 07:22:00,18.91, , , , 
2022-07-18 07:23:00,18.88, , , , 
2022-07-18 07:24:00,18.87, , , , 
2022-07-18 07:25:00,18.84, , , , 
2022-07-18 07:26:00,18.83, , , , 
2022-07-18 07:27:00,18.81, , , , 
2022-07-18 07:28:00,18.80, , , , 
2022-07-18 07:29:00,18.79, , , , 
2022-07-18 07:30:00,18.76, , , , 
2022-07-18 07:31:00,18.74, , , , 
2022-07-18 07:32:00,18.74, , , , 
2022-07-18 07:33:00,18.71, , , , 
2022-07-18 07:34:00,18.71, , , , 
2022-07-18 07:35:00,18.70, , , , 
2022-07-18 07:36:00,18.70, , , , 
2022-07-18 07:37:00,18.67, , , , 
2022-07-18 07:38:00,18.65, , , , 
2022-07-18 07:39:00,18.64, , , , 
2022-07-18 07:40:00,18.62, , , , 
2022-07-18 07:41:00,18.62, , , , 
2022-07-18 07:42:00,18.55, , , , 
2022-07-18 07:43:00,18.53, , , , 
2022-07-18 07:44:00,18.52, , , , 
2022-07-18 07:45:00,18.49, , , , 
2022-07-18 07:46:00,18.49, , , , 
2022-07-18 07:47:00,18.46, , , , 
2022-07-18 07:48:00,18.44, , , , 
2022-07-18 07:49:00,18.42, , , , 
2022-07-18 07:50:00,18.43, , , , 
2022-07-18 07:51:00,18.42, , , , 
2022-07-18 07:52:00,18.39, , , , 
2022-07-18 07:53:00,18.41, , , , 
2022-07-18 07:54:00,18.39, , , , 
2022-07-18 07:55:00,18.38, , , , 
2022-07-18 07:56:00,18.36, , , , 
2022-07-18 07:57:00,18.38, , , , 
2022-07-18 07:58:00,18.35, , , , 
2022-07-18 07:59:00,18.35, , , , 
2022-07-18 08:00:00,18.34, , , , 
2022-07-18 08:01:00,18.34, , , , 
2022-07-18 08:02:00,18.33, , , , 
2022-07-18 08:03:00,18.29, , , , 
2022-07-18 08:04:00,18.26, , , , 
2022-07-18 08:05:00,18.23, , , , 
2022-07-18 08:06:00,18.20, , , , 
2022-07-18 08:07:00,18.21, , , , 
2022-07-18 08:08:00,18.19, , , , 
2022-07-18 08:09:00,18.17, , , , 
2022-07-18 08:10:00,18.18, , , , 
2022-07-18 08:11:00,18.17, , , , 
2022-07-18 08:12:00,18.13, , , , 
2022-07-18 08:13:00,18.13, , , , 
2022-07-18 08:14:00,18.15, , , , 
2022-07-18 08:15:00,18.12, , , , 
2022-07-18 08:16:00,18.14, , , , 
2022-07-18 08:17:00,18.13, , , , 
2022-07-18 08:18:00,18.11, , , , 
2022-07-18 08:19:00,18.11, , , , 
2022-07-18 08:20:00,18.11, , , , 
2022-07-18 08:21:00,18.11, , , , 
2022-07-18 08:22:00,18.09, , , , 
2022-07-18 08:23:00,18.09, , , , 
2022-07-18 08:24:00,18.08, , , , 
2022-07-18 08:25:00,18.08, , , , 
2022-07-18 08:26:00,18.03, , , , 
2022-07-18 08:27:00,18.02, , , , 
2022-07-18 08:28:00,18.00, , , , 
2022-07-18 08:29:00,17.97, , , , 
2022-07-18 08:30:00,17.96, , , , 
2022-07-18 08:31:00,17.97, , , , 
2022-07-18 08:32:00,17.95, , , , 
2022-07-18 08:33:00,17.97, , , , 
2022-07-18 08:34:00,17.94, , , , 
2022-07-18 08:35:00,17.95, , , , 
2022-07-18 08:36:00,17.95, , , , 
2022-07-18 08:37:00,17.93, , , , 
2022-07-18 08:38:00,17.94, , , , 
2022-07-18 08:39:00,17.93, , , , 
2022-07-18 08:40:00,17.92, , , , 
2022-07-18 08:41:00,17.94, , , , 
2022-07-18 08:42:00,17.92, , , , 
2022-07-18 08:43:00,17.93, , , , 
2022-07-18 08:44:00,17.92, , , , 
2022-07-18 08:45:00,17.93, , , , 
2022-07-18 08:46:00,17.91, , , , 
2022-07-18 08:47:00,17.88, , , , 
2022-07-18 08:48:00,17.84, , , , 
2022-07-18 08:49:00,17.83, , , , 
2022-07-18 08:50:00,17.81, , , , 
2022-07-18 08:51:00,17.78, , , , 
2022-07-18 08:52:00,17.80, , , , 
2022-07-18 08:53:00,17.79, , , , 
2022-07-18 08:54:00,17.79, , , , 
2022-07-18 08:55:00,17.77, , , , 
2022-07-18 08:56:00,17.76, , , , 
2022-07-18 08:57:00,17.79, , , , 
2022-07-18 08:58:00,17.76, , , , 
2022-07-18 08:59:00,17.80, , , , 
2022-07-18 09:00:00,17.78, , , , 
2022-07-18 09:01:00,17.77, , , , 
2022-07-18 09:02:00,17.78, , , , 
2022-07-18 09:03:00,17.78, , , , 
2022-07-18 09:04:00,17.77, , , , 
2022-07-18 09:05:00,17.77, , , , 
2022-07-18 09:06:00,17.77, , , , 
2022-07-18 09:07:00,17.76, , , , 
2022-07-18 09:08:00,17.75, , , , 
2022-07-18 09:09:00,17.74, , , , 
2022-07-18 09:10:00,17.72, , , , 
2022-07-18 09:11:00,17.69, , , , 
2022-07-18 09:12:00,17.67, , , , 
2022-07-18 09:13:00,17.68, , , , 
2022-07-18 09:14:00,17.66, , , , 
2022-07-18 09:15:00,17.67, , , , 
2022-07-18 09:16:00,17.66, , , , 
2022-07-18 09:17:00,17.66, , , , 
2022-07-18 09:18:00,17.67, , , , 
2022-07-18 09:19:00,17.67, , , , 
2022-07-18 09:20:00,17.64, , , , 
2022-07-18 09:21:00,17.66, , , , 
2022-07-18 09:22:00,17.67, , , , 
2022-07-18 09:23:00,17.67, , , , 
2022-07-18 09:24:00,17.66, , , , 
2022-07-18 09:25:00,17.67, , , , 
2022-07-18 09:26:00,17.68, , , , 
2022-07-18 09:27:00,17.68, , , , 
2022-07-18 09:28:00,17.69, , , , 
2022-07-18 09:29:00,17.70, , , , 
2022-07-18 09:30:00,17.69, , , , 
2022-07-18 09:31:00,17.66, , , , 
2022-07-18 09:32:00,17.64, , , , 
2022-07-18 09:33:00,17.64, , , , 
2022-07-18 09:34:00,17.62, , , , 
2022-07-18 09:35:00,17.63, , , , 
2022-07-18 09:36:00,17.62, , , , 
2022-07-18 09:37:00,17.60, , , , 
2022-07-18 09:38:00,17.62, , , , 
2022-07-18 09:39:00,17.60, , , , 
2022-07-18 09:40:00,17.61, , , , 
2022-07-18 09:41:00,17.62, , , , 
2022-07-18 09:42:00,17.62, , , , 
2022-07-18 09:43:00,17.63, , , , 
2022-07-18 09:44:00,17.64, , , , 
2022-07-18 09:45:00,17.61, , , , 
2022-07-18 09:46:00,17.66, , , , 
2022-07-18 09:47:00,17.63, , , , 
2022-07-18 09:48:00,17.65, , , , 
2022-07-18 09:49:00,17.66, , , , 
2022-07-18 09:50:00,17.64, , , , 
2022-07-18 09:51:00,17.65, , , , 
2022-07-18 09:52:00,17.65, , , , 
2022-07-18 09:53:00,17.65, , , , 
2022-07-18 09:54:00,17.61, , , , 
2022-07-18 09:55:00,17.62, , , , 
2022-07-18 09:56:00,17.59, , , , 
2022-07-18 09:57:00,17.58, , , , 
2022-07-18 09:58:00,17.58, , , , 
2022-07-18 09:59:00,17.59, , , , 
2022-07-18 10:00:00,17.58, , , , 
2022-07-18 10:01:00,17.59, , , , 
2022-07-18 10:02:00,17.59, , , , 
2022-07-18 10:03:00,17.59, , , , 
2022-07-18 10:04:00,17.58, , , , 
2022-07-18 10:05:00,17.60, , , , 
2022-07-18 10:06:00,17.61, , , , 
2022-07-18 10:07:00,17.61, , , , 
2022-07-18 10:08:00,17.61, , , , 
2022-07-18 10:09:00,17.62, , , , 
2022-07-18 10:10:00,17.62, , , , 
2022-07-18 10:11:00,17.62, , , , 
2022-07-18 10:12:00,17.63, , , , 
2022-07-18 10:13:00,17.63, , , , 
2022-07-18 10:14:00,17.61, , , , 
2022-07-18 10:15:00,17.59, , , , 
2022-07-18 10:16:00,17.56, , , , 
2022-07-18 10:17:00,17.55, , , , 
2022-07-18 10:18:00,17.55, , , , 
2022-07-18 10:19:00,17.55, , , , 
2022-07-18 10:20:00,17.55, , , , 
2022-07-18 10:21:00,17.55, , , , 
2022-07-18 10:22:00,17.58, , , , 
2022-07-18 10:23:00,17.56, , , , 
2022-07-18 10:24:00,17.56, , , , 
2022-07-18 10:25:00,17.55, , , , 
2022-07-18 10:26:00,17.58, , , , 
2022-07-18 10:27:00,17.58, , , , 
2022-07-18 10:28:00,17.59, , , , 
2022-07-18 10:29:00,17.58, , , , 
2022-07-18 10:30:00,17.62, , , , 
2022-07-18 10:31:00,17.60, , , , 
2022-07-18 10:32:00,17.59, , , , 
2022-07-18 10:33:00,17.60, , , , 
2022-07-18 10:34:00,17.61, , , , 
2022-07-18 10:35:00,17.62, , , , 
2022-07-18 10:36:00,17.60, , , , 
2022-07-18 10:37:00,17.54, , , , 
2022-07-18 10:38:00,17.56, , , , 
2022-07-18 10:39:00,17.53, , , , 
2022-07-18 10:40:00,17.54, , , , 
2022-07-18 10:41:00,17.54, , , , 
2022-07-18 10:42:00,17.52, , , , 
2022-07-18 10:43:00,17.52, , , , 
2022-07-18 10:44:00,17.54, , , , 
2022-07-18 10:45:00,17.54, , , , 
2022-07-18 10:46:00,17.55, , , , 
2022-07-18 10:47:00,17.55, , , , 
2022-07-18 10:48:00,17.56, , , , 
2022-07-18 10:49:00,17.58, , , , 
2022-07-18 10:50:00,17.58, , , , 
2022-07-18 10:51:00,17.58, , , , 
2022-07-18 10:52:00,17.58, , , , 
2022-07-18 10:53:00,17.58, , , , 
2022-07-18 10:54:00,17.58, , , , 
2022-07-18 10:55:00,17.60, , , , 
2022-07-18 10:56:00,17.61, , , , 
2022-07-18 10:57:00,17.61, , , , 
2022-07-18 10:58:00,17.56, , , , 
2022-07-18 10:59:00,17.56, , , , 
2022-07-18 11:00:00,17.56, , , , 
2022-07-18 11:01:00,17.54, , , , 
2022-07-18 11:02:00,17.53, , , , 
2022-07-18 11:03:00,17.51, , , , 
2022-07-18 11:04:00,17.51, , , , 
2022-07-18 11:05:00,17.53, , , , 
2022-07-18 11:06:00,17.51, , , , 
2022-07-18 11:07:00,17.53, , , , 
2022-07-18 11:08:00,17.52, , , , 
2022-07-18 11:09:00,17.54, , , , 
2022-07-18 11:10:00,17.54, , , , 
2022-07-18 11:11:00,17.53, , , , 
2022-07-18 11:12:00,17.54, , , , 
2022-07-18 11:13:00,17.54, , , , 
2022-07-18 11:14:00,17.53, , , , 
2022-07-18 11:15:00,17.55, , , , 
2022-07-18 11:16:00,17.55, , , , 
2022-07-18 11:17:00,17.56, , , , 
2022-07-18 11:18:00,17.55, , , , 
2022-07-18 11:19:00,17.55, , , , 
2022-07-18 11:20:00,17.53, , , , 
2022-07-18 11:21:00,17.53, , , , 
2022-07-18 11:22:00,17.51, , , , 
2022-07-18 11:23:00,17.49, , , , 
2022-07-18 11:24:00,17.49, , , , 
2022-07-18 11:25:00,17.49, , , , 
2022-07-18 11:26:00,17.47, , , , 
2022-07-18 11:27:00,17.49, , , , 
2022-07-18 11:28:00,17.49, , , , 
2022-07-18 11:29:00,17.48, , , , 
2022-07-18 11:30:00,17.50, , , , 
2022-07-18 11:31:00,17.48, , , , 
2022-07-18 11:32:00,17.51, , , , 
2022-07-18 11:33:00,17.52, , , , 
2022-07-18 11:34:00,17.50, , , , 
2022-07-18 11:35:00,17.51, , , , 
2022-07-18 11:36:00,17.50, , , , 
2022-07-18 11:37:00,17.53, , , , 
2022-07-18 11:38:00,17.53, , , , 
2022-07-18 11:39:00,17.53, , , , 
2022-07-18 11:40:00,17.53, , , , 
2022-07-18 11:41:00,17.54, , , , 
2022-07-18 11:42:00,17.52, , , , 
2022-07-18 11:43:00,17.52, , , , 
2022-07-18 11:44:00,17.51, , , , 
2022-07-18 11:45:00,17.50, , , , 
2022-07-18 11:46:00,17.50, , , , 
2022-07-18 11:47:00,17.48, , , , 
2022-07-18 11:48:00,17.49, , , , 
2022-07-18 11:49:00,17.50, , , , 
2022-07-18 11:50:00,17.50, , , , 
2022-07-18 11:51:00,17.49, , , , 
2022-07-18 11:52:00,17.52, , , , 
2022-07-18 11:53:00,17.52, , , , 
2022-07-18 11:54:00,17.52, , , , 
2022-07-18 11:55:00,17.50, , , , 
2022-07-18 11:56:00,17.50, , , , 
2022-07-18 11:57:00,17.52, , , , 
2022-07-18 11:58:00,17.53, , , , 
2022-07-18 11:59:00,17.53, , , , 
2022-07-18 12:00:00,17.52, , , , 
2022-07-18 12:01:00,17.54, , , , 
2022-07-18 12:02:00,17.58, , , , 
2022-07-18 12:03:00,17.55, , , , 
2022-07-18 12:04:00,17.53, , , , 
2022-07-18 12:05:00,17.56, , , , 
2022-07-18 12:06:00,17.55, , , , 
2022-07-18 12:07:00,17.58, , , , 
2022-07-18 12:08:00,17.58, , , , 
2022-07-18 12:09:00,17.61, , , , 
2022-07-18 12:10:00,17.62, , , , 
2022-07-18 12:11:00,17.67, , , , 
2022-07-18 12:12:00,17.70, , , , 
2022-07-18 12:13:00,17.75, , , , 
2022-07-18 12:14:00,17.78, , , , 
2022-07-18 12:15:00,17.80, , , , 
2022-07-18 12:16:00,17.84, , , , 
2022-07-18 12:17:00,17.89, , , , 
2022-07-18 12:18:00,17.91, , , , 
2022-07-18 12:19:00,17.95, , , , 
2022-07-18 12:20:00,17.98, , , , 
2022-07-18 12:21:00,18.03, , , , 
2022-07-18 12:22:00,18.07, , , , 
2022-07-18 12:23:00,18.10, , , , 
2022-07-18 12:24:00,18.14, , , , 
2022-07-18 12:25:00,18.17, , , , 
2022-07-18 12:26:00,18.18, , , , 
2022-07-18 12:27:00,18.18, , , , 
2022-07-18 12:28:00,18.20, , , , 
2022-07-18 12:29:00,18.22, , , , 
2022-07-18 12:30:00,18.25, , , , 
2022-07-18 12:31:00,18.29, , , , 
2022-07-18 12:32:00,18.29, , , , 
2022-07-18 12:33:00,18.34, , , , 
2022-07-18 12:34:00,18.37, , , , 
2022-07-18 12:35:00,18.41, , , , 
2022-07-18 12:36:00,18.47, , , , 
2022-07-18 12:37:00,18.48, , , , 
2022-07-18 12:38:00,18.51, , , , 
2022-07-18 12:39:00,18.55, , , , 
2022-07-18 12:40:00,18.59, , , , 
2022-07-18 12:41:00,18.62, , , , 
2022-07-18 12:42:00,18.67, , , , 
2022-07-18 12:43:00,18.70, , , , 
2022-07-18 12:44:00,18.70, , , , 
2022-07-18 12:45:00,18.76, , , , 
2022-07-18 12:46:00,18.79, , , , 
2022-07-18 12:47:00,18.82, , , , 
2022-07-18 12:48:00,18.81, , , , 
2022-07-18 12:49:00,18.81, , , , 
2022-07-18 12:50:00,18.84, , , , 
2022-07-18 12:51:00,18.86, , , , 
2022-07-18 12:52:00,18.88, , , , 
2022-07-18 12:53:00,18.88, , , , 
2022-07-18 12:54:00,18.94, , , , 
2022-07-18 12:55:00,18.97, , , , 
2022-07-18 12:56:00,19.00, , , , 
2022-07-18 12:57:00,19.01, , , , 
2022-07-18 12:58:00,19.06, , , , 
2022-07-18 12:59:00,19.08, , , , 
2022-07-18 13:00:00,19.11, , , , 
2022-07-18 13:01:00,19.12, , , , 
2022-07-18 13:02:00,19.14, , , , 
2022-07-18 13:03:00,19.22, , , , 
2022-07-18 13:04:00,19.22, , , , 
2022-07-18 13:05:00,19.27, , , , 
2022-07-18 13:06:00,19.28, , , , 
2022-07-18 13:07:00,19.32, , , , 
2022-07-18 13:08:00,19.35, , , , 
2022-07-18 13:09:00,19.37, , , , 
2022-07-18 13:10:00,19.36, , , , 
2022-07-18 13:11:00,19.37, , , , 
2022-07-18 13:12:00,19.38, , , , 
2022-07-18 13:13:00,19.39, , , , 
2022-07-18 13:14:00,19.43, , , , 
2022-07-18 13:15:00,19.42, , , , 
2022-07-18 13:16:00,19.46, , , , 
2022-07-18 13:17:00,19.47, , , , 
2022-07-18 13:18:00,19.51, , , , 
2022-07-18 13:19:00,19.54, , , , 
2022-07-18 13:20:00,19.54, , , , 
2022-07-18 13:21:00,19.57, , , , 
2022-07-18 13:22:00,19.61, , , , 
2022-07-18 13:23:00,19.65, , , , 
2022-07-18 13:24:00,19.67, , , , 
2022-07-18 13:25:00,19.70, , , , 
2022-07-18 13:26:00,19.72, , , , 
2022-07-18 13:27:00,19.75, , , , 
2022-07-18 13:28:00,19.75, , , , 
2022-07-18 13:29:00,19.80, , , , 
2022-07-18 13:30:00,19.82, , , , 
2022-07-18 13:31:00,19.83, , , , 
2022-07-18 13:32:00,19.83, , , , 
2022-07-18 13:33:00,19.84, , , , 
2022-07-18 13:34:00,19.86, , , , 
2022-07-18 13:35:00,19.84, , , , 
2022-07-18 13:36:00,19.88, , , , 
2022-07-18 13:37:00,19.90, , , , 
2022-07-18 13:38:00,19.92, , , , 
2022-07-18 13:39:00,19.94, , , , 
2022-07-18 13:40:00,19.95, , , , 
2022-07-18 13:41:00,19.96, , , , 
2022-07-18 13:42:00,19.99, , , , 
2022-07-18 13:43:00,20.01, , , , 
2022-07-18 13:44:00,20.03, , , , 
2022-07-18 13:45:00,20.05, , , , 
2022-07-18 13:46:00,20.06, , , , 
2022-07-18 13:47:00,20.10, , , , 
2022-07-18 13:48:00,20.10, , , , 
2022-07-18 13:49:00,20.15, , , , 
2022-07-18 13:50:00,20.17, , , , 
2022-07-18 13:51:00,20.19, , , , 
2022-07-18 13:52:00,20.20, , , , 
2022-07-18 13:53:00,20.19, , , , 
2022-07-18 13:54:00,20.21, , , , 
2022-07-18 13:55:00,20.21, , , , 
2022-07-18 13:56:00,20.21, , , , 
2022-07-18 13:57:00,20.21, , , , 
2022-07-18 13:58:00,20.25, , , , 
2022-07-18 13:59:00,20.25, , , , 
2022-07-18 14:00:00,20.26, , , , 
2022-07-18 14:01:00,20.28, , , , 
2022-07-18 14:02:00,20.31, , , , 
2022-07-18 14:03:00,20.32, , , , 
2022-07-18 14:04:00,20.34, , , , 
2022-07-18 14:05:00,20.35, , , , 
2022-07-18 14:06:00,20.39, , , , 
2022-07-18 14:07:00,20.40, , , , 
2022-07-18 14:08:00,20.41, , , , 
2022-07-18 14:09:00,20.43, , , , 
2022-07-18 14:10:00,20.46, , , , 
2022-07-18 14:11:00,20.47, , , , 
2022-07-18 14:12:00,20.51, , , , 
2022-07-18 14:13:00,20.51, , , , 
2022-07-18 14:14:00,20.54, , , , 
2022-07-18 14:15:00,20.54, , , , 
2022-07-18 14:16:00,20.54, , , , 
2022-07-18 14:17:00,20.51, , , , 
2022-07-18 14:18:00,20.53, , , , 
2022-07-18 14:19:00,20.55, , , , 
2022-07-18 14:20:00,20.57, , , , 
2022-07-18 14:21:00,20.56, , , , 
2022-07-18 14:22:00,20.58, , , , 
2022-07-18 14:23:00,20.61, , , , 
2022-07-18 14:24:00,20.61, , , , 
2022-07-18 14:25:00,20.61, , , , 
2022-07-18 14:26:00,20.65, , , , 
2022-07-18 14:27:00,20.66, , , , 
2022-07-18 14:28:00,20.69, , , , 
2022-07-18 14:29:00,20.70, , , , 
2022-07-18 14:30:00,20.75, , , , 
2022-07-18 14:31:00,20.76, , , , 
2022-07-18 14:32:00,20.79, , , , 
2022-07-18 14:32:20, , ,Logged, , 
2022-07-18 14:32:21, , , ,Logged, 
2022-07-18 14:33:00,20.81, , , , 
2022-07-18 14:33:11, ,Logged, , , 
2022-07-18 14:34:00,20.84, , , , 
2022-07-18 14:35:00,20.87, , , , 
2022-07-18 14:36:00,20.91, , , , 
2022-07-18 14:37:00,20.92, , , , 
2022-07-18 14:38:00,20.92, , , , 
2022-07-18 14:39:00,20.93, , , , 
2022-07-18 14:40:00,20.94, , , , 
2022-07-18 14:41:00,20.95, , , , 
2022-07-18 14:42:00,20.98, , , , 
2022-07-18 14:43:00,21.02, , , , 
2022-07-18 14:44:00,21.04, , , , 
2022-07-18 14:45:00,21.08, , , , 
2022-07-18 14:46:00,21.11, , , , 
2022-07-18 14:47:00,21.11, , , , 
2022-07-18 14:48:00,21.17, , , , 
2022-07-18 14:49:00,21.20, , , , 
2022-07-18 14:50:00,21.23, , , , 
2022-07-18 14:51:00,21.28, , , , 
2022-07-18 14:52:00,21.29, , , , 
2022-07-18 14:53:00,21.33, , , , 
2022-07-18 14:54:00,21.37, , , , 
2022-07-18 14:55:00,21.38, , , , 
2022-07-18 14:56:00,21.43, , , , 
2022-07-18 14:57:00,21.48, , , , 
2022-07-18 14:58:00,21.49, , , , 
2022-07-18 14:59:00,21.51, , , , 
2022-07-18 15:00:00,21.51, , , , 
2022-07-18 15:01:00,21.52, , , , 
2022-07-18 15:02:00,21.52, , , , 
2022-07-18 15:03:00,21.55, , , , 
2022-07-18 15:04:00,21.59, , , , 
2022-07-18 15:05:00,21.60, , , , 
2022-07-18 15:06:00,21.63, , , , 
2022-07-18 15:07:00,21.65, , , , 
2022-07-18 15:08:00,21.68, , , , 
2022-07-18 15:09:00,21.72, , , , 
2022-07-18 15:10:00,21.75, , , , 
2022-07-18 15:11:00,21.77, , , , 
2022-07-18 15:12:00,21.80, , , , 
2022-07-18 15:13:00,21.83, , , , 
2022-07-18 15:14:00,21.87, , , , 
2022-07-18 15:15:00,21.89, , , , 
2022-07-18 15:16:00,21.93, , , , 
2022-07-18 15:17:00,21.95, , , , 
2022-07-18 15:18:00,21.99, , , , 
2022-07-18 15:19:00,22.03, , , , 
2022-07-18 15:20:00,22.04, , , , 
2022-07-18 15:21:00,22.04, , , , 
2022-07-18 15:22:00,22.06, , , , 
2022-07-18 15:23:00,22.05, , , , 
2022-07-18 15:24:00,22.08, , , , 
2022-07-18 15:25:00,22.09, , , , 
2022-07-18 15:26:00,22.11, , , , 
2022-07-18 15:27:00,22.12, , , , 
2022-07-18 15:28:00,22.16, , , , 
2022-07-18 15:29:00,22.18, , , , 
2022-07-18 15:30:00,22.21, , , , 
2022-07-18 15:31:00,22.24, , , , 
2022-07-18 15:32:00,22.26, , , , 
2022-07-18 15:33:00,22.27, , , , 
2022-07-18 15:34:00,22.32, , , , 
2022-07-18 15:35:00,22.35, , , , 
2022-07-18 15:36:00,22.37, , , , 
2022-07-18 15:37:00,22.41, , , , 
2022-07-18 15:38:00,22.41, , , , 
2022-07-18 15:39:00,22.46, , , , 
2022-07-18 15:40:00,22.50, , , , 
2022-07-18 15:41:00,22.54, , , , 
2022-07-18 15:42:00,22.52, , , , 
2022-07-18 15:43:00,22.55, , , , 
2022-07-18 15:44:00,22.55, , , , 
2022-07-18 15:45:00,22.56, , , , 
2022-07-18 15:46:00,22.57, , , , 
2022-07-18 15:47:00,22.61, , , , 
2022-07-18 15:48:00,22.57, , , , 
2022-07-18 15:49:00,22.62, , , , 
2022-07-18 15:50:00,22.66, , , , 
2022-07-18 15:51:00,22.67, , , , 
2022-07-18 15:52:00,22.67, , , , 
2022-07-18 15:53:00,22.72, , , , 
2022-07-18 15:54:00,22.73, , , , 
2022-07-18 15:55:00,22.78, , , , 
2022-07-18 15:56:00,22.80, , , , 
2022-07-18 15:57:00,22.82, , , , 
2022-07-18 15:58:00,22.85, , , , 
2022-07-18 15:59:00,22.88, , , , 
2022-07-18 16:00:00,22.91, , , , 
2022-07-18 16:01:00,22.95, , , , 
2022-07-18 16:02:00,22.96, , , , 
2022-07-18 16:03:00,22.96, , , , 
2022-07-18 16:04:00,23.00, , , , 
2022-07-18 16:05:00,23.00, , , , 
2022-07-18 16:06:00,22.98, , , , 
2022-07-18 16:07:00,22.99, , , , 
2022-07-18 16:08:00,23.01, , , , 
2022-07-18 16:09:00,23.01, , , , 
2022-07-18 16:10:00,23.03, , , , 
2022-07-18 16:11:00,23.07, , , , 
2022-07-18 16:12:00,23.08, , , , 
2022-07-18 16:13:00,23.10, , , , 
2022-07-18 16:14:00,23.13, , , , 
2022-07-18 16:15:00,23.13, , , , 
2022-07-18 16:16:00,23.18, , , , 
2022-07-18 16:17:00,23.21, , , , 
2022-07-18 16:18:00,23.23, , , , 
2022-07-18 16:19:00,23.25, , , , 
2022-07-18 16:20:00,23.26, , , , 
2022-07-18 16:21:00,23.30, , , , 
2022-07-18 16:22:00,23.34, , , , 
2022-07-18 16:23:00,23.34, , , , 
2022-07-18 16:24:00,23.37, , , , 
2022-07-18 16:25:00,23.38, , , , 
2022-07-18 16:26:00,23.38, , , , 
2022-07-18 16:27:00,23.41, , , , 
2022-07-18 16:28:00,23.39, , , , 
2022-07-18 16:29:00,23.39, , , , 
2022-07-18 16:30:00,23.40, , , , 
2022-07-18 16:31:00,23.42, , , , 
2022-07-18 16:32:00,23.41, , , , 
2022-07-18 16:33:00,23.43, , , , 
2022-07-18 16:34:00,23.44, , , , 
2022-07-18 16:35:00,23.46, , , , 
2022-07-18 16:36:00,23.49, , , , 
2022-07-18 16:37:00,23.47, , , , 
2022-07-18 16:38:00,23.47, , , , 
2022-07-18 16:39:00,23.52, , , , 
2022-07-18 16:40:00,23.51, , , , 
2022-07-18 16:41:00,23.51, , , , 
2022-07-18 16:42:00,23.53, , , , 
2022-07-18 16:43:00,23.55, , , , 
2022-07-18 16:44:00,23.56, , , , 
2022-07-18 16:45:00,23.57, , , , 
2022-07-18 16:46:00,23.57, , , , 
2022-07-18 16:47:00,23.57, , , , 
2022-07-18 16:48:00,23.59, , , , 
2022-07-18 16:49:00,23.58, , , , 
2022-07-18 16:50:00,23.58, , , , 
2022-07-18 16:51:00,23.58, , , , 
2022-07-18 16:52:00,23.58, , , , 
2022-07-18 16:53:00,23.56, , , , 
2022-07-18 16:54:00,23.59, , , , 
2022-07-18 16:55:00,23.60, , , , 
2022-07-18 16:56:00,23.59, , , , 
2022-07-18 16:57:00,23.61, , , , 
2022-07-18 16:58:00,23.62, , , , 
2022-07-18 16:59:00,23.61, , , , 
2022-07-18 17:00:00,23.66, , , , 
2022-07-18 17:01:00,23.66, , , , 
2022-07-18 17:02:00,23.68, , , , 
2022-07-18 17:03:00,23.71, , , , 
2022-07-18 17:04:00,23.71, , , , 
2022-07-18 17:05:00,23.74, , , , 
2022-07-18 17:06:00,23.75, , , , 
2022-07-18 17:07:00,23.76, , , , 
2022-07-18 17:08:00,23.79, , , , 
2022-07-18 17:09:00,23.82, , , , 
2022-07-18 17:10:00,23.82, , , , 
2022-07-18 17:11:00,23.81, , , , 
2022-07-18 17:12:00,23.82, , , , 
2022-07-18 17:13:00,23.80, , , , 
2022-07-18 17:14:00,23.81, , , , 
2022-07-18 17:15:00,23.83, , , , 
2022-07-18 17:16:00,23.83, , , , 
2022-07-18 17:17:00,23.88, , , , 
2022-07-18 17:18:00,23.89, , , , 
2022-07-18 17:19:00,23.94, , , , 
2022-07-18 17:20:00,23.96, , , , 
2022-07-18 17:21:00,24.01, , , , 
2022-07-18 17:22:00,24.04, , , , 
2022-07-18 17:23:00,24.06, , , , 
2022-07-18 17:24:00,24.10, , , , 
2022-07-18 17:25:00,24.13, , , , 
2022-07-18 17:26:00,24.16, , , , 
2022-07-18 17:27:00,24.16, , , , 
2022-07-18 17:28:00,24.19, , , , 
2022-07-18 17:29:00,24.24, , , , 
2022-07-18 17:30:00,24.26, , , , 
2022-07-18 17:31:00,24.27, , , , 
2022-07-18 17:32:00,24.27, , , , 
2022-07-18 17:33:00,24.27, , , , 
2022-07-18 17:34:00,24.28, , , , 
2022-07-18 17:35:00,24.26, , , , 
2022-07-18 17:36:00,24.26, , , , 
2022-07-18 17:37:00,24.27, , , , 
2022-07-18 17:38:00,24.29, , , , 
2022-07-18 17:39:00,24.29, , , , 
2022-07-18 17:40:00,24.29, , , , 
2022-07-18 17:41:00,24.29, , , , 
2022-07-18 17:42:00,24.33, , , , 
2022-07-18 17:43:00,24.35, , , , 
2022-07-18 17:44:00,24.36, , , , 
2022-07-18 17:45:00,24.38, , , , 
2022-07-18 17:46:00,24.41, , , , 
2022-07-18 17:47:00,24.41, , , , 
2022-07-18 17:48:00,24.44, , , , 
2022-07-18 17:49:00,24.45, , , , 
2022-07-18 17:50:00,24.46, , , , 
2022-07-18 17:51:00,24.49, , , , 
2022-07-18 17:52:00,24.48, , , , 
2022-07-18 17:53:00,24.49, , , , 
2022-07-18 17:54:00,24.48, , , , 
2022-07-18 17:55:00,24.44, , , , 
2022-07-18 17:56:00,24.45, , , , 
2022-07-18 17:57:00,24.41, , , , 
2022-07-18 17:58:00,24.39, , , , 
2022-07-18 17:59:00,24.35, , , , 
2022-07-18 18:00:00,24.38, , , , 
2022-07-18 18:01:00,24.35, , , , 
2022-07-18 18:02:00,24.35, , , , 
2022-07-18 18:03:00,24.39, , , , 
2022-07-18 18:04:00,24.41, , , , 
2022-07-18 18:05:00,24.41, , , , 
2022-07-18 18:06:00,24.35, , , , 
2022-07-18 18:07:00,24.32, , , , 
2022-07-18 18:08:00,24.27, , , , 
2022-07-18 18:09:00,24.24, , , , 
2022-07-18 18:10:00,24.17, , , , 
2022-07-18 18:11:00,24.10, , , , 
2022-07-18 18:12:00,24.02, , , , 
2022-07-18 18:13:00,23.94, , , , 
2022-07-18 18:14:00,23.82, , , , 
2022-07-18 18:15:00,23.72, , , , 
2022-07-18 18:16:00,23.61, , , , 
2022-07-18 18:17:00,23.50, , , , 
2022-07-18 18:18:00,23.40, , , , 
2022-07-18 18:19:00,23.30, , , , 
2022-07-18 18:20:00,23.25, , , , 
2022-07-18 18:21:00,23.13, , , , 
2022-07-18 18:22:00,23.10, , , , 
2022-07-18 18:23:00,23.06, , , , 
2022-07-18 18:24:00,23.00, , , , 
2022-07-18 18:25:00,22.95, , , , 
2022-07-18 18:26:00,22.94, , , , 
2022-07-18 18:27:00,22.87, , , , 
2022-07-18 18:28:00,22.81, , , , 
2022-07-18 18:29:00,22.80, , , , 
2022-07-18 18:30:00,22.73, , , , 
2022-07-18 18:31:00,22.68, , , , 
2022-07-18 18:32:00,22.63, , , , 
2022-07-18 18:33:00,22.60, , , , 
2022-07-18 18:34:00,22.54, , , , 
2022-07-18 18:35:00,22.49, , , , 
2022-07-18 18:36:00,22.46, , , , 
2022-07-18 18:37:00,22.38, , , , 
2022-07-18 18:38:00,22.34, , , , 
2022-07-18 18:39:00,22.23, , , , 
2022-07-18 18:40:00,22.18, , , , 
2022-07-18 18:41:00,22.12, , , , 
2022-07-18 18:42:00,22.10, , , , 
2022-07-18 18:43:00,22.06, , , , 
2022-07-18 18:44:00,22.02, , , , 
2022-07-18 18:45:00,21.96, , , , 
2022-07-18 18:46:00,21.93, , , , 
2022-07-18 18:47:00,21.89, , , , 
2022-07-18 18:48:00,21.84, , , , 
2022-07-18 18:49:00,21.79, , , , 
2022-07-18 18:50:00,21.76, , , , 
2022-07-18 18:51:00,21.75, , , , 
2022-07-18 18:52:00,21.72, , , , 
2022-07-18 18:53:00,21.69, , , , 
2022-07-18 18:54:00,21.63, , , , 
2022-07-18 18:55:00,21.61, , , , 
2022-07-18 18:56:00,21.59, , , , 
2022-07-18 18:57:00,21.55, , , , 
2022-07-18 18:58:00,21.55, , , , 
2022-07-18 18:59:00,21.51, , , , 
2022-07-18 19:00:00,21.46, , , , 
2022-07-18 19:01:00,21.39, , , , 
2022-07-18 19:02:00,21.34, , , , 
2022-07-18 19:03:00,21.32, , , , 
2022-07-18 19:04:00,21.28, , , , 
2022-07-18 19:05:00,21.24, , , , 
2022-07-18 19:06:00,21.20, , , , 
2022-07-18 19:07:00,21.18, , , , 
2022-07-18 19:08:00,21.17, , , , 
2022-07-18 19:09:00,21.11, , , , 
2022-07-18 19:10:00,21.13, , , , 
2022-07-18 19:11:00,21.07, , , , 
2022-07-18 19:12:00,21.08, , , , 
2022-07-18 19:13:00,21.05, , , , 
2022-07-18 19:14:00,21.03, , , , 
2022-07-18 19:15:00,21.01, , , , 
2022-07-18 19:16:00,20.99, , , , 
2022-07-18 19:17:00,20.99, , , , 
2022-07-18 19:18:00,20.98, , , , 
2022-07-18 19:19:00,20.94, , , , 
2022-07-18 19:20:00,20.94, , , , 
2022-07-18 19:21:00,20.92, , , , 
2022-07-18 19:22:00,20.87, , , , 
2022-07-18 19:23:00,20.84, , , , 
2022-07-18 19:24:00,20.79, , , , 
2022-07-18 19:25:00,20.75, , , , 
2022-07-18 19:26:00,20.73, , , , 
2022-07-18 19:27:00,20.71, , , , 
2022-07-18 19:28:00,20.68, , , , 
2022-07-18 19:29:00,20.65, , , , 
2022-07-18 19:30:00,20.64, , , , 
2022-07-18 19:31:00,20.63, , , , 
2022-07-18 19:32:00,20.58, , , , 
2022-07-18 19:33:00,20.57, , , , 
2022-07-18 19:34:00,20.56, , , , 
2022-07-18 19:35:00,20.53, , , , 
2022-07-18 19:36:00,20.53, , , , 
2022-07-18 19:37:00,20.51, , , , 
2022-07-18 19:38:00,20.49, , , , 
2022-07-18 19:39:00,20.49, , , , 
2022-07-18 19:40:00,20.45, , , , 
2022-07-18 19:41:00,20.45, , , , 
2022-07-18 19:42:00,20.43, , , , 
2022-07-18 19:43:00,20.42, , , , 
2022-07-18 19:44:00,20.40, , , , 
2022-07-18 19:45:00,20.35, , , , 
2022-07-18 19:46:00,20.31, , , , 
2022-07-18 19:47:00,20.30, , , , 
2022-07-18 19:48:00,20.25, , , , 
2022-07-18 19:49:00,20.26, , , , 
2022-07-18 19:50:00,20.22, , , , 
2022-07-18 19:51:00,20.20, , , , 
2022-07-18 19:52:00,20.19, , , , 
2022-07-18 19:53:00,20.19, , , , 
2022-07-18 19:54:00,20.18, , , , 
2022-07-18 19:55:00,20.17, , , , 
2022-07-18 19:56:00,20.14, , , , 
2022-07-18 19:57:00,20.13, , , , 
2022-07-18 19:58:00,20.13, , , , 
2022-07-18 19:59:00,20.10, , , , 
2022-07-18 20:00:00,20.10, , , , 
2022-07-18 20:01:00,20.10, , , , 
2022-07-18 20:02:00,20.06, , , , 
2022-07-18 20:03:00,20.07, , , , 
2022-07-18 20:04:00,20.06, , , , 
2022-07-18 20:05:00,20.02, , , , 
2022-07-18 20:06:00,20.01, , , , 
2022-07-18 20:07:00,19.99, , , , 
2022-07-18 20:08:00,19.95, , , , 
2022-07-18 20:09:00,19.91, , , , 
2022-07-18 20:10:00,19.88, , , , 
2022-07-18 20:11:00,19.88, , , , 
2022-07-18 20:12:00,19.87, , , , 
2022-07-18 20:13:00,19.85, , , , 
2022-07-18 20:14:00,19.84, , , , 
2022-07-18 20:15:00,19.83, , , , 
2022-07-18 20:16:00,19.82, , , , 
2022-07-18 20:17:00,19.82, , , , 
2022-07-18 20:18:00,19.81, , , , 
2022-07-18 20:19:00,19.79, , , , 
2022-07-18 20:20:00,19.77, , , , 
2022-07-18 20:21:00,19.77, , , , 
2022-07-18 20:22:00,19.75, , , , 
2022-07-18 20:23:00,19.75, , , , 
2022-07-18 20:24:00,19.76, , , , 
2022-07-18 20:25:00,19.75, , , , 
2022-07-18 20:26:00,19.74, , , , 
2022-07-18 20:27:00,19.72, , , , 
2022-07-18 20:28:00,19.70, , , , 
2022-07-18 20:29:00,19.67, , , , 
2022-07-18 20:30:00,19.61, , , , 
2022-07-18 20:31:00,19.62, , , , 
2022-07-18 20:32:00,19.60, , , , 
2022-07-18 20:33:00,19.60, , , , 
2022-07-18 20:34:00,19.59, , , , 
2022-07-18 20:35:00,19.57, , , , 
2022-07-18 20:36:00,19.56, , , , 
2022-07-18 20:37:00,19.55, , , , 
2022-07-18 20:38:00,19.55, , , , 
2022-07-18 20:39:00,19.52, , , , 
2022-07-18 20:40:00,19.53, , , , 
2022-07-18 20:41:00,19.52, , , , 
2022-07-18 20:42:00,19.52, , , , 
2022-07-18 20:43:00,19.52, , , , 
2022-07-18 20:44:00,19.52, , , , 
2022-07-18 20:45:00,19.51, , , , 
2022-07-18 20:46:00,19.47, , , , 
2022-07-18 20:47:00,19.51, , , , 
2022-07-18 20:48:00,19.52, , , , 
2022-07-18 20:49:00,19.47, , , , 
2022-07-18 20:50:00,19.44, , , , 
2022-07-18 20:51:00,19.42, , , , 
2022-07-18 20:52:00,19.41, , , , 
2022-07-18 20:53:00,19.39, , , , 
2022-07-18 20:54:00,19.37, , , , 
2022-07-18 20:55:00,19.38, , , , 
2022-07-18 20:56:00,19.36, , , , 
2022-07-18 20:57:00,19.35, , , , 
2022-07-18 20:58:00,19.32, , , , 
2022-07-18 20:59:00,19.32, , , , 
2022-07-18 21:00:00,19.31, , , , 
2022-07-18 21:01:00,19.30, , , , 
2022-07-18 21:02:00,19.32, , , , 
2022-07-18 21:03:00,19.32, , , , 
2022-07-18 21:04:00,19.30, , , , 
2022-07-18 21:05:00,19.31, , , , 
2022-07-18 21:06:00,19.31, , , , 
2022-07-18 21:07:00,19.30, , , , 
2022-07-18 21:08:00,19.29, , , , 
2022-07-18 21:09:00,19.30, , , , 
2022-07-18 21:10:00,19.30, , , , 
2022-07-18 21:11:00,19.27, , , , 
2022-07-18 21:12:00,19.28, , , , 
2022-07-18 21:13:00,19.27, , , , 
2022-07-18 21:14:00,19.21, , , , 
2022-07-18 21:15:00,19.21, , , , 
2022-07-18 21:16:00,19.17, , , , 
2022-07-18 21:17:00,19.18, , , , 
2022-07-18 21:18:00,19.16, , , , 
2022-07-18 21:19:00,19.17, , , , 
2022-07-18 21:20:00,19.17, , , , 
2022-07-18 21:21:00,19.17, , , , 
2022-07-18 21:22:00,19.15, , , , 
2022-07-18 21:23:00,19.17, , , , 
2022-07-18 21:24:00,19.16, , , , 
2022-07-18 21:25:00,19.16, , , , 
2022-07-18 21:26:00,19.16, , , , 
2022-07-18 21:27:00,19.14, , , , 
2022-07-18 21:28:00,19.15, , , , 
2022-07-18 21:29:00,19.16, , , , 
2022-07-18 21:30:00,19.15, , , , 
2022-07-18 21:31:00,19.15, , , , 
2022-07-18 21:32:00,19.14, , , , 
2022-07-18 21:33:00,19.13, , , , 
2022-07-18 21:34:00,19.11, , , , 
2022-07-18 21:35:00,19.12, , , , 
2022-07-18 21:36:00,19.06, , , , 
2022-07-18 21:37:00,19.07, , , , 
2022-07-18 21:38:00,19.04, , , , 
2022-07-18 21:39:00,19.04, , , , 
2022-07-18 21:40:00,19.02, , , , 
2022-07-18 21:41:00,19.01, , , , 
2022-07-18 21:42:00,19.01, , , , 
2022-07-18 21:43:00,19.03, , , , 
2022-07-18 21:44:00,19.01, , , , 
2022-07-18 21:45:00,19.01, , , , 
2022-07-18 21:46:00,19.02, , , , 
2022-07-18 21:47:00,19.02, , , , 
2022-07-18 21:48:00,19.02, , , , 
2022-07-18 21:49:00,19.03, , , , 
2022-07-18 21:50:00,19.00, , , , 
2022-07-18 21:51:00,19.02, , , , 
2022-07-18 21:52:00,19.01, , , , 
2022-07-18 21:53:00,19.03, , , , 
2022-07-18 21:54:00,19.02, , , , 
2022-07-18 21:55:00,19.02, , , , 
2022-07-18 21:56:00,18.99, , , , 
2022-07-18 21:57:00,18.97, , , , 
2022-07-18 21:58:00,18.96, , , , 
2022-07-18 21:59:00,18.95, , , , 
2022-07-18 22:00:00,18.95, , , , 
2022-07-18 22:01:00,18.93, , , , 
2022-07-18 22:02:00,18.91, , , , 
2022-07-18 22:03:00,18.92, , , , 
2022-07-18 22:04:00,18.91, , , , 
2022-07-18 22:05:00,18.92, , , , 
2022-07-18 22:06:00,18.92, , , , 
2022-07-18 22:07:00,18.91, , , , 
2022-07-18 22:08:00,18.91, , , , 
2022-07-18 22:09:00,18.92, , , , 
2022-07-18 22:10:00,18.92, , , , 
2022-07-18 22:11:00,18.93, , , , 
2022-07-18 22:12:00,18.92, , , , 
2022-07-18 22:13:00,18.91, , , , 
2022-07-18 22:14:00,18.94, , , , 
2022-07-18 22:15:00,18.93, , , , 
2022-07-18 22:16:00,18.93, , , , 
2022-07-18 22:17:00,18.94, , , , 
2022-07-18 22:18:00,18.89, , , , 
2022-07-18 22:19:00,18.88, , , , 
2022-07-18 22:20:00,18.84, , , , 
2022-07-18 22:21:00,18.84, , , , 
2022-07-18 22:22:00,18.85, , , , 
2022-07-18 22:23:00,18.85, , , , 
2022-07-18 22:24:00,18.83, , , , 
2022-07-18 22:25:00,18.83, , , , 
2022-07-18 22:26:00,18.83, , , , 
2022-07-18 22:27:00,18.83, , , , 
2022-07-18 22:28:00,18.83, , , , 
2022-07-18 22:29:00,18.82, , , , 
2022-07-18 22:30:00,18.84, , , , 
2022-07-18 22:31:00,18.82, , , , 
2022-07-18 22:32:00,18.83, , , , 
2022-07-18 22:33:00,18.83, , , , 
2022-07-18 22:34:00,18.85, , , , 
2022-07-18 22:35:00,18.84, , , , 
2022-07-18 22:36:00,18.84, , , , 
2022-07-18 22:37:00,18.83, , , , 
2022-07-18 22:38:00,18.83, , , , 
2022-07-18 22:39:00,18.84, , , , 
2022-07-18 22:40:00,18.83, , , , 
2022-07-18 22:41:00,18.78, , , , 
2022-07-18 22:42:00,18.79, , , , 
2022-07-18 22:43:00,18.76, , , , 
2022-07-18 22:44:00,18.78, , , , 
2022-07-18 22:45:00,18.73, , , , 
2022-07-18 22:46:00,18.78, , , , 
2022-07-18 22:47:00,18.77, , , , 
2022-07-18 22:48:00,18.76, , , , 
2022-07-18 22:49:00,18.76, , , , 
2022-07-18 22:50:00,18.77, , , , 
2022-07-18 22:51:00,18.77, , , , 
2022-07-18 22:52:00,18.76, , , , 
2022-07-18 22:53:00,18.80, , , , 
2022-07-18 22:54:00,18.77, , , , 
2022-07-18 22:55:00,18.77, , , , 
2022-07-18 22:56:00,18.78, , , , 
2022-07-18 22:57:00,18.76, , , , 
2022-07-18 22:58:00,18.79, , , , 
2022-07-18 22:59:00,18.77, , , , 
2022-07-18 23:00:00,18.79, , , , 
2022-07-18 23:01:00,18.74, , , , 
2022-07-18 23:02:00,18.73, , , , 
2022-07-18 23:03:00,18.71, , , , 
2022-07-18 23:04:00,18.72, , , , 
2022-07-18 23:05:00,18.72, , , , 
2022-07-18 23:06:00,18.71, , , , 
2022-07-18 23:07:00,18.70, , , , 
2022-07-18 23:08:00,18.68, , , , 
2022-07-18 23:09:00,18.70, , , , 
2022-07-18 23:10:00,18.69, , , , 
2022-07-18 23:11:00,18.70, , , , 
2022-07-18 23:12:00,18.71, , , , 
2022-07-18 23:13:00,18.71, , , , 
2022-07-18 23:14:00,18.70, , , , 
2022-07-18 23:15:00,18.70, , , , 
2022-07-18 23:16:00,18.71, , , , 
2022-07-18 23:17:00,18.74, , , , 
2022-07-18 23:18:00,18.71, , , , 
2022-07-18 23:19:00,18.74, , , , 
2022-07-18 23:20:00,18.74, , , , 
2022-07-18 23:21:00,18.77, , , , 
2022-07-18 23:22:00,18.76, , , , 
2022-07-18 23:23:00,18.73, , , , 
2022-07-18 23:24:00,18.71, , , , 
2022-07-18 23:25:00,18.71, , , , 
2022-07-18 23:26:00,18.70, , , , 
2022-07-18 23:27:00,18.68, , , , 
2022-07-18 23:28:00,18.69, , , , 
2022-07-18 23:29:00,18.66, , , , 
2022-07-18 23:30:00,18.70, , , , 
2022-07-18 23:31:00,18.68, , , , 
2022-07-18 23:32:00,18.69, , , , 
2022-07-18 23:33:00,18.69, , , , 
2022-07-18 23:34:00,18.68, , , , 
2022-07-18 23:35:00,18.68, , , , 
2022-07-18 23:36:00,18.68, , , , 
2022-07-18 23:37:00,18.69, , , , 
2022-07-18 23:38:00,18.70, , , , 
2022-07-18 23:39:00,18.71, , , , 
2022-07-18 23:40:00,18.70, , , , 
2022-07-18 23:41:00,18.71, , , , 
2022-07-18 23:42:00,18.72, , , , 
2022-07-18 23:43:00,18.73, , , , 
2022-07-18 23:44:00,18.72, , , , 
2022-07-18 23:45:00,18.71, , , , 
2022-07-18 23:46:00,18.72, , , , 
2022-07-18 23:47:00,18.69, , , , 
2022-07-18 23:48:00,18.67, , , , 
2022-07-18 23:49:00,18.66, , , , 
2022-07-18 23:50:00,18.66, , , , 
2022-07-18 23:51:00,18.67, , , , 
2022-07-18 23:52:00,18.65, , , , 
2022-07-18 23:53:00,18.65, , , , 
2022-07-18 23:54:00,18.67, , , , 
2022-07-18 23:55:00,18.66, , , , 
2022-07-18 23:56:00,18.67, , , , 
2022-07-18 23:57:00,18.67, , , , 
2022-07-18 23:58:00,18.68, , , , 
2022-07-18 23:59:00,18.67, , , , 
2022-07-19 00:00:00,18.67, , , , 
2022-07-19 00:01:00,18.71, , , , 
2022-07-19 00:02:00,18.70, , , , 
2022-07-19 00:03:00,18.74, , , , 
2022-07-19 00:04:00,18.74, , , , 
2022-07-19 00:05:00,18.79, , , , 
2022-07-19 00:06:00,18.81, , , , 
2022-07-19 00:07:00,18.83, , , , 
2022-07-19 00:08:00,18.83, , , , 
2022-07-19 00:09:00,18.84, , , , 
2022-07-19 00:10:00,18.87, , , , 
2022-07-19 00:11:00,18.91, , , , 
2022-07-19 00:12:00,18.93, , , , 
2022-07-19 00:13:00,18.96, , , , 
2022-07-19 00:14:00,18.98, , , , 
2022-07-19 00:15:00,19.07, , , , 
2022-07-19 00:16:00,19.07, , , , 
2022-07-19 00:17:00,19.12, , , , 
2022-07-19 00:18:00,19.15, , , , 
2022-07-19 00:19:00,19.21, , , , 
2022-07-19 00:20:00,19.25, , , , 
2022-07-19 00:21:00,19.28, , , , 
2022-07-19 00:22:00,19.33, , , , 
2022-07-19 00:23:00,19.38, , , , 
2022-07-19 00:24:00,19.41, , , , 
2022-07-19 00:25:00,19.46, , , , 
2022-07-19 00:26:00,19.52, , , , 
2022-07-19 00:27:00,19.56, , , , 
2022-07-19 00:28:00,19.58, , , , 
2022-07-19 00:29:00,19.58, , , , 
2022-07-19 00:30:00,19.62, , , , 
2022-07-19 00:31:00,19.65, , , , 
2022-07-19 00:32:00,19.67, , , , 
2022-07-19 00:33:00,19.69, , , , 
2022-07-19 00:34:00,19.70, , , , 
2022-07-19 00:35:00,19.74, , , , 
2022-07-19 00:36:00,19.75, , , , 
2022-07-19 00:37:00,19.81, , , , 
2022-07-19 00:38:00,19.87, , , , 
2022-07-19 00:39:00,19.89, , , , 
2022-07-19 00:40:00,19.94, , , , 
2022-07-19 00:41:00,19.98, , , , 
2022-07-19 00:42:00,20.02, , , , 
2022-07-19 00:43:00,20.06, , , , 
2022-07-19 00:44:00,20.11, , , , 
2022-07-19 00:45:00,20.14, , , , 
2022-07-19 00:46:00,20.16, , , , 
2022-07-19 00:47:00,20.22, , , , 
2022-07-19 00:48:00,20.26, , , , 
2022-07-19 00:49:00,20.29, , , , 
2022-07-19 00:50:00,20.33, , , , 
2022-07-19 00:51:00,20.33, , , , 
2022-07-19 00:52:00,20.34, , , , 
2022-07-19 00:53:00,20.36, , , , 
2022-07-19 00:54:00,20.40, , , , 
2022-07-19 00:55:00,20.42, , , , 
2022-07-19 00:56:00,20.44, , , , 
2022-07-19 00:57:00,20.47, , , , 
2022-07-19 00:58:00,20.51, , , , 
2022-07-19 00:59:00,20.55, , , , 
2022-07-19 01:00:00,20.57, , , , 
2022-07-19 01:01:00,20.61, , , , 
2022-07-19 01:02:00,20.64, , , , 
2022-07-19 01:03:00,20.66, , , , 
2022-07-19 01:04:00,20.71, , , , 
2022-07-19 01:05:00,20.76, , , , 
2022-07-19 01:06:00,20.78, , , , 
2022-07-19 01:07:00,20.83, , , , 
2022-07-19 01:08:00,20.86, , , , 
2022-07-19 01:09:00,20.90, , , , 
2022-07-19 01:10:00,20.94, , , , 
2022-07-19 01:11:00,20.98, , , , 
2022-07-19 01:12:00,21.00, , , , 
2022-07-19 01:13:00,21.01, , , , 
2022-07-19 01:14:00,21.01, , , , 
2022-07-19 01:15:00,21.02, , , , 
2022-07-19 01:16:00,21.05, , , , 
2022-07-19 01:17:00,21.05, , , , 
2022-07-19 01:18:00,21.10, , , , 
2022-07-19 01:19:00,21.13, , , , 
2022-07-19 01:20:00,21.16, , , , 
2022-07-19 01:21:00,21.18, , , , 
2022-07-19 01:22:00,21.22, , , , 
2022-07-19 01:23:00,21.23, , , , 
2022-07-19 01:24:00,21.29, , , , 
2022-07-19 01:25:00,21.33, , , , 
2022-07-19 01:26:00,21.35, , , , 
2022-07-19 01:27:00,21.39, , , , 
2022-07-19 01:28:00,21.40, , , , 
2022-07-19 01:29:00,21.46, , , , 
2022-07-19 01:30:00,21.47, , , , 
2022-07-19 01:31:00,21.52, , , , 
2022-07-19 01:32:00,21.53, , , , 
2022-07-19 01:33:00,21.59, , , , 
2022-07-19 01:34:00,21.60, , , , 
2022-07-19 01:35:00,21.60, , , , 
2022-07-19 01:36:00,21.61, , , , 
2022-07-19 01:37:00,21.62, , , , 
2022-07-19 01:38:00,21.63, , , , 
2022-07-19 01:39:00,21.67, , , , 
2022-07-19 01:40:00,21.68, , , , 
2022-07-19 01:41:00,21.73, , , , 
2022-07-19 01:42:00,21.74, , , , 
2022-07-19 01:43:00,21.75, , , , 
2022-07-19 01:44:00,21.78, , , , 
2022-07-19 01:45:00,21.83, , , , 
2022-07-19 01:46:00,21.87, , , , 
2022-07-19 01:47:00,21.89, , , , 
2022-07-19 01:48:00,21.92, , , , 
2022-07-19 01:49:00,21.95, , , , 
2022-07-19 01:50:00,21.97, , , , 
2022-07-19 01:51:00,22.03, , , , 
2022-07-19 01:52:00,22.05, , , , 
2022-07-19 01:53:00,22.06, , , , 
2022-07-19 01:54:00,22.09, , , , 
2022-07-19 01:55:00,22.12, , , , 
2022-07-19 01:56:00,22.13, , , , 
2022-07-19 01:57:00,22.17, , , , 
2022-07-19 01:58:00,22.16, , , , 
2022-07-19 01:59:00,22.18, , , , 
2022-07-19 02:00:00,22.16, , , , 
2022-07-19 02:01:00,22.18, , , , 
2022-07-19 02:02:00,22.21, , , , 
2022-07-19 02:03:00,22.24, , , , 
2022-07-19 02:04:00,22.24, , , , 
2022-07-19 02:05:00,22.27, , , , 
2022-07-19 02:06:00,22.32, , , , 
2022-07-19 02:07:00,22.34, , , , 
2022-07-19 02:08:00,22.34, , , , 
2022-07-19 02:09:00,22.37, , , , 
2022-07-19 02:10:00,22.41, , , , 
2022-07-19 02:11:00,22.44, , , , 
2022-07-19 02:12:00,22.47, , , , 
2022-07-19 02:13:00,22.50, , , , 
2022-07-19 02:14:00,22.51, , , , 
2022-07-19 02:15:00,22.54, , , , 
2022-07-19 02:16:00,22.57, , , , 
2022-07-19 02:17:00,22.63, , , , 
2022-07-19 02:18:00,22.64, , , , 
2022-07-19 02:19:00,22.62, , , , 
2022-07-19 02:20:00,22.61, , , , 
2022-07-19 02:21:00,22.64, , , , 
2022-07-19 02:22:00,22.64, , , , 
2022-07-19 02:23:00,22.65, , , , 
2022-07-19 02:24:00,22.68, , , , 
2022-07-19 02:25:00,22.69, , , , 
2022-07-19 02:26:00,22.70, , , , 
2022-07-19 02:27:00,22.71, , , , 
2022-07-19 02:28:00,22.76, , , , 
2022-07-19 02:29:00,22.77, , , , 
2022-07-19 02:30:00,22.80, , , , 
2022-07-19 02:31:00,22.82, , , , 
2022-07-19 02:32:00,22.82, , , , 
2022-07-19 02:33:00,22.87, , , , 
2022-07-19 02:34:00,22.87, , , , 
2022-07-19 02:35:00,22.91, , , , 
2022-07-19 02:36:00,22.93, , , , 
2022-07-19 02:37:00,22.97, , , , 
2022-07-19 02:38:00,23.00, , , , 
2022-07-19 02:39:00,23.02, , , , 
2022-07-19 02:40:00,23.02, , , , 
2022-07-19 02:41:00,23.00, , , , 
2022-07-19 02:42:00,23.00, , , , 
2022-07-19 02:43:00,23.05, , , , 
2022-07-19 02:44:00,23.05, , , , 
2022-07-19 02:45:00,23.06, , , , 
2022-07-19 02:46:00,23.06, , , , 
2022-07-19 02:47:00,23.07, , , , 
2022-07-19 02:48:00,23.07, , , , 
2022-07-19 02:49:00,23.11, , , , 
2022-07-19 02:50:00,23.13, , , , 
2022-07-19 02:51:00,23.17, , , , 
2022-07-19 02:52:00,23.18, , , , 
2022-07-19 02:53:00,23.21, , , , 
2022-07-19 02:54:00,23.20, , , , 
2022-07-19 02:55:00,23.26, , , , 
2022-07-19 02:56:00,23.27, , , , 
2022-07-19 02:57:00,23.29, , , , 
2022-07-19 02:58:00,23.30, , , , 
2022-07-19 02:59:00,23.32, , , , 
2022-07-19 03:00:00,23.34, , , , 
2022-07-19 03:01:00,23.36, , , , 
2022-07-19 03:02:00,23.36, , , , 
2022-07-19 03:03:00,23.32, , , , 
2022-07-19 03:04:00,23.32, , , , 
2022-07-19 03:05:00,23.32, , , , 
2022-07-19 03:06:00,23.31, , , , 
2022-07-19 03:07:00,23.32, , , , 
2022-07-19 03:08:00,23.36, , , , 
2022-07-19 03:09:00,23.34, , , , 
2022-07-19 03:10:00,23.34, , , , 
2022-07-19 03:11:00,23.35, , , , 
2022-07-19 03:12:00,23.38, , , , 
2022-07-19 03:13:00,23.39, , , , 
2022-07-19 03:14:00,23.42, , , , 
2022-07-19 03:15:00,23.41, , , , 
2022-07-19 03:16:00,23.44, , , , 
2022-07-19 03:17:00,23.47, , , , 
2022-07-19 03:18:00,23.42, , , , 
2022-07-19 03:19:00,23.42, , , , 
2022-07-19 03:20:00,23.43, , , , 
2022-07-19 03:21:00,23.45, , , , 
2022-07-19 03:22:00,23.46, , , , 
2022-07-19 03:23:00,23.46, , , , 
2022-07-19 03:24:00,23.50, , , , 
2022-07-19 03:25:00,23.47, , , , 
2022-07-19 03:26:00,23.45, , , , 
2022-07-19 03:27:00,23.46, , , , 
2022-07-19 03:28:00,23.45, , , , 
2022-07-19 03:29:00,23.50, , , , 
2022-07-19 03:30:00,23.52, , , , 
2022-07-19 03:31:00,23.54, , , , 
2022-07-19 03:32:00,23.54, , , , 
2022-07-19 03:33:00,23.58, , , , 
2022-07-19 03:34:00,23.62, , , , 
2022-07-19 03:35:00,23.65, , , , 
2022-07-19 03:36:00,23.66, , , , 
2022-07-19 03:37:00,23.66, , , , 
2022-07-19 03:38:00,23.66, , , , 
2022-07-19 03:39:00,23.68, , , , 
2022-07-19 03:40:00,23.68, , , , 
2022-07-19 03:41:00,23.69, , , , 
2022-07-19 03:42:00,23.72, , , , 
2022-07-19 03:43:00,23.75, , , , 
2022-07-19 03:44:00,23.80, , , , 
2022-07-19 03:45:00,23.84, , , , 
2022-07-19 03:46:00,23.85, , , , 
2022-07-19 03:47:00,23.86, , , , 
2022-07-19 03:48:00,23.84, , , , 
2022-07-19 03:49:00,23.86, , , , 
2022-07-19 03:50:00,23.89, , , , 
2022-07-19 03:51:00,23.87, , , , 
2022-07-19 03:52:00,23.89, , , , 
2022-07-19 03:53:00,23.91, , , , 
2022-07-19 03:54:00,23.95, , , , 
2022-07-19 03:55:00,23.96, , , , 
2022-07-19 03:56:00,23.98, , , , 
2022-07-19 03:57:00,23.99, , , , 
2022-07-19 03:58:00,24.01, , , , 
2022-07-19 03:59:00,24.01, , , , 
2022-07-19 04:00:00,24.03, , , , 
2022-07-19 04:01:00,24.06, , , , 
2022-07-19 04:02:00,24.10, , , , 
2022-07-19 04:03:00,24.12, , , , 
2022-07-19 04:04:00,24.13, , , , 
2022-07-19 04:05:00,24.15, , , , 
2022-07-19 04:06:00,24.18, , , , 
2022-07-19 04:07:00,24.20, , , , 
2022-07-19 04:08:00,24.18, , , , 
2022-07-19 04:09:00,24.17, , , , 
2022-07-19 04:10:00,24.15, , , , 
2022-07-19 04:11:00,24.16, , , , 
2022-07-19 04:12:00,24.15, , , , 
2022-07-19 04:13:00,24.11, , , , 
2022-07-19 04:14:00,24.11, , , , 
2022-07-19 04:15:00,24.10, , , , 
2022-07-19 04:16:00,24.11, , , , 
2022-07-19 04:17:00,24.10, , , , 
2022-07-19 04:18:00,24.09, , , , 
2022-07-19 04:19:00,24.11, , , , 
2022-07-19 04:20:00,24.11, , , , 
2022-07-19 04:21:00,24.11, , , , 
2022-07-19 04:22:00,24.10, , , , 
2022-07-19 04:23:00,24.08, , , , 
2022-07-19 04:24:00,24.11, , , , 
2022-07-19 04:25:00,24.10, , , , 
2022-07-19 04:26:00,24.11, , , , 
2022-07-19 04:27:00,24.12, , , , 
2022-07-19 04:28:00,24.13, , , , 
2022-07-19 04:29:00,24.16, , , , 
2022-07-19 04:30:00,24.15, , , , 
2022-07-19 04:31:00,24.13, , , , 
2022-07-19 04:32:00,24.14, , , , 
2022-07-19 04:33:00,24.14, , , , 
2022-07-19 04:34:00,24.13, , , , 
2022-07-19 04:35:00,24.10, , , , 
2022-07-19 04:36:00,24.10, , , , 
2022-07-19 04:37:00,24.12, , , , 
2022-07-19 04:38:00,24.10, , , , 
2022-07-19 04:39:00,24.11, , , , 
2022-07-19 04:40:00,24.12, , , , 
2022-07-19 04:41:00,24.13, , , , 
2022-07-19 04:42:00,24.13, , , , 
2022-07-19 04:43:00,24.14, , , , 
2022-07-19 04:44:00,24.13, , , , 
2022-07-19 04:45:00,24.13, , , , 
2022-07-19 04:46:00,24.15, , , , 
2022-07-19 04:47:00,24.16, , , , 
2022-07-19 04:48:00,24.17, , , , 
2022-07-19 04:49:00,24.16, , , , 
2022-07-19 04:50:00,24.18, , , , 
2022-07-19 04:51:00,24.18, , , , 
2022-07-19 04:52:00,24.18, , , , 
2022-07-19 04:53:00,24.18, , , , 
2022-07-19 04:54:00,24.19, , , , 
2022-07-19 04:55:00,24.19, , , , 
2022-07-19 04:56:00,24.18, , , , 
2022-07-19 04:57:00,24.17, , , , 
2022-07-19 04:58:00,24.16, , , , 
2022-07-19 04:59:00,24.18, , , , 
2022-07-19 05:00:00,24.16, , , , 
2022-07-19 05:01:00,24.16, , , , 
2022-07-19 05:02:00,24.14, , , , 
2022-07-19 05:03:00,24.16, , , , 
2022-07-19 05:04:00,24.17, , , , 
2022-07-19 05:05:00,24.15, , , , 
2022-07-19 05:06:00,24.16, , , , 
2022-07-19 05:07:00,24.11, , , , 
2022-07-19 05:08:00,24.11, , , , 
2022-07-19 05:09:00,24.08, , , , 
2022-07-19 05:10:00,24.02, , , , 
2022-07-19 05:11:00,23.98, , , , 
2022-07-19 05:12:00,23.92, , , , 
2022-07-19 05:13:00,23.87, , , , 
2022-07-19 05:14:00,23.79, , , , 
2022-07-19 05:15:00,23.73, , , , 
2022-07-19 05:16:00,23.68, , , , 
2022-07-19 05:17:00,23.59, , , , 
2022-07-19 05:18:00,23.54, , , , 
2022-07-19 05:19:00,23.49, , , , 
2022-07-19 05:20:00,23.45, , , , 
2022-07-19 05:21:00,23.41, , , , 
2022-07-19 05:22:00,23.39, , , , 
2022-07-19 05:23:00,23.40, , , , 
2022-07-19 05:24:00,23.38, , , , 
2022-07-19 05:25:00,23.36, , , , 
2022-07-19 05:26:00,23.36, , , , 
2022-07-19 05:27:00,23.34, , , , 
2022-07-19 05:28:00,23.35, , , , 
2022-07-19 05:29:00,23.32, , , , 
2022-07-19 05:30:00,23.35, , , , 
2022-07-19 05:31:00,23.34, , , , 
2022-07-19 05:32:00,23.34, , , , 
2022-07-19 05:33:00,23.32, , , , 
2022-07-19 05:34:00,23.34, , , , 
2022-07-19 05:35:00,23.32, , , , 
2022-07-19 05:36:00,23.31, , , , 
2022-07-19 05:37:00,23.31, , , , 
2022-07-19 05:38:00,23.30, , , , 
2022-07-19 05:39:00,23.29, , , , 
2022-07-19 05:40:00,23.30, , , , 
2022-07-19 05:41:00,23.30, , , , 
2022-07-19 05:42:00,23.29, , , , 
2022-07-19 05:43:00,23.30, , , , 
2022-07-19 05:44:00,23.31, , , , 
2022-07-19 05:45:00,23.31, , , , 
2022-07-19 05:46:00,23.31, , , , 
2022-07-19 05:47:00,23.30, , , , 
2022-07-19 05:48:00,23.31, , , , 
2022-07-19 05:49:00,23.35, , , , 
2022-07-19 05:50:00,23.34, , , , 
2022-07-19 05:51:00,23.32, , , , 
2022-07-19 05:52:00,23.31, , , , 
2022-07-19 05:53:00,23.35, , , , 
2022-07-19 05:54:00,23.35, , , , 
2022-07-19 05:55:00,23.34, , , , 
2022-07-19 05:56:00,23.35, , , , 
2022-07-19 05:57:00,23.36, , , , 
2022-07-19 05:58:00,23.34, , , , 
2022-07-19 05:59:00,23.36, , , , 
2022-07-19 06:00:00,23.35, , , , 
2022-07-19 06:01:00,23.35, , , , 
2022-07-19 06:02:00,23.32, , , , 
2022-07-19 06:03:00,23.35, , , , 
2022-07-19 06:04:00,23.36, , , , 
2022-07-19 06:05:00,23.36, , , , 
2022-07-19 06:06:00,23.37, , , , 
2022-07-19 06:07:00,23.43, , , , 
2022-07-19 06:08:00,23.44, , , , 
2022-07-19 06:09:00,23.49, , , , 
2022-07-19 06:10:00,23.50, , , , 
2022-07-19 06:11:00,23.53, , , , 
2022-07-19 06:12:00,23.58, , , , 
2022-07-19 06:13:00,23.56, , , , 
2022-07-19 06:14:00,23.57, , , , 
2022-07-19 06:15:00,23.60, , , , 
2022-07-19 06:16:00,23.60, , , , 
2022-07-19 06:17:00,23.60, , , , 
2022-07-19 06:18:00,23.64, , , , 
2022-07-19 06:19:00,23.60, , , , 
2022-07-19 06:20:00,23.56, , , , 
2022-07-19 06:21:00,23.50, , , , 
2022-07-19 06:22:00,23.40, , , , 
2022-07-19 06:23:00,23.32, , , , 
2022-07-19 06:24:00,23.24, , , , 
2022-07-19 06:25:00,23.16, , , , 
2022-07-19 06:26:00,23.05, , , , 
2022-07-19 06:27:00,22.97, , , , 
2022-07-19 06:28:00,22.88, , , , 
2022-07-19 06:29:00,22.81, , , , 
2022-07-19 06:30:00,22.76, , , , 
2022-07-19 06:31:00,22.70, , , , 
2022-07-19 06:32:00,22.65, , , , 
2022-07-19 06:33:00,22.62, , , , 
2022-07-19 06:34:00,22.58, , , , 
2022-07-19 06:35:00,22.57, , , , 
2022-07-19 06:36:00,22.52, , , , 
2022-07-19 06:37:00,22.52, , , , 
2022-07-19 06:38:00,22.43, , , , 
2022-07-19 06:39:00,22.43, , , , 
2022-07-19 06:40:00,22.39, , , , 
2022-07-19 06:41:00,22.37, , , , 
2022-07-19 06:42:00,22.27, , , , 
2022-07-19 06:43:00,22.22, , , , 
2022-07-19 06:44:00,22.14, , , , 
2022-07-19 06:45:00,22.11, , , , 
2022-07-19 06:46:00,22.07, , , , 
2022-07-19 06:47:00,22.02, , , , 
2022-07-19 06:48:00,21.95, , , , 
2022-07-19 06:49:00,21.92, , , , 
2022-07-19 06:50:00,21.88, , , , 
2022-07-19 06:51:00,21.84, , , , 
2022-07-19 06:52:00,21.79, , , , 
2022-07-19 06:53:00,21.76, , , , 
2022-07-19 06:54:00,21.75, , , , 
2022-07-19 06:55:00,21.68, , , , 
2022-07-19 06:56:00,21.65, , , , 
2022-07-19 06:57:00,21.62, , , , 
2022-07-19 06:58:00,21.58, , , , 
2022-07-19 06:59:00,21.55, , , , 
2022-07-19 07:00:00,21.51, , , , 
2022-07-19 07:01:00,21.47, , , , 
2022-07-19 07:02:00,21.44, , , , 
2022-07-19 07:03:00,21.37, , , , 
2022-07-19 07:04:00,21.33, , , , 
2022-07-19 07:05:00,21.28, , , , 
2022-07-19 07:06:00,21.23, , , , 
2022-07-19 07:07:00,21.20, , , , 
2022-07-19 07:08:00,21.17, , , , 
2022-07-19 07:09:00,21.14, , , , 
2022-07-19 07:10:00,21.09, , , , 
2022-07-19 07:11:00,21.06, , , , 
2022-07-19 07:12:00,21.02, , , , 
2022-07-19 07:13:00,21.03, , , , 
2022-07-19 07:14:00,21.00, , , , 
2022-07-19 07:15:00,20.95, , , , 
2022-07-19 07:16:00,20.92, , , , 
2022-07-19 07:17:00,20.89, , , , 
2022-07-19 07:18:00,20.86, , , , 
2022-07-19 07:19:00,20.84, , , , 
2022-07-19 07:20:00,20.83, , , , 
2022-07-19 07:21:00,20.81, , , , 
2022-07-19 07:22:00,20.78, , , , 
2022-07-19 07:23:00,20.76, , , , 
2022-07-19 07:24:00,20.75, , , , 
2022-07-19 07:25:00,20.72, , , , 
2022-07-19 07:26:00,20.66, , , , 
2022-07-19 07:27:00,20.61, , , , 
2022-07-19 07:28:00,20.61, , , , 
2022-07-19 07:29:00,20.57, , , , 
2022-07-19 07:30:00,20.55, , , , 
2022-07-19 07:31:00,20.50, , , , 
2022-07-19 07:32:00,20.50, , , , 
2022-07-19 07:33:00,20.45, , , , 
2022-07-19 07:34:00,20.44, , , , 
2022-07-19 07:35:00,20.43, , , , 
2022-07-19 07:36:00,20.40, , , , 
2022-07-19 07:37:00,20.40, , , , 
2022-07-19 07:38:00,20.37, , , , 
2022-07-19 07:39:00,20.35, , , , 
2022-07-19 07:40:00,20.33, , , , 
2022-07-19 07:41:00,20.32, , , , 
2022-07-19 07:42:00,20.31, , , , 
2022-07-19 07:43:00,20.31, , , , 
2022-07-19 07:44:00,20.27, , , , 
2022-07-19 07:45:00,20.27, , , , 
2022-07-19 07:46:00,20.25, , , , 
2022-07-19 07:47:00,20.20, , , , 
2022-07-19 07:48:00,20.18, , , , 
2022-07-19 07:49:00,20.15, , , , 
2022-07-19 07:50:00,20.13, , , , 
2022-07-19 07:51:00,20.09, , , , 
2022-07-19 07:52:00,20.07, , , , 
2022-07-19 07:53:00,20.05, , , , 
2022-07-19 07:54:00,20.02, , , , 
2022-07-19 07:55:00,20.01, , , , 
2022-07-19 07:56:00,20.00, , , , 
2022-07-19 07:57:00,19.98, , , , 
2022-07-19 07:58:00,19.97, , , , 
2022-07-19 07:59:00,19.96, , , , 
2022-07-19 08:00:00,19.96, , , , 
2022-07-19 08:01:00,19.94, , , , 
2022-07-19 08:02:00,19.96, , , , 
2022-07-19 08:03:00,19.91, , , , 
2022-07-19 08:04:00,19.89, , , , 
2022-07-19 08:05:00,19.90, , , , 
2022-07-19 08:06:00,19.89, , , , 
2022-07-19 08:07:00,19.87, , , , 
2022-07-19 08:08:00,19.87, , , , 
2022-07-19 08:09:00,19.85, , , , 
2022-07-19 08:10:00,19.82, , , , 
2022-07-19 08:11:00,19.79, , , , 
2022-07-19 08:12:00,19.76, , , , 
2022-07-19 08:13:00,19.75, , , , 
2022-07-19 08:14:00,19.72, , , , 
2022-07-19 08:15:00,19.69, , , , 
2022-07-19 08:16:00,19.69, , , , 
2022-07-19 08:17:00,19.68, , , , 
2022-07-19 08:18:00,19.67, , , , 
2022-07-19 08:19:00,19.67, , , , 
2022-07-19 08:20:00,19.65, , , , 
2022-07-19 08:21:00,19.63, , , , 
2022-07-19 08:22:00,19.63, , , , 
2022-07-19 08:23:00,19.62, , , , 
2022-07-19 08:24:00,19.62, , , , 
2022-07-19 08:25:00,19.65, , , , 
2022-07-19 08:26:00,19.60, , , , 
2022-07-19 08:27:00,19.61, , , , 
2022-07-19 08:28:00,19.59, , , , 
2022-07-19 08:29:00,19.60, , , , 
2022-07-19 08:30:00,19.58, , , , 
2022-07-19 08:31:00,19.55, , , , 
2022-07-19 08:32:00,19.51, , , , 
2022-07-19 08:33:00,19.48, , , , 
2022-07-19 08:34:00,19.50, , , , 
2022-07-19 08:35:00,19.45, , , , 
2022-07-19 08:36:00,19.45, , , , 
2022-07-19 08:37:00,19.44, , , , 
2022-07-19 08:38:00,19.42, , , , 
2022-07-19 08:39:00,19.42, , , , 
2022-07-19 08:40:00,19.42, , , , 
2022-07-19 08:41:00,19.41, , , , 
2022-07-19 08:42:00,19.41, , , , 
2022-07-19 08:43:00,19.39, , , , 
2022-07-19 08:44:00,19.39, , , , 
2022-07-19 08:45:00,19.39, , , , 
2022-07-19 08:46:00,19.38, , , , 
2022-07-19 08:47:00,19.37, , , , 
2022-07-19 08:48:00,19.38, , , , 
2022-07-19 08:49:00,19.37, , , , 
2022-07-19 08:50:00,19.37, , , , 
2022-07-19 08:51:00,19.37, , , , 
2022-07-19 08:52:00,19.37, , , , 
2022-07-19 08:53:00,19.32, , , , 
2022-07-19 08:54:00,19.30, , , , 
2022-07-19 08:55:00,19.28, , , , 
2022-07-19 08:56:00,19.25, , , , 
2022-07-19 08:57:00,19.24, , , , 
2022-07-19 08:58:00,19.24, , , , 
2022-07-19 08:59:00,19.25, , , , 
2022-07-19 09:00:00,19.22, , , , 
2022-07-19 09:01:00,19.23, , , , 
2022-07-19 09:02:00,19.20, , , , 
2022-07-19 09:03:00,19.20, , , , 
2022-07-19 09:04:00,19.22, , , , 
2022-07-19 09:05:00,19.18, , , , 
2022-07-19 09:06:00,19.20, , , , 
2022-07-19 09:07:00,19.20, , , , 
2022-07-19 09:08:00,19.20, , , , 
2022-07-19 09:09:00,19.20, , , , 
2022-07-19 09:10:00,19.20, , , , 
2022-07-19 09:11:00,19.18, , , , 
2022-07-19 09:12:00,19.18, , , , 
2022-07-19 09:13:00,19.17, , , , 
2022-07-19 09:14:00,19.20, , , , 
2022-07-19 09:15:00,19.15, , , , 
2022-07-19 09:16:00,19.13, , , , 
2022-07-19 09:17:00,19.11, , , , 
2022-07-19 09:18:00,19.11, , , , 
2022-07-19 09:19:00,19.08, , , , 
2022-07-19 09:20:00,19.10, , , , 
2022-07-19 09:21:00,19.09, , , , 
2022-07-19 09:22:00,19.07, , , , 
2022-07-19 09:23:00,19.09, , , , 
2022-07-19 09:24:00,19.06, , , , 
2022-07-19 09:25:00,19.09, , , , 
2022-07-19 09:26:00,19.07, , , , 
2022-07-19 09:27:00,19.04, , , , 
2022-07-19 09:28:00,19.03, , , , 
2022-07-19 09:29:00,19.04, , , , 
2022-07-19 09:30:00,19.01, , , , 
2022-07-19 09:31:00,19.03, , , , 
2022-07-19 09:32:00,19.02, , , , 
2022-07-19 09:33:00,19.01, , , , 
2022-07-19 09:34:00,19.01, , , , 
2022-07-19 09:35:00,18.97, , , , 
2022-07-19 09:36:00,18.98, , , , 
2022-07-19 09:37:00,18.96, , , , 
2022-07-19 09:38:00,18.94, , , , 
2022-07-19 09:39:00,18.91, , , , 
2022-07-19 09:40:00,18.89, , , , 
2022-07-19 09:41:00,18.86, , , , 
2022-07-19 09:42:00,18.86, , , , 
2022-07-19 09:43:00,18.85, , , , 
2022-07-19 09:44:00,18.85, , , , 
2022-07-19 09:45:00,18.83, , , , 
2022-07-19 09:46:00,18.83, , , , 
2022-07-19 09:47:00,18.82, , , , 
2022-07-19 09:48:00,18.82, , , , 
2022-07-19 09:49:00,18.83, , , , 
2022-07-19 09:50:00,18.81, , , , 
2022-07-19 09:51:00,18.80, , , , 
2022-07-19 09:52:00,18.80, , , , 
2022-07-19 09:53:00,18.79, , , , 
2022-07-19 09:54:00,18.79, , , , 
2022-07-19 09:55:00,18.81, , , , 
2022-07-19 09:56:00,18.79, , , , 
2022-07-19 09:57:00,18.78, , , , 
2022-07-19 09:58:00,18.78, , , , 
2022-07-19 09:59:00,18.73, , , , 
2022-07-19 10:00:00,18.70, , , , 
2022-07-19 10:01:00,18.70, , , , 
2022-07-19 10:02:00,18.66, , , , 
2022-07-19 10:03:00,18.65, , , , 
2022-07-19 10:04:00,18.65, , , , 
2022-07-19 10:05:00,18.65, , , , 
2022-07-19 10:06:00,18.63, , , , 
2022-07-19 10:07:00,18.64, , , , 
2022-07-19 10:08:00,18.63, , , , 
2022-07-19 10:09:00,18.62, , , , 
2022-07-19 10:10:00,18.63, , , , 
2022-07-19 10:11:00,18.62, , , , 
2022-07-19 10:12:00,18.62, , , , 
2022-07-19 10:13:00,18.61, , , , 
2022-07-19 10:14:00,18.62, , , , 
2022-07-19 10:15:00,18.62, , , , 
2022-07-19 10:16:00,18.61, , , , 
2022-07-19 10:17:00,18.62, , , , 
2022-07-19 10:18:00,18.63, , , , 
2022-07-19 10:19:00,18.61, , , , 
2022-07-19 10:20:00,18.59, , , , 
2022-07-19 10:21:00,18.55, , , , 
2022-07-19 10:22:00,18.54, , , , 
2022-07-19 10:23:00,18.52, , , , 
2022-07-19 10:24:00,18.51, , , , 
2022-07-19 10:25:00,18.51, , , , 
2022-07-19 10:26:00,18.49, , , , 
2022-07-19 10:27:00,18.50, , , , 
2022-07-19 10:28:00,18.48, , , , 
2022-07-19 10:29:00,18.47, , , , 
2022-07-19 10:30:00,18.49, , , , 
2022-07-19 10:31:00,18.49, , , , 
2022-07-19 10:32:00,18.47, , , , 
2022-07-19 10:33:00,18.47, , , , 
2022-07-19 10:34:00,18.50, , , , 
2022-07-19 10:35:00,18.47, , , , 
2022-07-19 10:36:00,18.49, , , , 
2022-07-19 10:37:00,18.50, , , , 
2022-07-19 10:38:00,18.47, , , , 
2022-07-19 10:39:00,18.49, , , , 
2022-07-19 10:40:00,18.50, , , , 
2022-07-19 10:41:00,18.49, , , , 
2022-07-19 10:42:00,18.47, , , , 
2022-07-19 10:43:00,18.43, , , , 
2022-07-19 10:44:00,18.42, , , , 
2022-07-19 10:45:00,18.38, , , , 
2022-07-19 10:46:00,18.34, , , , 
2022-07-19 10:47:00,18.33, , , , 
2022-07-19 10:48:00,18.33, , , , 
2022-07-19 10:49:00,18.33, , , , 
2022-07-19 10:50:00,18.32, , , , 
2022-07-19 10:51:00,18.30, , , , 
2022-07-19 10:52:00,18.33, , , , 
2022-07-19 10:53:00,18.33, , , , 
2022-07-19 10:54:00,18.34, , , , 
2022-07-19 10:55:00,18.33, , , , 
2022-07-19 10:56:00,18.34, , , , 
2022-07-19 10:57:00,18.33, , , , 
2022-07-19 10:58:00,18.34, , , , 
2022-07-19 10:59:00,18.34, , , , 
2022-07-19 11:00:00,18.34, , , , 
2022-07-19 11:01:00,18.34, , , , 
2022-07-19 11:02:00,18.34, , , , 
2022-07-19 11:03:00,18.32, , , , 
2022-07-19 11:04:00,18.33, , , , 
2022-07-19 11:05:00,18.29, , , , 
2022-07-19 11:06:00,18.28, , , , 
2022-07-19 11:07:00,18.25, , , , 
2022-07-19 11:08:00,18.25, , , , 
2022-07-19 11:09:00,18.24, , , , 
2022-07-19 11:10:00,18.25, , , , 
2022-07-19 11:11:00,18.24, , , , 
2022-07-19 11:12:00,18.23, , , , 
2022-07-19 11:13:00,18.21, , , , 
2022-07-19 11:14:00,18.20, , , , 
2022-07-19 11:15:00,18.22, , , , 
2022-07-19 11:16:00,18.22, , , , 
2022-07-19 11:17:00,18.21, , , , 
2022-07-19 11:18:00,18.22, , , , 
2022-07-19 11:19:00,18.24, , , , 
2022-07-19 11:20:00,18.24, , , , 
2022-07-19 11:21:00,18.24, , , , 
2022-07-19 11:22:00,18.26, , , , 
2022-07-19 11:23:00,18.22, , , , 
2022-07-19 11:24:00,18.25, , , , 
2022-07-19 11:25:00,18.25, , , , 
2022-07-19 11:26:00,18.23, , , , 
2022-07-19 11:27:00,18.22, , , , 
2022-07-19 11:28:00,18.20, , , , 
2022-07-19 11:29:00,18.20, , , , 
2022-07-19 11:30:00,18.19, , , , 
2022-07-19 11:31:00,18.18, , , , 
2022-07-19 11:32:00,18.18, , , , 
2022-07-19 11:33:00,18.18, , , , 
2022-07-19 11:34:00,18.18, , , , 
2022-07-19 11:35:00,18.19, , , , 
2022-07-19 11:36:00,18.18, , , , 
2022-07-19 11:37:00,18.15, , , , 
2022-07-19 11:38:00,18.18, , , , 
2022-07-19 11:39:00,18.20, , , , 
2022-07-19 11:40:00,18.20, , , , 
2022-07-19 11:41:00,18.22, , , , 
2022-07-19 11:42:00,18.21, , , , 
2022-07-19 11:43:00,18.21, , , , 
2022-07-19 11:44:00,18.21, , , , 
2022-07-19 11:45:00,18.22, , , , 
2022-07-19 11:46:00,18.21, , , , 
2022-07-19 11:47:00,18.23, , , , 
2022-07-19 11:48:00,18.20, , , , 
2022-07-19 11:49:00,18.18, , , , 
2022-07-19 11:50:00,18.20, , , , 
2022-07-19 11:51:00,18.13, , , , 
2022-07-19 11:52:00,18.14, , , , 
2022-07-19 11:53:00,18.17, , , , 
2022-07-19 11:54:00,18.14, , , , 
2022-07-19 11:55:00,18.12, , , , 
2022-07-19 11:56:00,18.13, , , , 
2022-07-19 11:57:00,18.15, , , , 
2022-07-19 11:58:00,18.18, , , , 
2022-07-19 11:59:00,18.15, , , , 
2022-07-19 12:00:00,18.14, , , , 
2022-07-19 12:01:00,18.14, , , , 
2022-07-19 12:02:00,18.18, , , , 
2022-07-19 12:03:00,18.18, , , , 
2022-07-19 12:04:00,18.19, , , , 
2022-07-19 12:05:00,18.21, , , , 
2022-07-19 12:06:00,18.23, , , , 
2022-07-19 12:07:00,18.24, , , , 
2022-07-19 12:08:00,18.29, , , , 
2022-07-19 12:09:00,18.32, , , , 
2022-07-19 12:10:00,18.37, , , , 
2022-07-19 12:11:00,18.36, , , , 
2022-07-19 12:12:00,18.43, , , , 
2022-07-19 12:13:00,18.48, , , , 
2022-07-19 12:14:00,18.49, , , , 
2022-07-19 12:15:00,18.55, , , , 
2022-07-19 12:16:00,18.57, , , , 
2022-07-19 12:17:00,18.61, , , , 
2022-07-19 12:18:00,18.66, , , , 
2022-07-19 12:19:00,18.70, , , , 
2022-07-19 12:20:00,18.72, , , , 
2022-07-19 12:21:00,18.76, , , , 
2022-07-19 12:22:00,18.81, , , , 
2022-07-19 12:23:00,18.84, , , , 
2022-07-19 12:24:00,18.84, , , , 
2022-07-19 12:25:00,18.88, , , , 
2022-07-19 12:26:00,18.89, , , , 
2022-07-19 12:27:00,18.91, , , , 
2022-07-19 12:28:00,18.94, , , , 
2022-07-19 12:29:00,18.96, , , , 
2022-07-19 12:30:00,18.99, , , , 
2022-07-19 12:31:00,19.02, , , , 
2022-07-19 12:32:00,19.08, , , , 
2022-07-19 12:33:00,19.09, , , , 
2022-07-19 12:34:00,19.12, , , , 
2022-07-19 12:35:00,19.17, , , , 
2022-07-19 12:36:00,19.21, , , , 
2022-07-19 12:37:00,19.23, , , , 
2022-07-19 12:38:00,19.27, , , , 
2022-07-19 12:39:00,19.30, , , , 
2022-07-19 12:40:00,19.33, , , , 
2022-07-19 12:41:00,19.38, , , , 
2022-07-19 12:42:00,19.40, , , , 
2022-07-19 12:43:00,19.45, , , , 
2022-07-19 12:44:00,19.45, , , , 
2022-07-19 12:45:00,19.47, , , , 
2022-07-19 12:46:00,19.50, , , , 
2022-07-19 12:47:00,19.51, , , , 
2022-07-19 12:48:00,19.51, , , , 
2022-07-19 12:49:00,19.56, , , , 
2022-07-19 12:50:00,19.57, , , , 
2022-07-19 12:51:00,19.57, , , , 
2022-07-19 12:52:00,19.63, , , , 
2022-07-19 12:53:00,19.66, , , , 
2022-07-19 12:54:00,19.67, , , , 
2022-07-19 12:55:00,19.70, , , , 
2022-07-19 12:56:00,19.73, , , , 
2022-07-19 12:57:00,19.76, , , , 
2022-07-19 12:58:00,19.79, , , , 
2022-07-19 12:59:00,19.82, , , , 
2022-07-19 13:00:00,19.83, , , , 
2022-07-19 13:01:00,19.86, , , , 
2022-07-19 13:02:00,19.89, , , , 
2022-07-19 13:03:00,19.95, , , , 
2022-07-19 13:04:00,19.97, , , , 
2022-07-19 13:05:00,19.99, , , , 
2022-07-19 13:06:00,20.02, , , , 
2022-07-19 13:07:00,20.03, , , , 
2022-07-19 13:08:00,20.04, , , , 
2022-07-19 13:09:00,20.03, , , , 
2022-07-19 13:10:00,20.06, , , , 
2022-07-19 13:11:00,20.06, , , , 
2022-07-19 13:12:00,20.10, , , , 
2022-07-19 13:13:00,20.12, , , , 
2022-07-19 13:13:30, , ,Logged, , 
2022-07-19 13:13:31, , , ,Logged, 
2022-07-19 13:13:33, ,Logged, , , 
2022-07-19 13:13:42, ,Logged, , , 
2022-07-19 13:14:00,20.13, , , , 
2022-07-19 13:15:00,20.15, , , , 
2022-07-19 13:16:00,20.20, , , , 
2022-07-19 13:17:00,20.22, , , , 
2022-07-19 13:18:00,20.22, , , , 
2022-07-19 13:19:00,20.25, , , , 
2022-07-19 13:20:00,20.29, , , , 
2022-07-19 13:21:00,20.32, , , , 
2022-07-19 13:22:00,20.33, , , , 
2022-07-19 13:23:00,20.36, , , , 
2022-07-19 13:24:00,20.40, , , , 
2022-07-19 13:25:00,20.43, , , , 
2022-07-19 13:26:00,20.44, , , , 
2022-07-19 13:27:00,20.47, , , , 
2022-07-19 13:28:00,20.48, , , , 
2022-07-19 13:29:00,20.51, , , , 
2022-07-19 13:30:00,20.53, , , , 
2022-07-19 13:31:00,20.51, , , , 
2022-07-19 13:32:00,20.53, , , , 
2022-07-19 13:33:00,20.54, , , , 
2022-07-19 13:34:00,20.56, , , , 
2022-07-19 13:35:00,20.58, , , , 
2022-07-19 13:36:00,20.58, , , , 
2022-07-19 13:37:00,20.61, , , , 
2022-07-19 13:38:00,20.64, , , , 
2022-07-19 13:39:00,20.66, , , , 
2022-07-19 13:40:00,20.68, , , , 
2022-07-19 13:41:00,20.71, , , , 
2022-07-19 13:42:00,20.71, , , , 
2022-07-19 13:43:00,20.74, , , , 
2022-07-19 13:44:00,20.76, , , , 
2022-07-19 13:45:00,20.79, , , , 
2022-07-19 13:46:00,20.79, , , , 
2022-07-19 13:47:00,20.83, , , , 
2022-07-19 13:48:00,20.86, , , , 
2022-07-19 13:49:00,20.89, , , , 
2022-07-19 13:50:00,20.92, , , , 
2022-07-19 13:51:00,20.90, , , , 
2022-07-19 13:52:00,20.93, , , , 
2022-07-19 13:53:00,20.92, , , , 
2022-07-19 13:54:00,20.91, , , , 
2022-07-19 13:55:00,20.91, , , , 
2022-07-19 13:56:00,20.93, , , , 
2022-07-19 13:57:00,20.94, , , , 
2022-07-19 13:58:00,20.94, , , , 
2022-07-19 13:59:00,20.98, , , , 
2022-07-19 14:00:00,21.00, , , , 
2022-07-19 14:01:00,21.02, , , , 
2022-07-19 14:02:00,21.05, , , , 
2022-07-19 14:03:00,21.07, , , , 
2022-07-19 14:04:00,21.09, , , , 
2022-07-19 14:05:00,21.10, , , , 
2022-07-19 14:06:00,21.13, , , , 
2022-07-19 14:07:00,21.14, , , , 
2022-07-19 14:08:00,21.16, , , , 
2022-07-19 14:09:00,21.19, , , , 
2022-07-19 14:10:00,21.20, , , , 
2022-07-19 14:11:00,21.22, , , , 
2022-07-19 14:12:00,21.27, , , , 
2022-07-19 14:13:00,21.23, , , , 
2022-07-19 14:14:00,21.24, , , , 
2022-07-19 14:15:00,21.23, , , , 
2022-07-19 14:16:00,21.24, , , , 
2022-07-19 14:17:00,21.25, , , , 
2022-07-19 14:18:00,21.27, , , , 
2022-07-19 14:19:00,21.30, , , , 
2022-07-19 14:20:00,21.30, , , , 
2022-07-19 14:21:00,21.30, , , , 
2022-07-19 14:22:00,21.33, , , , 
2022-07-19 14:23:00,21.33, , , , 
2022-07-19 14:24:00,21.35, , , , 
2022-07-19 14:25:00,21.39, , , , 
2022-07-19 14:26:00,21.39, , , , 
2022-07-19 14:27:00,21.42, , , , 
2022-07-19 14:28:00,21.43, , , , 
2022-07-19 14:29:00,21.45, , , , 
2022-07-19 14:30:00,21.46, , , , 
2022-07-19 14:31:00,21.49, , , , 
2022-07-19 14:32:00,21.49, , , , 
2022-07-19 14:33:00,21.51, , , , 
2022-07-19 14:34:00,21.54, , , , 
2022-07-19 14:35:00,21.54, , , , 
2022-07-19 14:36:00,21.53, , , , 
2022-07-19 14:37:00,21.52, , , , 
2022-07-19 14:38:00,21.55, , , , 
2022-07-19 14:39:00,21.53, , , , 
2022-07-19 14:40:00,21.53, , , , 
2022-07-19 14:41:00,21.55, , , , 
2022-07-19 14:42:00,21.55, , , , 
2022-07-19 14:43:00,21.59, , , , 
2022-07-19 14:44:00,21.60, , , , 
2022-07-19 14:45:00,21.63, , , , 
2022-07-19 14:46:00,21.62, , , , 
2022-07-19 14:47:00,21.64, , , , 
2022-07-19 14:48:00,21.65, , , , 
2022-07-19 14:49:00,21.68, , , , 
2022-07-19 14:50:00,21.67, , , , 
2022-07-19 14:51:00,21.72, , , , 
2022-07-19 14:52:00,21.70, , , , 
2022-07-19 14:53:00,21.72, , , , 
2022-07-19 14:54:00,21.75, , , , 
2022-07-19 14:55:00,21.78, , , , 
2022-07-19 14:56:00,21.76, , , , 
2022-07-19 14:57:00,21.79, , , , 
2022-07-19 14:58:00,21.78, , , , 
2022-07-19 14:59:00,21.77, , , , 
2022-07-19 15:00:00,21.78, , , , 
2022-07-19 15:01:00,21.79, , , , 
2022-07-19 15:02:00,21.78, , , , 
2022-07-19 15:03:00,21.79, , , , 
2022-07-19 15:04:00,21.80, , , , 
2022-07-19 15:05:00,21.82, , , , 
2022-07-19 15:06:00,21.82, , , , 
2022-07-19 15:07:00,21.84, , , , 
2022-07-19 15:08:00,21.87, , , , 
2022-07-19 15:09:00,21.89, , , , 
2022-07-19 15:10:00,21.88, , , , 
2022-07-19 15:11:00,21.90, , , , 
2022-07-19 15:12:00,21.91, , , , 
2022-07-19 15:13:00,21.93, , , , 
2022-07-19 15:14:00,21.96, , , , 
2022-07-19 15:15:00,21.96, , , , 
2022-07-19 15:16:00,21.97, , , , 
2022-07-19 15:17:00,21.98, , , , 
2022-07-19 15:18:00,21.99, , , , 
2022-07-19 15:19:00,22.01, , , , 
2022-07-19 15:20:00,21.97, , , , 
2022-07-19 15:21:00,21.97, , , , 
2022-07-19 15:22:00,21.99, , , , 
2022-07-19 15:23:00,21.99, , , , 
2022-07-19 15:24:00,22.01, , , , 
2022-07-19 15:25:00,21.99, , , , 
2022-07-19 15:26:00,22.02, , , , 
2022-07-19 15:27:00,22.01, , , , 
2022-07-19 15:28:00,22.04, , , , 
2022-07-19 15:29:00,22.04, , , , 
2022-07-19 15:30:00,22.05, , , , 
2022-07-19 15:31:00,22.07, , , , 
2022-07-19 15:32:00,22.08, , , , 
2022-07-19 15:33:00,22.11, , , , 
2022-07-19 15:34:00,22.11, , , , 
2022-07-19 15:35:00,22.13, , , , 
2022-07-19 15:36:00,22.14, , , , 
2022-07-19 15:37:00,22.18, , , , 
2022-07-19 15:38:00,22.17, , , , 
2022-07-19 15:39:00,22.20, , , , 
2022-07-19 15:40:00,22.21, , , , 
2022-07-19 15:41:00,22.20, , , , 
2022-07-19 15:42:00,22.19, , , , 
2022-07-19 15:43:00,22.19, , , , 
2022-07-19 15:44:00,22.17, , , , 
2022-07-19 15:45:00,22.19, , , , 
2022-07-19 15:46:00,22.20, , , , 
2022-07-19 15:47:00,22.20, , , , 
2022-07-19 15:48:00,22.20, , , , 
2022-07-19 15:49:00,22.22, , , , 
2022-07-19 15:50:00,22.23, , , , 
2022-07-19 15:51:00,22.26, , , , 
2022-07-19 15:52:00,22.26, , , , 
2022-07-19 15:53:00,22.26, , , , 
2022-07-19 15:54:00,22.28, , , , 
2022-07-19 15:55:00,22.29, , , , 
2022-07-19 15:56:00,22.29, , , , 
2022-07-19 15:57:00,22.31, , , , 
2022-07-19 15:58:00,22.33, , , , 
2022-07-19 15:59:00,22.33, , , , 
2022-07-19 16:00:00,22.34, , , , 
2022-07-19 16:01:00,22.37, , , , 
2022-07-19 16:02:00,22.37, , , , 
2022-07-19 16:03:00,22.37, , , , 
2022-07-19 16:04:00,22.36, , , , 
2022-07-19 16:05:00,22.36, , , , 
2022-07-19 16:06:00,22.34, , , , 
2022-07-19 16:07:00,22.32, , , , 
2022-07-19 16:08:00,22.35, , , , 
2022-07-19 16:09:00,22.37, , , , 
2022-07-19 16:10:00,22.39, , , , 
2022-07-19 16:11:00,22.40, , , , 
2022-07-19 16:12:00,22.41, , , , 
2022-07-19 16:13:00,22.43, , , , 
2022-07-19 16:14:00,22.44, , , , 
2022-07-19 16:15:00,22.44, , , , 
2022-07-19 16:16:00,22.48, , , , 
2022-07-19 16:17:00,22.50, , , , 
2022-07-19 16:18:00,22.50, , , , 
2022-07-19 16:19:00,22.51, , , , 
2022-07-19 16:20:00,22.52, , , , 
2022-07-19 16:21:00,22.53, , , , 
2022-07-19 16:22:00,22.55, , , , 
2022-07-19 16:23:00,22.56, , , , 
2022-07-19 16:24:00,22.56, , , , 
2022-07-19 16:25:00,22.57, , , , 
2022-07-19 16:26:00,22.55, , , , 
2022-07-19 16:27:00,22.54, , , , 
2022-07-19 16:28:00,22.52, , , , 
2022-07-19 16:29:00,22.53, , , , 
2022-07-19 16:30:00,22.53, , , , 
2022-07-19 16:31:00,22.56, , , , 
2022-07-19 16:32:00,22.54, , , , 
2022-07-19 16:33:00,22.55, , , , 
2022-07-19 16:34:00,22.56, , , , 
2022-07-19 16:35:00,22.58, , , , 
2022-07-19 16:36:00,22.60, , , , 
2022-07-19 16:37:00,22.61, , , , 
2022-07-19 16:38:00,22.64, , , , 
2022-07-19 16:39:00,22.64, , , , 
2022-07-19 16:40:00,22.66, , , , 
2022-07-19 16:41:00,22.66, , , , 
2022-07-19 16:42:00,22.68, , , , 
2022-07-19 16:43:00,22.72, , , , 
2022-07-19 16:44:00,22.70, , , , 
2022-07-19 16:45:00,22.72, , , , 
2022-07-19 16:46:00,22.72, , , , 
2022-07-19 16:47:00,22.73, , , , 
2022-07-19 16:48:00,22.70, , , , 
2022-07-19 16:49:00,22.70, , , , 
2022-07-19 16:50:00,22.70, , , , 
2022-07-19 16:51:00,22.71, , , , 
2022-07-19 16:52:00,22.70, , , , 
2022-07-19 16:53:00,22.70, , , , 
2022-07-19 16:54:00,22.68, , , , 
2022-07-19 16:55:00,22.70, , , , 
2022-07-19 16:56:00,22.68, , , , 
2022-07-19 16:57:00,22.67, , , , 
2022-07-19 16:58:00,22.67, , , , 
2022-07-19 16:59:00,22.68, , , , 
2022-07-19 17:00:00,22.67, , , , 
2022-07-19 17:01:00,22.70, , , , 
2022-07-19 17:02:00,22.71, , , , 
2022-07-19 17:03:00,22.71, , , , 
2022-07-19 17:04:00,22.71, , , , 
2022-07-19 17:05:00,22.73, , , , 
2022-07-19 17:06:00,22.76, , , , 
2022-07-19 17:07:00,22.77, , , , 
2022-07-19 17:08:00,22.76, , , , 
2022-07-19 17:09:00,22.77, , , , 
2022-07-19 17:10:00,22.76, , , , 
2022-07-19 17:11:00,22.75, , , , 
2022-07-19 17:12:00,22.77, , , , 
2022-07-19 17:13:00,22.76, , , , 
2022-07-19 17:14:00,22.75, , , , 
2022-07-19 17:15:00,22.73, , , , 
2022-07-19 17:16:00,22.75, , , , 
2022-07-19 17:17:00,22.78, , , , 
2022-07-19 17:18:00,22.79, , , , 
2022-07-19 17:19:00,22.78, , , , 
2022-07-19 17:20:00,22.79, , , , 
2022-07-19 17:21:00,22.76, , , , 
2022-07-19 17:22:00,22.78, , , , 
2022-07-19 17:23:00,22.77, , , , 
2022-07-19 17:24:00,22.78, , , , 
2022-07-19 17:25:00,22.71, , , , 
2022-07-19 17:26:00,22.68, , , , 
2022-07-19 17:27:00,22.68, , , , 
2022-07-19 17:28:00,22.68, , , , 
2022-07-19 17:29:00,22.73, , , , 
2022-07-19 17:30:00,22.75, , , , 
2022-07-19 17:31:00,22.76, , , , 
2022-07-19 17:32:00,22.73, , , , 
2022-07-19 17:33:00,22.76, , , , 
2022-07-19 17:34:00,22.76, , , , 
2022-07-19 17:35:00,22.79, , , , 
2022-07-19 17:36:00,22.80, , , , 
2022-07-19 17:37:00,22.80, , , , 
2022-07-19 17:38:00,22.80, , , , 
2022-07-19 17:39:00,22.83, , , , 
2022-07-19 17:40:00,22.80, , , , 
2022-07-19 17:41:00,22.81, , , , 
2022-07-19 17:42:00,22.82, , , , 
2022-07-19 17:43:00,22.84, , , , 
2022-07-19 17:44:00,22.84, , , , 
2022-07-19 17:45:00,22.84, , , , 
2022-07-19 17:46:00,22.86, , , , 
2022-07-19 17:47:00,22.85, , , , 
2022-07-19 17:48:00,22.86, , , , 
2022-07-19 17:49:00,22.84, , , , 
2022-07-19 17:50:00,22.78, , , , 
2022-07-19 17:51:00,22.75, , , , 
2022-07-19 17:52:00,22.76, , , , 
2022-07-19 17:53:00,22.80, , , , 
2022-07-19 17:54:00,22.80, , , , 
2022-07-19 17:55:00,22.81, , , , 
2022-07-19 17:56:00,22.81, , , , 
2022-07-19 17:57:00,22.81, , , , 
2022-07-19 17:58:00,22.84, , , , 
2022-07-19 17:59:00,22.84, , , , 
2022-07-19 18:00:00,22.85, , , , 
2022-07-19 18:01:00,22.84, , , , 
2022-07-19 18:02:00,22.84, , , , 
2022-07-19 18:03:00,22.87, , , , 
2022-07-19 18:04:00,22.88, , , , 
2022-07-19 18:05:00,22.90, , , , 
2022-07-19 18:06:00,22.88, , , , 
2022-07-19 18:07:00,22.85, , , , 
2022-07-19 18:08:00,22.83, , , , 
2022-07-19 18:09:00,22.80, , , , 
2022-07-19 18:10:00,22.83, , , , 
2022-07-19 18:11:00,22.81, , , , 
2022-07-19 18:12:00,22.81, , , , 
2022-07-19 18:13:00,22.81, , , , 
2022-07-19 18:14:00,22.78, , , , 
2022-07-19 18:15:00,22.72, , , , 
2022-07-19 18:16:00,22.71, , , , 
2022-07-19 18:17:00,22.66, , , , 
2022-07-19 18:18:00,22.58, , , , 
2022-07-19 18:19:00,22.54, , , , 
2022-07-19 18:20:00,22.42, , , , 
2022-07-19 18:21:00,22.34, , , , 
2022-07-19 18:22:00,22.25, , , , 
2022-07-19 18:23:00,22.16, , , , 
2022-07-19 18:24:00,22.08, , , , 
2022-07-19 18:25:00,21.99, , , , 
2022-07-19 18:26:00,21.88, , , , 
2022-07-19 18:27:00,21.82, , , , 
2022-07-19 18:28:00,21.74, , , , 
2022-07-19 18:29:00,21.65, , , , 
2022-07-19 18:30:00,21.57, , , , 
2022-07-19 18:31:00,21.42, , , , 
2022-07-19 18:32:00,21.33, , , , 
2022-07-19 18:33:00,21.25, , , , 
2022-07-19 18:34:00,21.19, , , , 
2022-07-19 18:35:00,21.15, , , , 
2022-07-19 18:36:00,21.05, , , , 
2022-07-19 18:37:00,20.98, , , , 
2022-07-19 18:38:00,20.90, , , , 
2022-07-19 18:39:00,20.83, , , , 
2022-07-19 18:40:00,20.77, , , , 
2022-07-19 18:41:00,20.70, , , , 
2022-07-19 18:42:00,20.65, , , , 
2022-07-19 18:43:00,20.61, , , , 
2022-07-19 18:44:00,20.56, , , , 
2022-07-19 18:45:00,20.54, , , , 
2022-07-19 18:46:00,20.50, , , , 
2022-07-19 18:47:00,20.46, , , , 
2022-07-19 18:48:00,20.42, , , , 
2022-07-19 18:49:00,20.37, , , , 
2022-07-19 18:50:00,20.35, , , , 
2022-07-19 18:51:00,20.32, , , , 
2022-07-19 18:52:00,20.31, , , , 
2022-07-19 18:53:00,20.28, , , , 
2022-07-19 18:54:00,20.25, , , , 
2022-07-19 18:55:00,20.21, , , , 
2022-07-19 18:56:00,20.19, , , , 
2022-07-19 18:57:00,20.17, , , , 
2022-07-19 18:58:00,20.12, , , , 
2022-07-19 18:59:00,20.06, , , , 
2022-07-19 19:00:00,20.03, , , , 
2022-07-19 19:01:00,19.99, , , , 
2022-07-19 19:02:00,19.96, , , , 
2022-07-19 19:03:00,19.92, , , , 
2022-07-19 19:04:00,19.88, , , , 
2022-07-19 19:05:00,19.86, , , , 
2022-07-19 19:06:00,19.83, , , , 
2022-07-19 19:07:00,19.80, , , , 
2022-07-19 19:08:00,19.79, , , , 
2022-07-19 19:09:00,19.76, , , , 
2022-07-19 19:10:00,19.73, , , , 
2022-07-19 19:11:00,19.72, , , , 
2022-07-19 19:12:00,19.72, , , , 
2022-07-19 19:13:00,19.72, , , , 
2022-07-19 19:14:00,19.69, , , , 
2022-07-19 19:15:00,19.67, , , , 
2022-07-19 19:16:00,19.65, , , , 
2022-07-19 19:17:00,19.66, , , , 
2022-07-19 19:18:00,19.61, , , , 
2022-07-19 19:19:00,19.60, , , , 
2022-07-19 19:20:00,19.57, , , , 
2022-07-19 19:21:00,19.50, , , , 
2022-07-19 19:22:00,19.46, , , , 
2022-07-19 19:23:00,19.44, , , , 
2022-07-19 19:24:00,19.43, , , , 
2022-07-19 19:25:00,19.39, , , , 
2022-07-19 19:26:00,19.38, , , , 
2022-07-19 19:27:00,19.35, , , , 
2022-07-19 19:28:00,19.32, , , , 
2022-07-19 19:29:00,19.30, , , , 
2022-07-19 19:30:00,19.30, , , , 
2022-07-19 19:31:00,19.29, , , , 
2022-07-19 19:32:00,19.26, , , , 
2022-07-19 19:33:00,19.24, , , , 
2022-07-19 19:34:00,19.23, , , , 
2022-07-19 19:35:00,19.18, , , , 
2022-07-19 19:36:00,19.18, , , , 
2022-07-19 19:37:00,19.18, , , , 
2022-07-19 19:38:00,19.17, , , , 
2022-07-19 19:39:00,19.15, , , , 
2022-07-19 19:40:00,19.11, , , , 
2022-07-19 19:41:00,19.12, , , , 
2022-07-19 19:42:00,19.08, , , , 
2022-07-19 19:43:00,19.04, , , , 
2022-07-19 19:44:00,19.02, , , , 
2022-07-19 19:45:00,18.98, , , , 
2022-07-19 19:46:00,18.99, , , , 
2022-07-19 19:47:00,18.97, , , , 
2022-07-19 19:48:00,18.95, , , , 
2022-07-19 19:49:00,18.95, , , , 
2022-07-19 19:50:00,18.93, , , , 
2022-07-19 19:51:00,18.94, , , , 
2022-07-19 19:52:00,18.91, , , , 
2022-07-19 19:53:00,18.93, , , , 
2022-07-19 19:54:00,18.91, , , , 
2022-07-19 19:55:00,18.91, , , , 
2022-07-19 19:56:00,18.91, , , , 
2022-07-19 19:57:00,18.88, , , , 
2022-07-19 19:58:00,18.91, , , , 
2022-07-19 19:59:00,18.86, , , , 
2022-07-19 20:00:00,18.86, , , , 
2022-07-19 20:01:00,18.86, , , , 
2022-07-19 20:02:00,18.86, , , , 
2022-07-19 20:03:00,18.86, , , , 
2022-07-19 20:04:00,18.85, , , , 
2022-07-19 20:05:00,18.81, , , , 
2022-07-19 20:06:00,18.77, , , , 
2022-07-19 20:07:00,18.76, , , , 
2022-07-19 20:08:00,18.72, , , , 
2022-07-19 20:09:00,18.72, , , , 
2022-07-19 20:10:00,18.70, , , , 
2022-07-19 20:11:00,18.70, , , , 
2022-07-19 20:12:00,18.69, , , , 
2022-07-19 20:13:00,18.69, , , , 
2022-07-19 20:14:00,18.69, , , , 
2022-07-19 20:15:00,18.69, , , , 
2022-07-19 20:16:00,18.68, , , , 
2022-07-19 20:17:00,18.67, , , , 
2022-07-19 20:18:00,18.68, , , , 
2022-07-19 20:19:00,18.69, , , , 
2022-07-19 20:20:00,18.65, , , , 
2022-07-19 20:21:00,18.66, , , , 
2022-07-19 20:22:00,18.64, , , , 
2022-07-19 20:23:00,18.68, , , , 
2022-07-19 20:24:00,18.66, , , , 
2022-07-19 20:25:00,18.65, , , , 
2022-07-19 20:26:00,18.62, , , , 
2022-07-19 20:27:00,18.58, , , , 
2022-07-19 20:28:00,18.56, , , , 
2022-07-19 20:29:00,18.55, , , , 
2022-07-19 20:30:00,18.55, , , , 
2022-07-19 20:31:00,18.54, , , , 
2022-07-19 20:32:00,18.52, , , , 
2022-07-19 20:33:00,18.50, , , , 
2022-07-19 20:34:00,18.50, , , , 
2022-07-19 20:35:00,18.49, , , , 
2022-07-19 20:36:00,18.49, , , , 
2022-07-19 20:37:00,18.49, , , , 
2022-07-19 20:38:00,18.48, , , , 
2022-07-19 20:39:00,18.48, , , , 
2022-07-19 20:40:00,18.49, , , , 
2022-07-19 20:41:00,18.48, , , , 
2022-07-19 20:42:00,18.47, , , , 
2022-07-19 20:43:00,18.44, , , , 
2022-07-19 20:44:00,18.47, , , , 
2022-07-19 20:45:00,18.46, , , , 
2022-07-19 20:46:00,18.46, , , , 
2022-07-19 20:47:00,18.43, , , , 
2022-07-19 20:48:00,18.42, , , , 
2022-07-19 20:49:00,18.39, , , , 
2022-07-19 20:50:00,18.38, , , , 
2022-07-19 20:51:00,18.36, , , , 
2022-07-19 20:52:00,18.36, , , , 
2022-07-19 20:53:00,18.32, , , , 
2022-07-19 20:54:00,18.34, , , , 
2022-07-19 20:55:00,18.29, , , , 
2022-07-19 20:56:00,18.30, , , , 
2022-07-19 20:57:00,18.34, , , , 
2022-07-19 20:58:00,18.29, , , , 
2022-07-19 20:59:00,18.34, , , , 
2022-07-19 21:00:00,18.30, , , , 
2022-07-19 21:01:00,18.30, , , , 
2022-07-19 21:02:00,18.32, , , , 
2022-07-19 21:03:00,18.29, , , , 
2022-07-19 21:04:00,18.30, , , , 
2022-07-19 21:05:00,18.29, , , , 
2022-07-19 21:06:00,18.29, , , , 
2022-07-19 21:07:00,18.28, , , , 
2022-07-19 21:08:00,18.28, , , , 
2022-07-19 21:09:00,18.29, , , , 
2022-07-19 21:10:00,18.25, , , , 
2022-07-19 21:11:00,18.22, , , , 
2022-07-19 21:12:00,18.25, , , , 
2022-07-19 21:13:00,18.20, , , , 
2022-07-19 21:14:00,18.20, , , , 
2022-07-19 21:15:00,18.18, , , , 
2022-07-19 21:16:00,18.18, , , , 
2022-07-19 21:17:00,18.17, , , , 
2022-07-19 21:18:00,18.18, , , , 
2022-07-19 21:19:00,18.15, , , , 
2022-07-19 21:20:00,18.18, , , , 
2022-07-19 21:21:00,18.17, , , , 
2022-07-19 21:22:00,18.18, , , , 
2022-07-19 21:23:00,18.18, , , , 
2022-07-19 21:24:00,18.15, , , , 
2022-07-19 21:25:00,18.19, , , , 
2022-07-19 21:26:00,18.18, , , , 
2022-07-19 21:27:00,18.17, , , , 
2022-07-19 21:28:00,18.18, , , , 
2022-07-19 21:29:00,18.18, , , , 
2022-07-19 21:30:00,18.18, , , , 
2022-07-19 21:31:00,18.18, , , , 
2022-07-19 21:32:00,18.14, , , , 
2022-07-19 21:33:00,18.13, , , , 
2022-07-19 21:34:00,18.13, , , , 
2022-07-19 21:35:00,18.12, , , , 
2022-07-19 21:36:00,18.09, , , , 
2022-07-19 21:37:00,18.10, , , , 
2022-07-19 21:38:00,18.09, , , , 
2022-07-19 21:39:00,18.09, , , , 
2022-07-19 21:40:00,18.09, , , , 
2022-07-19 21:41:00,18.10, , , , 
2022-07-19 21:42:00,18.10, , , , 
2022-07-19 21:43:00,18.13, , , , 
2022-07-19 21:44:00,18.11, , , , 
2022-07-19 21:45:00,18.11, , , , 
2022-07-19 21:46:00,18.10, , , , 
2022-07-19 21:47:00,18.11, , , , 
2022-07-19 21:48:00,18.12, , , , 
2022-07-19 21:49:00,18.11, , , , 
2022-07-19 21:50:00,18.11, , , , 
2022-07-19 21:51:00,18.11, , , , 
2022-07-19 21:52:00,18.11, , , , 
2022-07-19 21:53:00,18.11, , , , 
2022-07-19 21:54:00,18.09, , , , 
2022-07-19 21:55:00,18.06, , , , 
2022-07-19 21:56:00,18.06, , , , 
2022-07-19 21:57:00,18.06, , , , 
2022-07-19 21:58:00,18.06, , , , 
2022-07-19 21:59:00,18.04, , , , 
2022-07-19 22:00:00,18.02, , , , 
2022-07-19 22:01:00,18.05, , , , 
2022-07-19 22:02:00,18.03, , , , 
2022-07-19 22:03:00,18.02, , , , 
2022-07-19 22:04:00,18.03, , , , 
2022-07-19 22:05:00,18.04, , , , 
2022-07-19 22:06:00,18.04, , , , 
2022-07-19 22:07:00,18.05, , , , 
2022-07-19 22:08:00,18.05, , , , 
2022-07-19 22:09:00,18.06, , , , 
2022-07-19 22:10:00,18.05, , , , 
2022-07-19 22:11:00,18.07, , , , 
2022-07-19 22:12:00,18.05, , , , 
2022-07-19 22:13:00,18.06, , , , 
2022-07-19 22:14:00,18.06, , , , 
2022-07-19 22:15:00,18.06, , , , 
2022-07-19 22:16:00,18.00, , , , 
2022-07-19 22:17:00,18.02, , , , 
2022-07-19 22:18:00,17.98, , , , 
2022-07-19 22:19:00,17.98, , , , 
2022-07-19 22:20:00,17.98, , , , 
2022-07-19 22:21:00,17.97, , , , 
2022-07-19 22:22:00,17.95, , , , 
2022-07-19 22:23:00,17.97, , , , 
2022-07-19 22:24:00,17.95, , , , 
2022-07-19 22:25:00,17.95, , , , 
2022-07-19 22:26:00,17.97, , , , 
2022-07-19 22:27:00,17.97, , , , 
2022-07-19 22:28:00,17.97, , , , 
2022-07-19 22:29:00,17.95, , , , 
2022-07-19 22:30:00,17.97, , , , 
2022-07-19 22:31:00,17.96, , , , 
2022-07-19 22:32:00,17.95, , , , 
2022-07-19 22:33:00,17.95, , , , 
2022-07-19 22:34:00,17.96, , , , 
2022-07-19 22:35:00,17.98, , , , 
2022-07-19 22:36:00,17.98, , , , 
2022-07-19 22:37:00,17.95, , , , 
2022-07-19 22:38:00,17.94, , , , 
2022-07-19 22:39:00,17.91, , , , 
2022-07-19 22:40:00,17.92, , , , 
2022-07-19 22:41:00,17.89, , , , 
2022-07-19 22:42:00,17.88, , , , 
2022-07-19 22:43:00,17.89, , , , 
2022-07-19 22:44:00,17.88, , , , 
2022-07-19 22:45:00,17.90, , , , 
2022-07-19 22:46:00,17.89, , , , 
2022-07-19 22:47:00,17.89, , , , 
2022-07-19 22:48:00,17.90, , , , 
2022-07-19 22:49:00,17.90, , , , 
2022-07-19 22:50:00,17.92, , , , 
2022-07-19 22:51:00,17.90, , , , 
2022-07-19 22:52:00,17.91, , , , 
2022-07-19 22:53:00,17.94, , , , 
2022-07-19 22:54:00,17.92, , , , 
2022-07-19 22:55:00,17.92, , , , 
2022-07-19 22:56:00,17.94, , , , 
2022-07-19 22:57:00,17.92, , , , 
2022-07-19 22:58:00,17.94, , , , 
2022-07-19 22:59:00,17.94, , , , 
2022-07-19 23:00:00,17.89, , , , 
2022-07-19 23:01:00,17.90, , , , 
2022-07-19 23:02:00,17.87, , , , 
2022-07-19 23:03:00,17.88, , , , 
2022-07-19 23:04:00,17.87, , , , 
2022-07-19 23:05:00,17.87, , , , 
2022-07-19 23:06:00,17.88, , , , 
2022-07-19 23:07:00,17.85, , , , 
2022-07-19 23:08:00,17.87, , , , 
2022-07-19 23:09:00,17.89, , , , 
2022-07-19 23:10:00,17.88, , , , 
2022-07-19 23:11:00,17.89, , , , 
2022-07-19 23:12:00,17.89, , , , 
2022-07-19 23:13:00,17.89, , , , 
2022-07-19 23:14:00,17.90, , , , 
2022-07-19 23:15:00,17.91, , , , 
2022-07-19 23:16:00,17.91, , , , 
2022-07-19 23:17:00,17.92, , , , 
2022-07-19 23:18:00,17.92, , , , 
2022-07-19 23:19:00,17.92, , , , 
2022-07-19 23:20:00,17.94, , , , 
2022-07-19 23:21:00,17.92, , , , 
2022-07-19 23:22:00,17.90, , , , 
2022-07-19 23:23:00,17.85, , , , 
2022-07-19 23:24:00,17.84, , , , 
2022-07-19 23:25:00,17.84, , , , 
2022-07-19 23:26:00,17.84, , , , 
2022-07-19 23:27:00,17.84, , , , 
2022-07-19 23:28:00,17.85, , , , 
2022-07-19 23:29:00,17.84, , , , 
2022-07-19 23:30:00,17.84, , , , 
2022-07-19 23:31:00,17.87, , , , 
2022-07-19 23:32:00,17.87, , , , 
2022-07-19 23:33:00,17.88, , , , 
2022-07-19 23:34:00,17.88, , , , 
2022-07-19 23:35:00,17.89, , , , 
2022-07-19 23:36:00,17.88, , , , 
2022-07-19 23:37:00,17.90, , , , 
2022-07-19 23:38:00,17.90, , , , 
2022-07-19 23:39:00,17.90, , , , 
2022-07-19 23:40:00,17.92, , , , 
2022-07-19 23:41:00,17.93, , , , 
2022-07-19 23:42:00,17.92, , , , 
2022-07-19 23:43:00,17.89, , , , 
2022-07-19 23:44:00,17.87, , , , 
2022-07-19 23:45:00,17.87, , , , 
2022-07-19 23:46:00,17.85, , , , 
2022-07-19 23:47:00,17.84, , , , 
2022-07-19 23:48:00,17.83, , , , 
2022-07-19 23:49:00,17.87, , , , 
2022-07-19 23:50:00,17.85, , , , 
2022-07-19 23:51:00,17.85, , , , 
2022-07-19 23:52:00,17.84, , , , 
2022-07-19 23:53:00,17.85, , , , 
2022-07-19 23:54:00,17.85, , , , 
2022-07-19 23:55:00,17.89, , , , 
2022-07-19 23:56:00,17.87, , , , 
2022-07-19 23:57:00,17.88, , , , 
2022-07-19 23:58:00,17.89, , , , 
2022-07-19 23:59:00,17.89, , , , 
2022-07-20 00:00:00,17.88, , , , 
2022-07-20 00:01:00,17.91, , , , 
2022-07-20 00:02:00,17.89, , , , 
2022-07-20 00:03:00,17.92, , , , 
2022-07-20 00:04:00,17.92, , , , 
2022-07-20 00:05:00,17.91, , , , 
2022-07-20 00:06:00,17.94, , , , 
2022-07-20 00:07:00,17.96, , , , 
2022-07-20 00:08:00,17.97, , , , 
2022-07-20 00:09:00,18.02, , , , 
2022-07-20 00:10:00,18.03, , , , 
2022-07-20 00:11:00,18.06, , , , 
2022-07-20 00:12:00,18.09, , , , 
2022-07-20 00:13:00,18.14, , , , 
2022-07-20 00:14:00,18.18, , , , 
2022-07-20 00:15:00,18.21, , , , 
2022-07-20 00:16:00,18.26, , , , 
2022-07-20 00:17:00,18.29, , , , 
2022-07-20 00:18:00,18.36, , , , 
2022-07-20 00:19:00,18.39, , , , 
2022-07-20 00:20:00,18.39, , , , 
2022-07-20 00:21:00,18.48, , , , 
2022-07-20 00:22:00,18.48, , , , 
2022-07-20 00:23:00,18.54, , , , 
2022-07-20 00:24:00,18.57, , , , 
2022-07-20 00:25:00,18.61, , , , 
2022-07-20 00:26:00,18.63, , , , 
2022-07-20 00:27:00,18.66, , , , 
2022-07-20 00:28:00,18.67, , , , 
2022-07-20 00:29:00,18.67, , , , 
2022-07-20 00:30:00,18.70, , , , 
2022-07-20 00:31:00,18.72, , , , 
2022-07-20 00:32:00,18.76, , , , 
2022-07-20 00:33:00,18.79, , , , 
2022-07-20 00:34:00,18.82, , , , 
2022-07-20 00:35:00,18.85, , , , 
2022-07-20 00:36:00,18.89, , , , 
2022-07-20 00:37:00,18.93, , , , 
2022-07-20 00:38:00,18.97, , , , 
2022-07-20 00:39:00,19.00, , , , 
2022-07-20 00:40:00,19.03, , , , 
2022-07-20 00:41:00,19.08, , , , 
2022-07-20 00:42:00,19.11, , , , 
2022-07-20 00:43:00,19.14, , , , 
2022-07-20 00:44:00,19.16, , , , 
2022-07-20 00:45:00,19.18, , , , 
2022-07-20 00:46:00,19.23, , , , 
2022-07-20 00:47:00,19.28, , , , 
2022-07-20 00:48:00,19.30, , , , 
2022-07-20 00:49:00,19.28, , , , 
2022-07-20 00:50:00,19.32, , , , 
2022-07-20 00:51:00,19.32, , , , 
2022-07-20 00:52:00,19.32, , , , 
2022-07-20 00:53:00,19.37, , , , 
2022-07-20 00:54:00,19.38, , , , 
2022-07-20 00:55:00,19.41, , , , 
2022-07-20 00:56:00,19.43, , , , 
2022-07-20 00:57:00,19.45, , , , 
2022-07-20 00:58:00,19.48, , , , 
2022-07-20 00:59:00,19.52, , , , 
2022-07-20 01:00:00,19.57, , , , 
2022-07-20 01:01:00,19.57, , , , 
2022-07-20 01:02:00,19.65, , , , 
2022-07-20 01:03:00,19.66, , , , 
2022-07-20 01:04:00,19.69, , , , 
2022-07-20 01:05:00,19.72, , , , 
2022-07-20 01:06:00,19.77, , , , 
2022-07-20 01:07:00,19.79, , , , 
2022-07-20 01:08:00,19.81, , , , 
2022-07-20 01:09:00,19.85, , , , 
2022-07-20 01:10:00,19.88, , , , 
2022-07-20 01:11:00,19.87, , , , 
2022-07-20 01:12:00,19.89, , , , 
2022-07-20 01:13:00,19.89, , , , 
2022-07-20 01:14:00,19.90, , , , 
2022-07-20 01:15:00,19.92, , , , 
2022-07-20 01:16:00,19.95, , , , 
2022-07-20 01:17:00,19.99, , , , 
2022-07-20 01:18:00,20.00, , , , 
2022-07-20 01:19:00,20.02, , , , 
2022-07-20 01:20:00,20.06, , , , 
2022-07-20 01:21:00,20.10, , , , 
2022-07-20 01:22:00,20.14, , , , 
2022-07-20 01:23:00,20.14, , , , 
2022-07-20 01:24:00,20.18, , , , 
2022-07-20 01:25:00,20.21, , , , 
2022-07-20 01:26:00,20.25, , , , 
2022-07-20 01:27:00,20.27, , , , 
2022-07-20 01:28:00,20.31, , , , 
2022-07-20 01:29:00,20.30, , , , 
2022-07-20 01:30:00,20.35, , , , 
2022-07-20 01:31:00,20.37, , , , 
2022-07-20 01:32:00,20.39, , , , 
2022-07-20 01:33:00,20.39, , , , 
2022-07-20 01:34:00,20.40, , , , 
2022-07-20 01:35:00,20.41, , , , 
2022-07-20 01:36:00,20.42, , , , 
2022-07-20 01:37:00,20.41, , , , 
2022-07-20 01:38:00,20.45, , , , 
2022-07-20 01:39:00,20.46, , , , 
2022-07-20 01:40:00,20.47, , , , 
2022-07-20 01:41:00,20.50, , , , 
2022-07-20 01:42:00,20.55, , , , 
2022-07-20 01:43:00,20.57, , , , 
2022-07-20 01:44:00,20.58, , , , 
2022-07-20 01:45:00,20.61, , , , 
2022-07-20 01:46:00,20.65, , , , 
2022-07-20 01:47:00,20.68, , , , 
2022-07-20 01:48:00,20.73, , , , 
2022-07-20 01:49:00,20.74, , , , 
2022-07-20 01:50:00,20.77, , , , 
2022-07-20 01:51:00,20.77, , , , 
2022-07-20 01:52:00,20.81, , , , 
2022-07-20 01:53:00,20.85, , , , 
2022-07-20 01:54:00,20.87, , , , 
2022-07-20 01:55:00,20.85, , , , 
2022-07-20 01:56:00,20.85, , , , 
2022-07-20 01:57:00,20.86, , , , 
2022-07-20 01:58:00,20.85, , , , 
2022-07-20 01:59:00,20.88, , , , 
2022-07-20 02:00:00,20.89, , , , 
2022-07-20 02:01:00,20.90, , , , 
2022-07-20 02:02:00,20.92, , , , 
2022-07-20 02:03:00,20.94, , , , 
2022-07-20 02:04:00,20.95, , , , 
2022-07-20 02:05:00,20.99, , , , 
2022-07-20 02:06:00,21.01, , , , 
2022-07-20 02:07:00,21.03, , , , 
2022-07-20 02:08:00,21.08, , , , 
2022-07-20 02:09:00,21.09, , , , 
2022-07-20 02:10:00,21.11, , , , 
2022-07-20 02:11:00,21.15, , , , 
2022-07-20 02:12:00,21.17, , , , 
2022-07-20 02:13:00,21.20, , , , 
2022-07-20 02:14:00,21.20, , , , 
2022-07-20 02:15:00,21.19, , , , 
2022-07-20 02:16:00,21.18, , , , 
2022-07-20 02:17:00,21.20, , , , 
2022-07-20 02:18:00,21.17, , , , 
2022-07-20 02:19:00,21.17, , , , 
2022-07-20 02:20:00,21.16, , , , 
2022-07-20 02:21:00,21.18, , , , 
2022-07-20 02:22:00,21.14, , , , 
2022-07-20 02:23:00,21.15, , , , 
2022-07-20 02:24:00,21.17, , , , 
2022-07-20 02:25:00,21.16, , , , 
2022-07-20 02:26:00,21.17, , , , 
2022-07-20 02:27:00,21.19, , , , 
2022-07-20 02:28:00,21.19, , , , 
2022-07-20 02:29:00,21.22, , , , 
2022-07-20 02:30:00,21.21, , , , 
2022-07-20 02:31:00,21.27, , , , 
2022-07-20 02:32:00,21.25, , , , 
2022-07-20 02:33:00,21.28, , , , 
2022-07-20 02:34:00,21.30, , , , 
2022-07-20 02:35:00,21.29, , , , 
2022-07-20 02:36:00,21.30, , , , 
2022-07-20 02:37:00,21.34, , , , 
2022-07-20 02:38:00,21.34, , , , 
2022-07-20 02:39:00,21.35, , , , 
2022-07-20 02:40:00,21.35, , , , 
2022-07-20 02:41:00,21.35, , , , 
2022-07-20 02:42:00,21.36, , , , 
2022-07-20 02:43:00,21.37, , , , 
2022-07-20 02:44:00,21.36, , , , 
2022-07-20 02:45:00,21.38, , , , 
2022-07-20 02:46:00,21.36, , , , 
2022-07-20 02:47:00,21.36, , , , 
2022-07-20 02:48:00,21.38, , , , 
2022-07-20 02:49:00,21.42, , , , 
2022-07-20 02:50:00,21.38, , , , 
2022-07-20 02:51:00,21.40, , , , 
2022-07-20 02:52:00,21.42, , , , 
2022-07-20 02:53:00,21.43, , , , 
2022-07-20 02:54:00,21.45, , , , 
2022-07-20 02:55:00,21.44, , , , 
2022-07-20 02:56:00,21.45, , , , 
2022-07-20 02:57:00,21.47, , , , 
2022-07-20 02:58:00,21.50, , , , 
2022-07-20 02:59:00,21.51, , , , 
2022-07-20 03:00:00,21.52, , , , 
2022-07-20 03:01:00,21.53, , , , 
2022-07-20 03:02:00,21.54, , , , 
2022-07-20 03:03:00,21.53, , , , 
2022-07-20 03:04:00,21.54, , , , 
2022-07-20 03:05:00,21.57, , , , 
2022-07-20 03:06:00,21.55, , , , 
2022-07-20 03:07:00,21.57, , , , 
2022-07-20 03:08:00,21.59, , , , 
2022-07-20 03:09:00,21.55, , , , 
2022-07-20 03:10:00,21.58, , , , 
2022-07-20 03:11:00,21.57, , , , 
2022-07-20 03:12:00,21.60, , , , 
2022-07-20 03:13:00,21.61, , , , 
2022-07-20 03:14:00,21.60, , , , 
2022-07-20 03:15:00,21.61, , , , 
2022-07-20 03:16:00,21.62, , , , 
2022-07-20 03:17:00,21.62, , , , 
2022-07-20 03:18:00,21.64, , , , 
2022-07-20 03:19:00,21.65, , , , 
2022-07-20 03:20:00,21.68, , , , 
2022-07-20 03:21:00,21.68, , , , 
2022-07-20 03:22:00,21.67, , , , 
2022-07-20 03:23:00,21.73, , , , 
2022-07-20 03:24:00,21.72, , , , 
2022-07-20 03:25:00,21.69, , , , 
2022-07-20 03:26:00,21.72, , , , 
2022-07-20 03:27:00,21.72, , , , 
2022-07-20 03:28:00,21.72, , , , 
2022-07-20 03:29:00,21.70, , , , 
2022-07-20 03:30:00,21.70, , , , 
2022-07-20 03:31:00,21.74, , , , 
2022-07-20 03:32:00,21.74, , , , 
2022-07-20 03:33:00,21.75, , , , 
2022-07-20 03:34:00,21.78, , , , 
2022-07-20 03:35:00,21.76, , , , 
2022-07-20 03:36:00,21.74, , , , 
2022-07-20 03:37:00,21.76, , , , 
2022-07-20 03:38:00,21.77, , , , 
2022-07-20 03:39:00,21.79, , , , 
2022-07-20 03:40:00,21.78, , , , 
2022-07-20 03:41:00,21.81, , , , 
2022-07-20 03:42:00,21.78, , , , 
2022-07-20 03:43:00,21.79, , , , 
2022-07-20 03:44:00,21.78, , , , 
2022-07-20 03:45:00,21.78, , , , 
2022-07-20 03:46:00,21.81, , , , 
2022-07-20 03:47:00,21.79, , , , 
2022-07-20 03:48:00,21.78, , , , 
2022-07-20 03:49:00,21.80, , , , 
2022-07-20 03:50:00,21.79, , , , 
2022-07-20 03:51:00,21.78, , , , 
2022-07-20 03:52:00,21.79, , , , 
2022-07-20 03:53:00,21.78, , , , 
2022-07-20 03:54:00,21.77, , , , 
2022-07-20 03:55:00,21.79, , , , 
2022-07-20 03:56:00,21.78, , , , 
2022-07-20 03:57:00,21.79, , , , 
2022-07-20 03:58:00,21.79, , , , 
2022-07-20 03:59:00,21.80, , , , 
2022-07-20 04:00:00,21.80, , , , 
2022-07-20 04:01:00,21.81, , , , 
2022-07-20 04:02:00,21.80, , , , 
2022-07-20 04:03:00,21.79, , , , 
2022-07-20 04:04:00,21.82, , , , 
2022-07-20 04:05:00,21.82, , , , 
2022-07-20 04:06:00,21.82, , , , 
2022-07-20 04:07:00,21.82, , , , 
2022-07-20 04:08:00,21.80, , , , 
2022-07-20 04:09:00,21.82, , , , 
2022-07-20 04:10:00,21.82, , , , 
2022-07-20 04:11:00,21.82, , , , 
2022-07-20 04:12:00,21.82, , , , 
2022-07-20 04:13:00,21.80, , , , 
2022-07-20 04:14:00,21.81, , , , 
2022-07-20 04:15:00,21.82, , , , 
2022-07-20 04:16:00,21.81, , , , 
2022-07-20 04:17:00,21.82, , , , 
2022-07-20 04:18:00,21.83, , , , 
2022-07-20 04:19:00,21.82, , , , 
2022-07-20 04:20:00,21.83, , , , 
2022-07-20 04:21:00,21.84, , , , 
2022-07-20 04:22:00,21.85, , , , 
2022-07-20 04:23:00,21.87, , , , 
2022-07-20 04:24:00,21.84, , , , 
2022-07-20 04:25:00,21.87, , , , 
2022-07-20 04:26:00,21.90, , , , 
2022-07-20 04:27:00,21.89, , , , 
2022-07-20 04:28:00,21.89, , , , 
2022-07-20 04:29:00,21.91, , , , 
2022-07-20 04:30:00,21.92, , , , 
2022-07-20 04:31:00,21.93, , , , 
2022-07-20 04:32:00,21.93, , , , 
2022-07-20 04:33:00,21.93, , , , 
2022-07-20 04:34:00,21.90, , , , 
2022-07-20 04:35:00,21.93, , , , 
2022-07-20 04:36:00,21.93, , , , 
2022-07-20 04:37:00,21.93, , , , 
2022-07-20 04:38:00,21.95, , , , 
2022-07-20 04:39:00,21.93, , , , 
2022-07-20 04:40:00,21.95, , , , 
2022-07-20 04:41:00,21.95, , , , 
2022-07-20 04:42:00,21.96, , , , 
2022-07-20 04:43:00,21.95, , , , 
2022-07-20 04:44:00,21.96, , , , 
2022-07-20 04:45:00,21.98, , , , 
2022-07-20 04:46:00,21.98, , , , 
2022-07-20 04:47:00,21.99, , , , 
2022-07-20 04:48:00,22.02, , , , 
2022-07-20 04:49:00,21.99, , , , 
2022-07-20 04:50:00,22.02, , , , 
2022-07-20 04:51:00,22.03, , , , 
2022-07-20 04:52:00,22.03, , , , 
2022-07-20 04:53:00,22.04, , , , 
2022-07-20 04:54:00,22.04, , , , 
2022-07-20 04:55:00,22.03, , , , 
2022-07-20 04:56:00,22.02, , , , 
2022-07-20 04:57:00,22.04, , , , 
2022-07-20 04:58:00,22.04, , , , 
2022-07-20 04:59:00,22.03, , , , 
2022-07-20 05:00:00,22.05, , , , 
2022-07-20 05:01:00,22.05, , , , 
2022-07-20 05:02:00,22.06, , , , 
2022-07-20 05:03:00,22.05, , , , 
2022-07-20 05:04:00,22.06, , , , 
2022-07-20 05:05:00,22.07, , , , 
2022-07-20 05:06:00,22.07, , , , 
2022-07-20 05:07:00,22.07, , , , 
2022-07-20 05:08:00,22.09, , , , 
2022-07-20 05:09:00,22.08, , , , 
2022-07-20 05:10:00,22.09, , , , 
2022-07-20 05:11:00,22.10, , , , 
2022-07-20 05:12:00,22.11, , , , 
2022-07-20 05:13:00,22.10, , , , 
2022-07-20 05:14:00,22.13, , , , 
2022-07-20 05:15:00,22.14, , , , 
2022-07-20 05:16:00,22.13, , , , 
2022-07-20 05:17:00,22.13, , , , 
2022-07-20 05:18:00,22.13, , , , 
2022-07-20 05:19:00,22.13, , , , 
2022-07-20 05:20:00,22.12, , , , 
2022-07-20 05:21:00,22.16, , , , 
2022-07-20 05:22:00,22.14, , , , 
2022-07-20 05:23:00,22.14, , , , 
2022-07-20 05:24:00,22.14, , , , 
2022-07-20 05:25:00,22.16, , , , 
2022-07-20 05:26:00,22.17, , , , 
2022-07-20 05:27:00,22.17, , , , 
2022-07-20 05:28:00,22.19, , , , 
2022-07-20 05:29:00,22.16, , , , 
2022-07-20 05:30:00,22.18, , , , 
2022-07-20 05:31:00,22.18, , , , 
2022-07-20 05:32:00,22.19, , , , 
2022-07-20 05:33:00,22.19, , , , 
2022-07-20 05:34:00,22.20, , , , 
2022-07-20 05:35:00,22.20, , , , 
2022-07-20 05:36:00,22.22, , , , 
2022-07-20 05:37:00,22.20, , , , 
2022-07-20 05:38:00,22.20, , , , 
2022-07-20 05:39:00,22.22, , , , 
2022-07-20 05:40:00,22.20, , , , 
2022-07-20 05:41:00,22.21, , , , 
2022-07-20 05:42:00,22.21, , , , 
2022-07-20 05:43:00,22.20, , , , 
2022-07-20 05:44:00,22.20, , , , 
2022-07-20 05:45:00,22.23, , , , 
2022-07-20 05:46:00,22.23, , , , 
2022-07-20 05:47:00,22.20, , , , 
2022-07-20 05:48:00,22.22, , , , 
2022-07-20 05:49:00,22.23, , , , 
2022-07-20 05:50:00,22.22, , , , 
2022-07-20 05:51:00,22.23, , , , 
2022-07-20 05:52:00,22.25, , , , 
2022-07-20 05:53:00,22.24, , , , 
2022-07-20 05:54:00,22.27, , , , 
2022-07-20 05:55:00,22.25, , , , 
2022-07-20 05:56:00,22.26, , , , 
2022-07-20 05:57:00,22.26, , , , 
2022-07-20 05:58:00,22.26, , , , 
2022-07-20 05:59:00,22.27, , , , 
2022-07-20 06:00:00,22.26, , , , 
2022-07-20 06:01:00,22.26, , , , 
2022-07-20 06:02:00,22.26, , , , 
2022-07-20 06:03:00,22.27, , , , 
2022-07-20 06:04:00,22.26, , , , 
2022-07-20 06:05:00,22.27, , , , 
2022-07-20 06:06:00,22.27, , , , 
2022-07-20 06:07:00,22.29, , , , 
2022-07-20 06:08:00,22.28, , , , 
2022-07-20 06:09:00,22.31, , , , 
2022-07-20 06:10:00,22.29, , , , 
2022-07-20 06:11:00,22.27, , , , 
2022-07-20 06:12:00,22.27, , , , 
2022-07-20 06:13:00,22.26, , , , 
2022-07-20 06:14:00,22.23, , , , 
2022-07-20 06:15:00,22.19, , , , 
2022-07-20 06:16:00,22.14, , , , 
2022-07-20 06:17:00,22.07, , , , 
2022-07-20 06:18:00,22.02, , , , 
2022-07-20 06:19:00,21.96, , , , 
2022-07-20 06:20:00,21.84, , , , 
2022-07-20 06:21:00,21.73, , , , 
2022-07-20 06:22:00,21.66, , , , 
2022-07-20 06:23:00,21.60, , , , 
2022-07-20 06:24:00,21.53, , , , 
2022-07-20 06:25:00,21.47, , , , 
2022-07-20 06:26:00,21.42, , , , 
2022-07-20 06:27:00,21.35, , , , 
2022-07-20 06:28:00,21.31, , , , 
2022-07-20 06:29:00,21.24, , , , 
2022-07-20 06:30:00,21.19, , , , 
2022-07-20 06:31:00,21.16, , , , 
2022-07-20 06:32:00,21.13, , , , 
2022-07-20 06:33:00,21.07, , , , 
2022-07-20 06:34:00,21.04, , , , 
2022-07-20 06:35:00,20.98, , , , 
2022-07-20 06:36:00,20.95, , , , 
2022-07-20 06:37:00,20.91, , , , 
2022-07-20 06:38:00,20.88, , , , 
2022-07-20 06:39:00,20.80, , , , 
2022-07-20 06:40:00,20.74, , , , 
2022-07-20 06:41:00,20.69, , , , 
2022-07-20 06:42:00,20.65, , , , 
2022-07-20 06:43:00,20.59, , , , 
2022-07-20 06:44:00,20.56, , , , 
2022-07-20 06:45:00,20.51, , , , 
2022-07-20 06:46:00,20.46, , , , 
2022-07-20 06:47:00,20.44, , , , 
2022-07-20 06:48:00,20.37, , , , 
2022-07-20 06:49:00,20.35, , , , 
2022-07-20 06:50:00,20.34, , , , 
2022-07-20 06:51:00,20.29, , , , 
2022-07-20 06:52:00,20.29, , , , 
2022-07-20 06:53:00,20.27, , , , 
2022-07-20 06:54:00,20.25, , , , 
2022-07-20 06:55:00,20.20, , , , 
2022-07-20 06:56:00,20.18, , , , 
2022-07-20 06:57:00,20.14, , , , 
2022-07-20 06:58:00,20.12, , , , 
2022-07-20 06:59:00,20.11, , , , 
2022-07-20 07:00:00,20.07, , , , 
2022-07-20 07:01:00,20.03, , , , 
2022-07-20 07:02:00,19.98, , , , 
2022-07-20 07:03:00,19.94, , , , 
2022-07-20 07:04:00,19.91, , , , 
2022-07-20 07:05:00,19.87, , , , 
2022-07-20 07:06:00,19.83, , , , 
2022-07-20 07:07:00,19.82, , , , 
2022-07-20 07:08:00,19.79, , , , 
2022-07-20 07:09:00,19.74, , , , 
2022-07-20 07:10:00,19.75, , , , 
2022-07-20 07:11:00,19.73, , , , 
2022-07-20 07:12:00,19.71, , , , 
2022-07-20 07:13:00,19.72, , , , 
2022-07-20 07:14:00,19.67, , , , 
2022-07-20 07:15:00,19.66, , , , 
2022-07-20 07:16:00,19.63, , , , 
2022-07-20 07:17:00,19.60, , , , 
2022-07-20 07:18:00,19.60, , , , 
2022-07-20 07:19:00,19.57, , , , 
2022-07-20 07:20:00,19.58, , , , 
2022-07-20 07:21:00,19.57, , , , 
2022-07-20 07:22:00,19.54, , , , 
2022-07-20 07:23:00,19.48, , , , 
2022-07-20 07:24:00,19.45, , , , 
2022-07-20 07:25:00,19.44, , , , 
2022-07-20 07:26:00,19.39, , , , 
2022-07-20 07:27:00,19.35, , , , 
2022-07-20 07:28:00,19.32, , , , 
2022-07-20 07:29:00,19.32, , , , 
2022-07-20 07:30:00,19.30, , , , 
2022-07-20 07:31:00,19.31, , , , 
2022-07-20 07:32:00,19.30, , , , 
2022-07-20 07:33:00,19.28, , , , 
2022-07-20 07:34:00,19.26, , , , 
2022-07-20 07:35:00,19.24, , , , 
2022-07-20 07:36:00,19.24, , , , 
2022-07-20 07:37:00,19.22, , , , 
2022-07-20 07:38:00,19.23, , , , 
2022-07-20 07:39:00,19.21, , , , 
2022-07-20 07:40:00,19.18, , , , 
2022-07-20 07:41:00,19.20, , , , 
2022-07-20 07:42:00,19.18, , , , 
2022-07-20 07:43:00,19.16, , , , 
2022-07-20 07:44:00,19.15, , , , 
2022-07-20 07:45:00,19.11, , , , 
2022-07-20 07:46:00,19.08, , , , 
2022-07-20 07:47:00,19.07, , , , 
2022-07-20 07:48:00,19.06, , , , 
2022-07-20 07:49:00,19.02, , , , 
2022-07-20 07:50:00,19.01, , , , 
2022-07-20 07:51:00,18.99, , , , 
2022-07-20 07:52:00,18.97, , , , 
2022-07-20 07:53:00,18.97, , , , 
2022-07-20 07:54:00,18.94, , , , 
2022-07-20 07:55:00,18.94, , , , 
2022-07-20 07:56:00,18.94, , , , 
2022-07-20 07:57:00,18.92, , , , 
2022-07-20 07:58:00,18.89, , , , 
2022-07-20 07:59:00,18.88, , , , 
2022-07-20 08:00:00,18.86, , , , 
2022-07-20 08:01:00,18.86, , , , 
2022-07-20 08:02:00,18.86, , , , 
2022-07-20 08:03:00,18.86, , , , 
2022-07-20 08:04:00,18.84, , , , 
2022-07-20 08:05:00,18.85, , , , 
2022-07-20 08:06:00,18.83, , , , 
2022-07-20 08:07:00,18.82, , , , 
2022-07-20 08:08:00,18.79, , , , 
2022-07-20 08:09:00,18.76, , , , 
2022-07-20 08:10:00,18.73, , , , 
2022-07-20 08:11:00,18.72, , , , 
2022-07-20 08:12:00,18.69, , , , 
2022-07-20 08:13:00,18.68, , , , 
2022-07-20 08:14:00,18.67, , , , 
2022-07-20 08:15:00,18.66, , , , 
2022-07-20 08:16:00,18.69, , , , 
2022-07-20 08:17:00,18.64, , , , 
2022-07-20 08:18:00,18.64, , , , 
2022-07-20 08:19:00,18.64, , , , 
2022-07-20 08:20:00,18.63, , , , 
2022-07-20 08:21:00,18.65, , , , 
2022-07-20 08:22:00,18.64, , , , 
2022-07-20 08:23:00,18.62, , , , 
2022-07-20 08:24:00,18.62, , , , 
2022-07-20 08:25:00,18.61, , , , 
2022-07-20 08:26:00,18.61, , , , 
2022-07-20 08:27:00,18.62, , , , 
2022-07-20 08:28:00,18.57, , , , 
2022-07-20 08:29:00,18.57, , , , 
2022-07-20 08:30:00,18.54, , , , 
2022-07-20 08:31:00,18.51, , , , 
2022-07-20 08:32:00,18.50, , , , 
2022-07-20 08:33:00,18.49, , , , 
2022-07-20 08:34:00,18.46, , , , 
2022-07-20 08:35:00,18.49, , , , 
2022-07-20 08:36:00,18.44, , , , 
2022-07-20 08:37:00,18.44, , , , 
2022-07-20 08:38:00,18.47, , , , 
2022-07-20 08:39:00,18.43, , , , 
2022-07-20 08:40:00,18.42, , , , 
2022-07-20 08:41:00,18.43, , , , 
2022-07-20 08:42:00,18.43, , , , 
2022-07-20 08:43:00,18.41, , , , 
2022-07-20 08:44:00,18.41, , , , 
2022-07-20 08:45:00,18.42, , , , 
2022-07-20 08:46:00,18.41, , , , 
2022-07-20 08:47:00,18.40, , , , 
2022-07-20 08:48:00,18.41, , , , 
2022-07-20 08:49:00,18.42, , , , 
2022-07-20 08:50:00,18.38, , , , 
2022-07-20 08:51:00,18.39, , , , 
2022-07-20 08:52:00,18.36, , , , 
2022-07-20 08:53:00,18.33, , , , 
2022-07-20 08:54:00,18.30, , , , 
2022-07-20 08:55:00,18.29, , , , 
2022-07-20 08:56:00,18.29, , , , 
2022-07-20 08:57:00,18.27, , , , 
2022-07-20 08:58:00,18.28, , , , 
2022-07-20 08:59:00,18.29, , , , 
2022-07-20 09:00:00,18.28, , , , 
2022-07-20 09:01:00,18.27, , , , 
2022-07-20 09:02:00,18.27, , , , 
2022-07-20 09:03:00,18.26, , , , 
2022-07-20 09:04:00,18.26, , , , 
2022-07-20 09:05:00,18.26, , , , 
2022-07-20 09:06:00,18.27, , , , 
2022-07-20 09:07:00,18.27, , , , 
2022-07-20 09:08:00,18.27, , , , 
2022-07-20 09:09:00,18.27, , , , 
2022-07-20 09:10:00,18.27, , , , 
2022-07-20 09:11:00,18.26, , , , 
2022-07-20 09:12:00,18.28, , , , 
2022-07-20 09:13:00,18.22, , , , 
2022-07-20 09:14:00,18.24, , , , 
2022-07-20 09:15:00,18.19, , , , 
2022-07-20 09:16:00,18.19, , , , 
2022-07-20 09:17:00,18.18, , , , 
2022-07-20 09:18:00,18.18, , , , 
2022-07-20 09:19:00,18.14, , , , 
2022-07-20 09:20:00,18.18, , , , 
2022-07-20 09:21:00,18.17, , , , 
2022-07-20 09:22:00,18.14, , , , 
2022-07-20 09:23:00,18.14, , , , 
2022-07-20 09:24:00,18.18, , , , 
2022-07-20 09:25:00,18.18, , , , 
2022-07-20 09:26:00,18.14, , , , 
2022-07-20 09:27:00,18.18, , , , 
2022-07-20 09:28:00,18.18, , , , 
2022-07-20 09:29:00,18.20, , , , 
2022-07-20 09:30:00,18.19, , , , 
2022-07-20 09:31:00,18.18, , , , 
2022-07-20 09:32:00,18.19, , , , 
2022-07-20 09:33:00,18.19, , , , 
2022-07-20 09:34:00,18.18, , , , 
2022-07-20 09:35:00,18.15, , , , 
2022-07-20 09:36:00,18.13, , , , 
2022-07-20 09:37:00,18.12, , , , 
2022-07-20 09:38:00,18.11, , , , 
2022-07-20 09:39:00,18.09, , , , 
2022-07-20 09:40:00,18.09, , , , 
2022-07-20 09:41:00,18.08, , , , 
2022-07-20 09:42:00,18.09, , , , 
2022-07-20 09:43:00,18.08, , , , 
2022-07-20 09:44:00,18.08, , , , 
2022-07-20 09:45:00,18.11, , , , 
2022-07-20 09:46:00,18.10, , , , 
2022-07-20 09:47:00,18.12, , , , 
2022-07-20 09:48:00,18.11, , , , 
2022-07-20 09:49:00,18.12, , , , 
2022-07-20 09:50:00,18.13, , , , 
2022-07-20 09:51:00,18.13, , , , 
2022-07-20 09:52:00,18.13, , , , 
2022-07-20 09:53:00,18.13, , , , 
2022-07-20 09:54:00,18.13, , , , 
2022-07-20 09:55:00,18.11, , , , 
2022-07-20 09:56:00,18.12, , , , 
2022-07-20 09:57:00,18.12, , , , 
2022-07-20 09:58:00,18.09, , , , 
2022-07-20 09:59:00,18.09, , , , 
2022-07-20 10:00:00,18.06, , , , 
2022-07-20 10:01:00,18.06, , , , 
2022-07-20 10:02:00,18.06, , , , 
2022-07-20 10:03:00,18.06, , , , 
2022-07-20 10:04:00,18.07, , , , 
2022-07-20 10:05:00,18.06, , , , 
2022-07-20 10:06:00,18.06, , , , 
2022-07-20 10:07:00,18.08, , , , 
2022-07-20 10:08:00,18.09, , , , 
2022-07-20 10:09:00,18.09, , , , 
2022-07-20 10:10:00,18.09, , , , 
2022-07-20 10:11:00,18.11, , , , 
2022-07-20 10:12:00,18.09, , , , 
2022-07-20 10:13:00,18.09, , , , 
2022-07-20 10:14:00,18.10, , , , 
2022-07-20 10:15:00,18.09, , , , 
2022-07-20 10:16:00,18.11, , , , 
2022-07-20 10:17:00,18.11, , , , 
2022-07-20 10:18:00,18.09, , , , 
2022-07-20 10:18:33, ,Logged, , , 
2022-07-20 10:19:00,18.07, , , , 
2022-07-20 10:20:00,18.09, , , , 
2022-07-20 10:21:00,18.06, , , , 
2022-07-20 10:22:00,18.07, , , , 
2022-07-20 10:23:00,18.05, , , , 
2022-07-20 10:24:00,18.05, , , , 
2022-07-20 10:25:00,18.04, , , , 
2022-07-20 10:26:00,18.03, , , , 
2022-07-20 10:27:00,18.05, , , , 
2022-07-20 10:28:00,18.06, , , , 
2022-07-20 10:29:00,18.05, , , , 
2022-07-20 10:30:00,18.05, , , , 
2022-07-20 10:31:00,18.05, , , , 
2022-07-20 10:32:00,18.05, , , , 
2022-07-20 10:33:00,18.06, , , , 
2022-07-20 10:34:00,18.06, , , , 
2022-07-20 10:35:00,18.06, , , , 
2022-07-20 10:36:00,18.09, , , , 
2022-07-20 10:37:00,18.09, , , , 
2022-07-20 10:38:00,18.08, , , , 
2022-07-20 10:39:00,18.08, , , , 
2022-07-20 10:40:00,18.07, , , , 
2022-07-20 10:41:00,18.05, , , , 
2022-07-20 10:42:00,18.04, , , , 
2022-07-20 10:43:00,18.04, , , , 
2022-07-20 10:44:00,18.02, , , , 
2022-07-20 10:45:00,18.00, , , , 
2022-07-20 10:46:00,18.02, , , , 
2022-07-20 10:47:00,18.00, , , , 
2022-07-20 10:48:00,18.02, , , , 
2022-07-20 10:49:00,18.00, , , , 
2022-07-20 10:50:00,18.02, , , , 
2022-07-20 10:51:00,18.02, , , , 
2022-07-20 10:52:00,18.02, , , , 
2022-07-20 10:53:00,17.99, , , , 
2022-07-20 10:54:00,18.02, , , , 
2022-07-20 10:55:00,18.00, , , , 
2022-07-20 10:56:00,18.03, , , , 
2022-07-20 10:57:00,18.02, , , , 
2022-07-20 10:58:00,18.03, , , , 
2022-07-20 10:59:00,18.03, , , , 
2022-07-20 11:00:00,18.02, , , , 
2022-07-20 11:01:00,18.04, , , , 
2022-07-20 11:02:00,18.03, , , , 
2022-07-20 11:03:00,18.02, , , , 
2022-07-20 11:04:00,17.99, , , , 
2022-07-20 11:05:00,17.98, , , , 
2022-07-20 11:06:00,17.96, , , , 
2022-07-20 11:07:00,17.95, , , , 
2022-07-20 11:08:00,17.98, , , , 
2022-07-20 11:09:00,17.96, , , , 
2022-07-20 11:10:00,17.97, , , , 
2022-07-20 11:11:00,17.97, , , , 
2022-07-20 11:12:00,17.98, , , , 
2022-07-20 11:13:00,18.02, , , , 
2022-07-20 11:14:00,17.99, , , , 
2022-07-20 11:15:00,18.00, , , , 
2022-07-20 11:16:00,18.00, , , , 
2022-07-20 11:17:00,18.02, , , , 
2022-07-20 11:18:00,18.02, , , , 
2022-07-20 11:19:00,18.02, , , , 
2022-07-20 11:20:00,18.04, , , , 
2022-07-20 11:21:00,18.06, , , , 
2022-07-20 11:22:00,18.05, , , , 
2022-07-20 11:23:00,18.05, , , , 
2022-07-20 11:24:00,18.05, , , , 
2022-07-20 11:25:00,18.02, , , , 
2022-07-20 11:26:00,17.99, , , , 
2022-07-20 11:27:00,17.99, , , , 
2022-07-20 11:28:00,17.99, , , , 
2022-07-20 11:29:00,17.98, , , , 
2022-07-20 11:30:00,17.97, , , , 
2022-07-20 11:31:00,17.99, , , , 
2022-07-20 11:32:00,17.99, , , , 
2022-07-20 11:33:00,17.98, , , , 
2022-07-20 11:34:00,17.97, , , , 
2022-07-20 11:35:00,17.99, , , , 
2022-07-20 11:36:00,17.98, , , , 
2022-07-20 11:37:00,17.99, , , , 
2022-07-20 11:38:00,17.99, , , , 
2022-07-20 11:39:00,17.98, , , , 
2022-07-20 11:40:00,17.99, , , , 
2022-07-20 11:41:00,18.02, , , , 
2022-07-20 11:42:00,18.02, , , , 
2022-07-20 11:43:00,18.02, , , , 
2022-07-20 11:44:00,18.03, , , , 
2022-07-20 11:45:00,18.03, , , , 
2022-07-20 11:46:00,18.00, , , , 
2022-07-20 11:47:00,17.99, , , , 
2022-07-20 11:48:00,17.98, , , , 
2022-07-20 11:49:00,17.94, , , , 
2022-07-20 11:50:00,17.97, , , , 
2022-07-20 11:51:00,17.96, , , , 
2022-07-20 11:52:00,17.96, , , , 
2022-07-20 11:53:00,17.95, , , , 
2022-07-20 11:54:00,17.97, , , , 
2022-07-20 11:55:00,17.96, , , , 
2022-07-20 11:56:00,17.96, , , , 
2022-07-20 11:57:00,17.97, , , , 
2022-07-20 11:58:00,17.97, , , , 
2022-07-20 11:59:00,17.97, , , , 
2022-07-20 12:00:00,17.97, , , , 
2022-07-20 12:01:00,17.98, , , , 
2022-07-20 12:02:00,17.99, , , , 
2022-07-20 12:03:00,18.02, , , , 
2022-07-20 12:04:00,18.02, , , , 
2022-07-20 12:05:00,18.05, , , , 
2022-07-20 12:06:00,18.07, , , , 
2022-07-20 12:07:00,18.09, , , , 
2022-07-20 12:08:00,18.09, , , , 
2022-07-20 12:09:00,18.11, , , , 
2022-07-20 12:10:00,18.13, , , , 
2022-07-20 12:11:00,18.13, , , , 
2022-07-20 12:12:00,18.17, , , , 
2022-07-20 12:13:00,18.20, , , , 
2022-07-20 12:14:00,18.24, , , , 
2022-07-20 12:15:00,18.25, , , , 
2022-07-20 12:16:00,18.33, , , , 
2022-07-20 12:17:00,18.33, , , , 
2022-07-20 12:18:00,18.38, , , , 
2022-07-20 12:19:00,18.40, , , , 
2022-07-20 12:20:00,18.46, , , , 
2022-07-20 12:21:00,18.51, , , , 
2022-07-20 12:22:00,18.54, , , , 
2022-07-20 12:23:00,18.58, , , , 
2022-07-20 12:24:00,18.62, , , , 
2022-07-20 12:25:00,18.65, , , , 
2022-07-20 12:26:00,18.69, , , , 
2022-07-20 12:27:00,18.77, , , , 
2022-07-20 12:28:00,18.77, , , , 
2022-07-20 12:29:00,18.81, , , , 
2022-07-20 12:30:00,18.83, , , , 
2022-07-20 12:31:00,18.84, , , , 
2022-07-20 12:32:00,18.85, , , , 
2022-07-20 12:33:00,18.86, , , , 
2022-07-20 12:34:00,18.92, , , , 
2022-07-20 12:35:00,18.93, , , , 
2022-07-20 12:36:00,18.97, , , , 
2022-07-20 12:37:00,19.01, , , , 
2022-07-20 12:38:00,19.02, , , , 
2022-07-20 12:39:00,19.08, , , , 
2022-07-20 12:40:00,19.10, , , , 
2022-07-20 12:41:00,19.13, , , , 
2022-07-20 12:42:00,19.17, , , , 
2022-07-20 12:43:00,19.22, , , , 
2022-07-20 12:44:00,19.22, , , , 
2022-07-20 12:45:00,19.29, , , , 
2022-07-20 12:46:00,19.32, , , , 
2022-07-20 12:47:00,19.33, , , , 
2022-07-20 12:48:00,19.39, , , , 
2022-07-20 12:49:00,19.40, , , , 
2022-07-20 12:50:00,19.45, , , , 
2022-07-20 12:51:00,19.47, , , , 
2022-07-20 12:52:00,19.51, , , , 
2022-07-20 12:53:00,19.48, , , , 
2022-07-20 12:54:00,19.52, , , , 
2022-07-20 12:55:00,19.54, , , , 
2022-07-20 12:56:00,19.56, , , , 
2022-07-20 12:57:00,19.58, , , , 
2022-07-20 12:58:00,19.62, , , , 
2022-07-20 12:59:00,19.63, , , , 
2022-07-20 13:00:00,19.66, , , , 
2022-07-20 13:01:00,19.69, , , , 
2022-07-20 13:02:00,19.72, , , , 
2022-07-20 13:03:00,19.74, , , , 
2022-07-20 13:04:00,19.80, , , , 
2022-07-20 13:05:00,19.81, , , , 
2022-07-20 13:06:00,19.85, , , , 
2022-07-20 13:07:00,19.88, , , , 
2022-07-20 13:08:00,19.89, , , , 
2022-07-20 13:09:00,19.95, , , , 
2022-07-20 13:10:00,19.98, , , , 
2022-07-20 13:11:00,20.00, , , , 
2022-07-20 13:12:00,20.02, , , , 
2022-07-20 13:13:00,20.05, , , , 
2022-07-20 13:14:00,20.06, , , , 
2022-07-20 13:15:00,20.06, , , , 
2022-07-20 13:16:00,20.09, , , , 
2022-07-20 13:17:00,20.09, , , , 
2022-07-20 13:18:00,20.12, , , , 
2022-07-20 13:19:00,20.15, , , , 
2022-07-20 13:20:00,20.14, , , , 
2022-07-20 13:21:00,20.17, , , , 
2022-07-20 13:22:00,20.21, , , , 
2022-07-20 13:23:00,20.22, , , , 
2022-07-20 13:24:00,20.26, , , , 
2022-07-20 13:25:00,20.31, , , , 
2022-07-20 13:26:00,20.32, , , , 
2022-07-20 13:27:00,20.35, , , , 
2022-07-20 13:28:00,20.40, , , , 
2022-07-20 13:28:21, ,Logged, , , 
2022-07-20 13:29:00,20.44, , , , 
2022-07-20 13:30:00,20.48, , , , 
2022-07-20 13:31:00,20.54, , , , 
2022-07-20 13:32:00,20.58, , , , 
2022-07-20 13:33:00,20.61, , , , 
2022-07-20 13:34:00,20.66, , , , 
2022-07-20 13:35:00,20.71, , , , 
2022-07-20 13:36:00,20.73, , , , 
2022-07-20 13:37:00,20.76, , , , 
2022-07-20 13:38:00,20.77, , , , 
2022-07-20 13:39:00,20.79, , , , 
2022-07-20 13:40:00,20.84, , , , 
2022-07-20 13:41:00,20.87, , , , 
2022-07-20 13:42:00,20.92, , , , 
2022-07-20 13:43:00,20.98, , , , 
2022-07-20 13:44:00,20.99, , , , 
2022-07-20 13:45:00,21.07, , , , 
2022-07-20 13:46:00,21.11, , , , 
2022-07-20 13:47:00,21.14, , , , 
2022-07-20 13:48:00,21.21, , , , 
2022-07-20 13:49:00,21.23, , , , 
2022-07-20 13:50:00,21.29, , , , 
2022-07-20 13:51:00,21.33, , , , 
2022-07-20 13:52:00,21.37, , , , 
2022-07-20 13:53:00,21.44, , , , 
2022-07-20 13:54:00,21.49, , , , 
2022-07-20 13:55:00,21.53, , , , 
2022-07-20 13:56:00,21.57, , , , 
2022-07-20 13:57:00,21.62, , , , 
2022-07-20 13:58:00,21.62, , , , 
2022-07-20 13:59:00,21.66, , , , 
2022-07-20 14:00:00,21.67, , , , 
2022-07-20 14:01:00,21.70, , , , 
2022-07-20 14:02:00,21.74, , , , 
2022-07-20 14:03:00,21.78, , , , 
2022-07-20 14:04:00,21.79, , , , 
2022-07-20 14:05:00,21.85, , , , 
2022-07-20 14:06:00,21.88, , , , 
2022-07-20 14:07:00,21.92, , , , 
2022-07-20 14:08:00,21.96, , , , 
2022-07-20 14:09:00,22.02, , , , 
2022-07-20 14:10:00,22.07, , , , 
2022-07-20 14:11:00,22.10, , , , 
2022-07-20 14:12:00,22.16, , , , 
2022-07-20 14:13:00,22.18, , , , 
2022-07-20 14:14:00,22.22, , , , 
2022-07-20 14:15:00,22.26, , , , 
2022-07-20 14:16:00,22.32, , , , 
2022-07-20 14:17:00,22.39, , , , 
2022-07-20 14:18:00,22.41, , , , 
2022-07-20 14:19:00,22.42, , , , 
2022-07-20 14:20:00,22.42, , , , 
2022-07-20 14:21:00,22.46, , , , 
2022-07-20 14:22:00,22.48, , , , 
2022-07-20 14:23:00,22.50, , , , 
2022-07-20 14:24:00,22.52, , , , 
2022-07-20 14:25:00,22.56, , , , 
2022-07-20 14:26:00,22.60, , , , 
2022-07-20 14:27:00,22.63, , , , 
2022-07-20 14:28:00,22.65, , , , 
2022-07-20 14:29:00,22.70, , , , 
2022-07-20 14:30:00,22.70, , , , 
2022-07-20 14:31:00,22.72, , , , 
2022-07-20 14:32:00,22.69, , , , 
2022-07-20 14:33:00,22.70, , , , 
2022-07-20 14:34:00,22.69, , , , 
2022-07-20 14:35:00,22.68, , , , 
2022-07-20 14:36:00,22.69, , , , 
2022-07-20 14:37:00,22.69, , , , 
2022-07-20 14:38:00,22.67, , , , 
2022-07-20 14:39:00,22.68, , , , 
2022-07-20 14:40:00,22.66, , , , 
2022-07-20 14:41:00,22.66, , , , 
2022-07-20 14:42:00,22.67, , , , 
2022-07-20 14:43:00,22.68, , , , 
2022-07-20 14:44:00,22.68, , , , 
2022-07-20 14:45:00,22.68, , , , 
2022-07-20 14:46:00,22.70, , , , 
2022-07-20 14:47:00,22.72, , , , 
2022-07-20 14:48:00,22.71, , , , 
2022-07-20 14:49:00,22.72, , , , 
2022-07-20 14:50:00,22.73, , , , 
2022-07-20 14:51:00,22.76, , , , 
2022-07-20 14:52:00,22.77, , , , 
2022-07-20 14:53:00,22.80, , , , 
2022-07-20 14:54:00,22.84, , , , 
2022-07-20 14:55:00,22.83, , , , 
2022-07-20 14:56:00,22.86, , , , 
2022-07-20 14:57:00,22.87, , , , 
2022-07-20 14:58:00,22.88, , , , 
2022-07-20 14:59:00,22.87, , , , 
2022-07-20 15:00:00,22.92, , , , 
2022-07-20 15:01:00,22.93, , , , 
2022-07-20 15:02:00,22.94, , , , 
2022-07-20 15:03:00,22.94, , , , 
2022-07-20 15:04:00,22.96, , , , 
2022-07-20 15:05:00,22.97, , , , 
2022-07-20 15:06:00,22.97, , , , 
2022-07-20 15:07:00,22.99, , , , 
2022-07-20 15:08:00,23.00, , , , 
2022-07-20 15:09:00,23.00, , , , 
2022-07-20 15:10:00,23.03, , , , 
2022-07-20 15:11:00,23.05, , , , 
2022-07-20 15:12:00,23.07, , , , 
2022-07-20 15:13:00,23.10, , , , 
2022-07-20 15:14:00,23.10, , , , 
2022-07-20 15:15:00,23.11, , , , 
2022-07-20 15:16:00,23.13, , , , 
2022-07-20 15:17:00,23.13, , , , 
2022-07-20 15:18:00,23.16, , , , 
2022-07-20 15:19:00,23.17, , , , 
2022-07-20 15:20:00,23.18, , , , 
2022-07-20 15:21:00,23.20, , , , 
2022-07-20 15:22:00,23.21, , , , 
2022-07-20 15:23:00,23.20, , , , 
2022-07-20 15:24:00,23.18, , , , 
2022-07-20 15:25:00,23.18, , , , 
2022-07-20 15:26:00,23.16, , , , 
2022-07-20 15:27:00,23.09, , , , 
2022-07-20 15:28:00,22.99, , , , 
2022-07-20 15:29:00,22.85, , , , 
2022-07-20 15:30:00,22.73, , , , 
2022-07-20 15:31:00,22.63, , , , 
2022-07-20 15:32:00,22.54, , , , 
2022-07-20 15:33:00,22.48, , , , 
2022-07-20 15:34:00,22.48, , , , 
2022-07-20 15:35:00,22.52, , , , 
2022-07-20 15:36:00,22.57, , , , 
2022-07-20 15:37:00,22.64, , , , 
2022-07-20 15:38:00,22.69, , , , 
2022-07-20 15:39:00,22.73, , , , 
2022-07-20 15:40:00,22.77, , , , 
2022-07-20 15:41:00,22.81, , , , 
2022-07-20 15:42:00,22.87, , , , 
2022-07-20 15:43:00,22.91, , , , 
2022-07-20 15:44:00,22.95, , , , 
2022-07-20 15:45:00,22.94, , , , 
2022-07-20 15:46:00,22.97, , , , 
2022-07-20 15:47:00,22.99, , , , 
2022-07-20 15:48:00,22.98, , , , 
2022-07-20 15:49:00,22.99, , , , 
2022-07-20 15:50:00,22.92, , , , 
2022-07-20 15:51:00,22.73, , , , 
2022-07-20 15:52:00,22.49, , , , 
2022-07-20 15:53:00,22.20, , , , 
2022-07-20 15:54:00,21.94, , , , 
2022-07-20 15:55:00,21.80, , , , 
2022-07-20 15:56:00,21.73, , , , 
2022-07-20 15:57:00,21.73, , , , 
2022-07-20 15:58:00,21.75, , , , 
2022-07-20 15:59:00,21.78, , , , 
2022-07-20 16:00:00,21.84, , , , 
2022-07-20 16:01:00,21.91, , , , 
2022-07-20 16:02:00,21.98, , , , 
2022-07-20 16:03:00,22.04, , , , 
2022-07-20 16:04:00,22.12, , , , 
2022-07-20 16:05:00,22.22, , , , 
2022-07-20 16:06:00,22.29, , , , 
2022-07-20 16:07:00,22.36, , , , 
2022-07-20 16:08:00,22.46, , , , 
2022-07-20 16:09:00,22.53, , , , 
2022-07-20 16:10:00,22.58, , , , 
2022-07-20 16:11:00,22.67, , , , 
2022-07-20 16:12:00,22.72, , , , 
2022-07-20 16:13:00,22.79, , , , 
2022-07-20 16:13:01, , ,Logged,Logged, 
2022-07-20 16:13:05, , ,Logged, , 
2022-07-20 16:13:06, , , ,Logged, 
2022-07-20 16:14:00,22.85, , , , 
2022-07-20 16:14:47, , ,Logged, , 
2022-07-20 16:14:48, , ,Logged,Logged, 
2022-07-20 16:14:50, , , ,Logged, 
2022-07-20 16:14:52, , ,Logged, , 
2022-07-20 16:14:53, , , ,Logged, 
2022-07-20 16:15:00,22.92, , , , 
2022-07-20 16:16:00,22.98, , , , 
2022-07-20 16:17:00,23.03, , , , 
2022-07-20 16:18:00,23.03, , , , 
2022-07-20 16:19:00,23.06, , , , 
2022-07-20 16:20:00,23.08, , , , 
2022-07-20 16:21:00,23.08, , , , 
2022-07-20 16:22:00,23.11, , , , 
2022-07-20 16:23:00,23.15, , , , 
2022-07-20 16:24:00,23.14, , , , 
2022-07-20 16:25:00,23.16, , , , 
2022-07-20 16:26:00,23.13, , , , 
2022-07-20 16:27:00,23.15, , , , 
2022-07-20 16:28:00,23.14, , , , 
2022-07-20 16:29:00,23.17, , , , 
2022-07-20 16:30:00,23.20, , , , 
2022-07-20 16:31:00,23.27, , , , 
2022-07-20 16:32:00,23.30, , , , 
2022-07-20 16:33:00,23.35, , , , 
2022-07-20 16:34:00,23.36, , , , 
2022-07-20 16:35:00,23.38, , , , 
2022-07-20 16:36:00,23.41, , , , 
2022-07-20 16:37:00,23.44, , , , 
2022-07-20 16:38:00,23.44, , , , 
2022-07-20 16:39:00,23.44, , , , 
2022-07-20 16:40:00,23.45, , , , 
2022-07-20 16:41:00,23.45, , , , 
2022-07-20 16:42:00,23.43, , , , 
2022-07-20 16:43:00,23.42, , , , 
2022-07-20 16:44:00,23.40, , , , 
2022-07-20 16:45:00,23.42, , , , 
2022-07-20 16:46:00,23.42, , , , 
2022-07-20 16:47:00,23.43, , , , 
2022-07-20 16:48:00,23.46, , , , 
2022-07-20 16:49:00,23.50, , , , 
2022-07-20 16:50:00,23.53, , , , 
2022-07-20 16:51:00,23.54, , , , 
2022-07-20 16:52:00,23.54, , , , 
2022-07-20 16:53:00,23.59, , , , 
2022-07-20 16:54:00,23.64, , , , 
2022-07-20 16:55:00,23.65, , , , 
2022-07-20 16:56:00,23.71, , , , 
2022-07-20 16:57:00,23.77, , , , 
2022-07-20 16:58:00,23.76, , , , 
2022-07-20 16:59:00,23.84, , , , 
2022-07-20 17:00:00,23.87, , , , 
2022-07-20 17:01:00,23.94, , , , 
2022-07-20 17:02:00,23.98, , , , 
2022-07-20 17:03:00,24.00, , , , 
2022-07-20 17:04:00,24.06, , , , 
2022-07-20 17:05:00,24.11, , , , 
2022-07-20 17:06:00,24.14, , , , 
2022-07-20 17:07:00,24.19, , , , 
2022-07-20 17:08:00,24.25, , , , 
2022-07-20 17:09:00,24.29, , , , 
2022-07-20 17:10:00,24.34, , , , 
2022-07-20 17:11:00,24.38, , , , 
2022-07-20 17:12:00,24.46, , , , 
2022-07-20 17:13:00,24.50, , , , 
2022-07-20 17:14:00,24.55, , , , 
2022-07-20 17:15:00,24.60, , , , 
2022-07-20 17:16:00,24.68, , , , 
2022-07-20 17:17:00,24.69, , , , 
2022-07-20 17:18:00,24.73, , , , 
2022-07-20 17:19:00,24.79, , , , 
2022-07-20 17:20:00,24.85, , , , 
2022-07-20 17:21:00,24.90, , , , 
2022-07-20 17:22:00,24.94, , , , 
2022-07-20 17:23:00,24.97, , , , 
2022-07-20 17:24:00,25.03, , , , 
2022-07-20 17:25:00,25.10, , , , 
2022-07-20 17:26:00,25.14, , , , 
2022-07-20 17:27:00,25.19, , , , 
2022-07-20 17:28:00,25.24, , , , 
2022-07-20 17:29:00,25.30, , , , 
2022-07-20 17:30:00,25.35, , , , 
2022-07-20 17:31:00,25.38, , , , 
2022-07-20 17:32:00,25.44, , , , 
2022-07-20 17:33:00,25.48, , , , 
2022-07-20 17:34:00,25.51, , , , 
2022-07-20 17:35:00,25.59, , , , 
2022-07-20 17:36:00,25.59, , , , 
2022-07-20 17:37:00,25.64, , , , 
2022-07-20 17:38:00,25.71, , , , 
2022-07-20 17:39:00,25.77, , , , 
2022-07-20 17:40:00,25.81, , , , 
2022-07-20 17:41:00,25.84, , , , 
2022-07-20 17:42:00,25.89, , , , 
2022-07-20 17:43:00,25.92, , , , 
2022-07-20 17:44:00,25.96, , , , 
2022-07-20 17:45:00,25.99, , , , 
2022-07-20 17:46:00,26.02, , , , 
2022-07-20 17:47:00,26.07, , , , 
2022-07-20 17:48:00,26.11, , , , 
2022-07-20 17:49:00,26.16, , , , 
2022-07-20 17:50:00,26.18, , , , 
2022-07-20 17:51:00,26.21, , , , 
2022-07-20 17:52:00,26.28, , , , 
2022-07-20 17:53:00,26.33, , , , 
2022-07-20 17:54:00,26.36, , , , 
2022-07-20 17:55:00,26.38, , , , 
2022-07-20 17:56:00,26.42, , , , 
2022-07-20 17:57:00,26.45, , , , 
2022-07-20 17:58:00,26.46, , , , 
2022-07-20 17:59:00,26.48, , , , 
2022-07-20 18:00:00,26.54, , , , 
2022-07-20 18:01:00,26.56, , , , 
2022-07-20 18:02:00,26.63, , , , 
2022-07-20 18:03:00,26.67, , , , 
2022-07-20 18:04:00,26.69, , , , 
2022-07-20 18:05:00,26.68, , , , 
2022-07-20 18:06:00,26.71, , , , 
2022-07-20 18:07:00,26.75, , , , 
2022-07-20 18:08:00,26.78, , , , 
2022-07-20 18:09:00,26.80, , , , 
2022-07-20 18:10:00,26.80, , , , 
2022-07-20 18:11:00,26.80, , , , 
2022-07-20 18:12:00,26.79, , , , 
2022-07-20 18:13:00,26.79, , , , 
2022-07-20 18:14:00,26.77, , , , 
2022-07-20 18:15:00,26.72, , , , 
2022-07-20 18:16:00,26.67, , , , 
2022-07-20 18:17:00,26.63, , , , 
2022-07-20 18:18:00,26.62, , , , 
2022-07-20 18:19:00,26.56, , , , 
2022-07-20 18:20:00,26.52, , , , 
2022-07-20 18:21:00,26.49, , , , 
2022-07-20 18:22:00,26.45, , , , 
2022-07-20 18:23:00,26.41, , , , 
2022-07-20 18:24:00,26.36, , , , 
2022-07-20 18:25:00,26.34, , , , 
2022-07-20 18:26:00,26.28, , , , 
2022-07-20 18:27:00,26.23, , , , 
2022-07-20 18:28:00,26.20, , , , 
2022-07-20 18:29:00,26.12, , , , 
2022-07-20 18:30:00,26.09, , , , 
2022-07-20 18:31:00,26.02, , , , 
2022-07-20 18:32:00,25.95, , , , 
2022-07-20 18:33:00,25.91, , , , 
2022-07-20 18:34:00,25.82, , , , 
2022-07-20 18:35:00,25.77, , , , 
2022-07-20 18:36:00,25.69, , , , 
2022-07-20 18:37:00,25.66, , , , 
2022-07-20 18:38:00,25.61, , , , 
2022-07-20 18:39:00,25.53, , , , 
2022-07-20 18:40:00,25.50, , , , 
2022-07-20 18:41:00,25.47, , , , 
2022-07-20 18:42:00,25.40, , , , 
2022-07-20 18:43:00,25.32, , , , 
2022-07-20 18:44:00,25.28, , , , 
2022-07-20 18:45:00,25.20, , , , 
2022-07-20 18:46:00,25.14, , , , 
2022-07-20 18:47:00,25.10, , , , 
2022-07-20 18:48:00,25.05, , , , 
2022-07-20 18:49:00,24.98, , , , 
2022-07-20 18:50:00,24.92, , , , 
2022-07-20 18:51:00,24.90, , , , 
2022-07-20 18:52:00,24.80, , , , 
2022-07-20 18:53:00,24.77, , , , 
2022-07-20 18:54:00,24.72, , , , 
2022-07-20 18:55:00,24.69, , , , 
2022-07-20 18:56:00,24.63, , , , 
2022-07-20 18:57:00,24.57, , , , 
2022-07-20 18:58:00,24.51, , , , 
2022-07-20 18:59:00,24.49, , , , 
2022-07-20 19:00:00,24.44, , , , 
2022-07-20 19:01:00,24.40, , , , 
2022-07-20 19:02:00,24.35, , , , 
2022-07-20 19:03:00,24.29, , , , 
2022-07-20 19:04:00,24.27, , , , 
2022-07-20 19:05:00,24.23, , , , 
2022-07-20 19:06:00,24.21, , , , 
2022-07-20 19:07:00,24.19, , , , 
2022-07-20 19:08:00,24.14, , , , 
2022-07-20 19:09:00,24.13, , , , 
2022-07-20 19:10:00,24.09, , , , 
2022-07-20 19:11:00,24.05, , , , 
2022-07-20 19:12:00,24.04, , , , 
2022-07-20 19:13:00,24.00, , , , 
2022-07-20 19:14:00,23.96, , , , 
2022-07-20 19:15:00,23.95, , , , 
2022-07-20 19:16:00,23.92, , , , 
2022-07-20 19:17:00,23.89, , , , 
2022-07-20 19:18:00,23.88, , , , 
2022-07-20 19:19:00,23.85, , , , 
2022-07-20 19:20:00,23.82, , , , 
2022-07-20 19:21:00,23.80, , , , 
2022-07-20 19:22:00,23.77, , , , 
2022-07-20 19:23:00,23.76, , , , 
2022-07-20 19:24:00,23.73, , , , 
2022-07-20 19:25:00,23.70, , , , 
2022-07-20 19:26:00,23.70, , , , 
2022-07-20 19:27:00,23.68, , , , 
2022-07-20 19:28:00,23.62, , , , 
2022-07-20 19:29:00,23.60, , , , 
2022-07-20 19:30:00,23.57, , , , 
2022-07-20 19:31:00,23.56, , , , 
2022-07-20 19:32:00,23.55, , , , 
2022-07-20 19:33:00,23.52, , , , 
2022-07-20 19:34:00,23.50, , , , 
2022-07-20 19:35:00,23.50, , , , 
2022-07-20 19:36:00,23.45, , , , 
2022-07-20 19:37:00,23.43, , , , 
2022-07-20 19:38:00,23.43, , , , 
2022-07-20 19:39:00,23.40, , , , 
2022-07-20 19:40:00,23.36, , , , 
2022-07-20 19:41:00,23.35, , , , 
2022-07-20 19:42:00,23.34, , , , 
2022-07-20 19:43:00,23.32, , , , 
2022-07-20 19:44:00,23.30, , , , 
2022-07-20 19:45:00,23.30, , , , 
2022-07-20 19:46:00,23.27, , , , 
2022-07-20 19:47:00,23.26, , , , 
2022-07-20 19:48:00,23.24, , , , 
2022-07-20 19:49:00,23.23, , , , 
2022-07-20 19:50:00,23.22, , , , 
2022-07-20 19:51:00,23.18, , , , 
2022-07-20 19:52:00,23.18, , , , 
2022-07-20 19:53:00,23.17, , , , 
2022-07-20 19:54:00,23.16, , , , 
2022-07-20 19:55:00,23.13, , , , 
2022-07-20 19:56:00,23.10, , , , 
2022-07-20 19:57:00,23.08, , , , 
2022-07-20 19:58:00,23.08, , , , 
2022-07-20 19:59:00,23.10, , , , 
2022-07-20 20:00:00,23.08, , , , 
2022-07-20 20:01:00,23.06, , , , 
2022-07-20 20:02:00,23.07, , , , 
2022-07-20 20:03:00,23.00, , , , 
2022-07-20 20:04:00,23.03, , , , 
2022-07-20 20:05:00,23.01, , , , 
2022-07-20 20:06:00,23.00, , , , 
2022-07-20 20:07:00,23.00, , , , 
2022-07-20 20:08:00,22.97, , , , 
2022-07-20 20:09:00,22.97, , , , 
2022-07-20 20:10:00,22.95, , , , 
2022-07-20 20:11:00,22.94, , , , 
2022-07-20 20:12:00,22.95, , , , 
2022-07-20 20:13:00,22.94, , , , 
2022-07-20 20:14:00,22.94, , , , 
2022-07-20 20:15:00,22.91, , , , 
2022-07-20 20:16:00,22.88, , , , 
2022-07-20 20:17:00,22.91, , , , 
2022-07-20 20:18:00,22.90, , , , 
2022-07-20 20:19:00,22.90, , , , 
2022-07-20 20:20:00,22.86, , , , 
2022-07-20 20:21:00,22.87, , , , 
2022-07-20 20:22:00,22.86, , , , 
2022-07-20 20:23:00,22.84, , , , 
2022-07-20 20:24:00,22.84, , , , 
2022-07-20 20:25:00,22.83, , , , 
2022-07-20 20:26:00,22.82, , , , 
2022-07-20 20:27:00,22.81, , , , 
2022-07-20 20:28:00,22.80, , , , 
2022-07-20 20:29:00,22.81, , , , 
2022-07-20 20:30:00,22.78, , , , 
2022-07-20 20:31:00,22.80, , , , 
2022-07-20 20:32:00,22.76, , , , 
2022-07-20 20:33:00,22.73, , , , 
2022-07-20 20:34:00,22.72, , , , 
2022-07-20 20:35:00,22.71, , , , 
2022-07-20 20:36:00,22.69, , , , 
2022-07-20 20:37:00,22.68, , , , 
2022-07-20 20:38:00,22.65, , , , 
2022-07-20 20:39:00,22.67, , , , 
2022-07-20 20:40:00,22.67, , , , 
2022-07-20 20:41:00,22.65, , , , 
2022-07-20 20:42:00,22.65, , , , 
2022-07-20 20:43:00,22.65, , , , 
2022-07-20 20:44:00,22.64, , , , 
2022-07-20 20:45:00,22.62, , , , 
2022-07-20 20:46:00,22.60, , , , 
2022-07-20 20:47:00,22.58, , , , 
2022-07-20 20:48:00,22.61, , , , 
2022-07-20 20:49:00,22.58, , , , 
2022-07-20 20:50:00,22.58, , , , 
2022-07-20 20:51:00,22.58, , , , 
2022-07-20 20:52:00,22.55, , , , 
2022-07-20 20:53:00,22.56, , , , 
2022-07-20 20:54:00,22.54, , , , 
2022-07-20 20:55:00,22.54, , , , 
2022-07-20 20:56:00,22.54, , , , 
2022-07-20 20:57:00,22.54, , , , 
2022-07-20 20:58:00,22.54, , , , 
2022-07-20 20:59:00,22.51, , , , 
2022-07-20 21:00:00,22.53, , , , 
2022-07-20 21:01:00,22.53, , , , 
2022-07-20 21:02:00,22.52, , , , 
2022-07-20 21:03:00,22.51, , , , 
2022-07-20 21:04:00,22.50, , , , 
2022-07-20 21:05:00,22.50, , , , 
2022-07-20 21:06:00,22.50, , , , 
2022-07-20 21:07:00,22.48, , , , 
2022-07-20 21:08:00,22.49, , , , 
2022-07-20 21:09:00,22.49, , , , 
2022-07-20 21:10:00,22.48, , , , 
2022-07-20 21:11:00,22.48, , , , 
2022-07-20 21:12:00,22.50, , , , 
2022-07-20 21:13:00,22.47, , , , 
2022-07-20 21:14:00,22.48, , , , 
2022-07-20 21:15:00,22.47, , , , 
2022-07-20 21:16:00,22.48, , , , 
2022-07-20 21:17:00,22.48, , , , 
2022-07-20 21:18:00,22.48, , , , 
2022-07-20 21:19:00,22.47, , , , 
2022-07-20 21:20:00,22.46, , , , 
2022-07-20 21:21:00,22.46, , , , 
2022-07-20 21:22:00,22.46, , , , 
2022-07-20 21:23:00,22.46, , , , 
2022-07-20 21:24:00,22.47, , , , 
2022-07-20 21:25:00,22.44, , , , 
2022-07-20 21:26:00,22.44, , , , 
2022-07-20 21:27:00,22.42, , , , 
2022-07-20 21:28:00,22.42, , , , 
2022-07-20 21:29:00,22.41, , , , 
2022-07-20 21:30:00,22.41, , , , 
2022-07-20 21:31:00,22.41, , , , 
2022-07-20 21:32:00,22.41, , , , 
2022-07-20 21:33:00,22.39, , , , 
2022-07-20 21:34:00,22.40, , , , 
2022-07-20 21:35:00,22.42, , , , 
2022-07-20 21:36:00,22.41, , , , 
2022-07-20 21:37:00,22.40, , , , 
2022-07-20 21:38:00,22.41, , , , 
2022-07-20 21:39:00,22.41, , , , 
2022-07-20 21:40:00,22.39, , , , 
2022-07-20 21:41:00,22.39, , , , 
2022-07-20 21:42:00,22.38, , , , 
2022-07-20 21:43:00,22.39, , , , 
2022-07-20 21:44:00,22.39, , , , 
2022-07-20 21:45:00,22.38, , , , 
2022-07-20 21:46:00,22.37, , , , 
2022-07-20 21:47:00,22.37, , , , 
2022-07-20 21:48:00,22.36, , , , 
2022-07-20 21:49:00,22.35, , , , 
2022-07-20 21:50:00,22.37, , , , 
2022-07-20 21:51:00,22.36, , , , 
2022-07-20 21:52:00,22.36, , , , 
2022-07-20 21:53:00,22.37, , , , 
2022-07-20 21:54:00,22.37, , , , 
2022-07-20 21:55:00,22.35, , , , 
2022-07-20 21:56:00,22.36, , , , 
2022-07-20 21:57:00,22.33, , , , 
2022-07-20 21:58:00,22.35, , , , 
2022-07-20 21:59:00,22.34, , , , 
2022-07-20 22:00:00,22.34, , , , 
2022-07-20 22:01:00,22.34, , , , 
2022-07-20 22:02:00,22.35, , , , 
2022-07-20 22:03:00,22.34, , , , 
2022-07-20 22:04:00,22.35, , , , 
2022-07-20 22:05:00,22.35, , , , 
2022-07-20 22:06:00,22.35, , , , 
2022-07-20 22:07:00,22.35, , , , 
2022-07-20 22:08:00,22.35, , , , 
2022-07-20 22:09:00,22.34, , , , 
2022-07-20 22:10:00,22.33, , , , 
2022-07-20 22:11:00,22.37, , , , 
2022-07-20 22:12:00,22.33, , , , 
2022-07-20 22:13:00,22.32, , , , 
2022-07-20 22:14:00,22.32, , , , 
2022-07-20 22:15:00,22.33, , , , 
2022-07-20 22:16:00,22.34, , , , 
2022-07-20 22:17:00,22.33, , , , 
2022-07-20 22:18:00,22.34, , , , 
2022-07-20 22:19:00,22.31, , , , 
2022-07-20 22:20:00,22.31, , , , 
2022-07-20 22:21:00,22.33, , , , 
2022-07-20 22:22:00,22.32, , , , 
2022-07-20 22:23:00,22.31, , , , 
2022-07-20 22:24:00,22.32, , , , 
2022-07-20 22:25:00,22.29, , , , 
2022-07-20 22:26:00,22.29, , , , 
2022-07-20 22:27:00,22.31, , , , 
2022-07-20 22:28:00,22.32, , , , 
2022-07-20 22:29:00,22.31, , , , 
2022-07-20 22:30:00,22.31, , , , 
2022-07-20 22:31:00,22.29, , , , 
2022-07-20 22:32:00,22.28, , , , 
2022-07-20 22:33:00,22.28, , , , 
2022-07-20 22:34:00,22.29, , , , 
2022-07-20 22:35:00,22.29, , , , 
2022-07-20 22:36:00,22.29, , , , 
2022-07-20 22:37:00,22.28, , , , 
2022-07-20 22:38:00,22.28, , , , 
2022-07-20 22:39:00,22.26, , , , 
2022-07-20 22:40:00,22.27, , , , 
2022-07-20 22:41:00,22.27, , , , 
2022-07-20 22:42:00,22.27, , , , 
2022-07-20 22:43:00,22.26, , , , 
2022-07-20 22:44:00,22.27, , , , 
2022-07-20 22:45:00,22.26, , , , 
2022-07-20 22:46:00,22.27, , , , 
2022-07-20 22:47:00,22.26, , , , 
2022-07-20 22:48:00,22.27, , , , 
2022-07-20 22:49:00,22.25, , , , 
2022-07-20 22:50:00,22.24, , , , 
2022-07-20 22:51:00,22.25, , , , 
2022-07-20 22:52:00,22.27, , , , 
2022-07-20 22:53:00,22.27, , , , 
2022-07-20 22:54:00,22.25, , , , 
2022-07-20 22:55:00,22.24, , , , 
2022-07-20 22:56:00,22.26, , , , 
2022-07-20 22:57:00,22.25, , , , 
2022-07-20 22:58:00,22.23, , , , 
2022-07-20 22:59:00,22.22, , , , 
2022-07-20 23:00:00,22.23, , , , 
2022-07-20 23:01:00,22.23, , , , 
2022-07-20 23:02:00,22.23, , , , 
2022-07-20 23:03:00,22.25, , , , 
2022-07-20 23:04:00,22.22, , , , 
2022-07-20 23:05:00,22.24, , , , 
2022-07-20 23:06:00,22.24, , , , 
2022-07-20 23:07:00,22.21, , , , 
2022-07-20 23:08:00,22.23, , , , 
2022-07-20 23:09:00,22.23, , , , 
2022-07-20 23:10:00,22.22, , , , 
2022-07-20 23:11:00,22.22, , , , 
2022-07-20 23:12:00,22.22, , , , 
2022-07-20 23:13:00,22.22, , , , 
2022-07-20 23:14:00,22.23, , , , 
2022-07-20 23:15:00,22.23, , , , 
2022-07-20 23:16:00,22.21, , , , 
2022-07-20 23:17:00,22.23, , , , 
2022-07-20 23:18:00,22.21, , , , 
2022-07-20 23:19:00,22.22, , , , 
2022-07-20 23:20:00,22.23, , , , 
2022-07-20 23:21:00,22.21, , , , 
2022-07-20 23:22:00,22.21, , , , 
2022-07-20 23:23:00,22.22, , , , 
2022-07-20 23:24:00,22.21, , , , 
2022-07-20 23:25:00,22.21, , , , 
2022-07-20 23:26:00,22.22, , , , 
2022-07-20 23:27:00,22.23, , , , 
2022-07-20 23:28:00,22.20, , , , 
2022-07-20 23:29:00,22.23, , , , 
2022-07-20 23:30:00,22.22, , , , 
2022-07-20 23:31:00,22.21, , , , 
2022-07-20 23:32:00,22.22, , , , 
2022-07-20 23:33:00,22.20, , , , 
2022-07-20 23:34:00,22.22, , , , 
2022-07-20 23:35:00,22.22, , , , 
2022-07-20 23:36:00,22.23, , , , 
2022-07-20 23:37:00,22.23, , , , 
2022-07-20 23:38:00,22.22, , , , 
2022-07-20 23:39:00,22.23, , , , 
2022-07-20 23:40:00,22.22, , , , 
2022-07-20 23:41:00,22.23, , , , 
2022-07-20 23:42:00,22.22, , , , 
2022-07-20 23:43:00,22.22, , , , 
2022-07-20 23:44:00,22.20, , , , 
2022-07-20 23:45:00,22.21, , , , 
2022-07-20 23:46:00,22.21, , , , 
2022-07-20 23:47:00,22.20, , , , 
2022-07-20 23:48:00,22.22, , , , 
2022-07-20 23:49:00,22.23, , , , 
2022-07-20 23:50:00,22.20, , , , 
2022-07-20 23:51:00,22.21, , , , 
2022-07-20 23:52:00,22.20, , , , 
2022-07-20 23:53:00,22.20, , , , 
2022-07-20 23:54:00,22.21, , , , 
2022-07-20 23:55:00,22.20, , , , 
2022-07-20 23:56:00,22.22, , , , 
2022-07-20 23:57:00,22.23, , , , 
2022-07-20 23:58:00,22.23, , , , 
2022-07-20 23:59:00,22.21, , , , 
2022-07-21 00:00:00,22.20, , , , 
2022-07-21 00:01:00,22.23, , , , 
2022-07-21 00:02:00,22.20, , , , 
2022-07-21 00:03:00,22.26, , , , 
2022-07-21 00:04:00,22.27, , , , 
2022-07-21 00:05:00,22.29, , , , 
2022-07-21 00:06:00,22.34, , , , 
2022-07-21 00:07:00,22.39, , , , 
2022-07-21 00:08:00,22.46, , , , 
2022-07-21 00:09:00,22.51, , , , 
2022-07-21 00:10:00,22.55, , , , 
2022-07-21 00:11:00,22.63, , , , 
2022-07-21 00:12:00,22.68, , , , 
2022-07-21 00:13:00,22.76, , , , 
2022-07-21 00:14:00,22.78, , , , 
2022-07-21 00:15:00,22.87, , , , 
2022-07-21 00:16:00,22.92, , , , 
2022-07-21 00:17:00,22.98, , , , 
2022-07-21 00:18:00,23.03, , , , 
2022-07-21 00:19:00,23.10, , , , 
2022-07-21 00:20:00,23.20, , , , 
2022-07-21 00:21:00,23.23, , , , 
2022-07-21 00:22:00,23.30, , , , 
2022-07-21 00:23:00,23.36, , , , 
2022-07-21 00:24:00,23.42, , , , 
2022-07-21 00:25:00,23.47, , , , 
2022-07-21 00:26:00,23.53, , , , 
2022-07-21 00:27:00,23.58, , , , 
2022-07-21 00:28:00,23.66, , , , 
2022-07-21 00:29:00,23.70, , , , 
2022-07-21 00:30:00,23.76, , , , 
2022-07-21 00:31:00,23.82, , , , 
2022-07-21 00:32:00,23.87, , , , 
2022-07-21 00:33:00,23.95, , , , 
2022-07-21 00:34:00,24.00, , , , 
2022-07-21 00:35:00,24.06, , , , 
2022-07-21 00:36:00,24.12, , , , 
2022-07-21 00:37:00,24.17, , , , 
2022-07-21 00:38:00,24.26, , , , 
2022-07-21 00:39:00,24.29, , , , 
2022-07-21 00:40:00,24.34, , , , 
2022-07-21 00:41:00,24.43, , , , 
2022-07-21 00:42:00,24.44, , , , 
2022-07-21 00:43:00,24.53, , , , 
2022-07-21 00:44:00,24.59, , , , 
2022-07-21 00:45:00,24.66, , , , 
2022-07-21 00:46:00,24.72, , , , 
2022-07-21 00:47:00,24.77, , , , 
2022-07-21 00:48:00,24.83, , , , 
2022-07-21 00:49:00,24.89, , , , 
2022-07-21 00:50:00,24.94, , , , 
2022-07-21 00:51:00,25.00, , , , 
2022-07-21 00:52:00,25.06, , , , 
2022-07-21 00:53:00,25.08, , , , 
2022-07-21 00:54:00,25.09, , , , 
2022-07-21 00:55:00,25.08, , , , 
2022-07-21 00:56:00,25.07, , , , 
2022-07-21 00:57:00,25.06, , , , 
2022-07-21 00:58:00,25.05, , , , 
2022-07-21 00:59:00,25.03, , , , 
2022-07-21 01:00:00,25.05, , , , 
2022-07-21 01:01:00,25.04, , , , 
2022-07-21 01:02:00,25.02, , , , 
2022-07-21 01:03:00,25.03, , , , 
2022-07-21 01:04:00,25.00, , , , 
2022-07-21 01:05:00,25.01, , , , 
2022-07-21 01:06:00,25.00, , , , 
2022-07-21 01:07:00,24.99, , , , 
2022-07-21 01:08:00,24.98, , , , 
2022-07-21 01:09:00,24.95, , , , 
2022-07-21 01:10:00,24.95, , , , 
2022-07-21 01:11:00,24.93, , , , 
2022-07-21 01:12:00,24.90, , , , 
2022-07-21 01:13:00,24.93, , , , 
2022-07-21 01:14:00,24.90, , , , 
2022-07-21 01:15:00,24.88, , , , 
2022-07-21 01:16:00,24.89, , , , 
2022-07-21 01:17:00,24.87, , , , 
2022-07-21 01:18:00,24.87, , , , 
2022-07-21 01:19:00,24.86, , , , 
2022-07-21 01:20:00,24.87, , , , 
2022-07-21 01:21:00,24.86, , , , 
2022-07-21 01:22:00,24.87, , , , 
2022-07-21 01:23:00,24.89, , , , 
2022-07-21 01:24:00,24.88, , , , 
2022-07-21 01:25:00,24.92, , , , 
2022-07-21 01:26:00,24.93, , , , 
2022-07-21 01:27:00,24.93, , , , 
2022-07-21 01:28:00,24.97, , , , 
2022-07-21 01:29:00,24.99, , , , 
2022-07-21 01:30:00,25.03, , , , 
2022-07-21 01:31:00,25.04, , , , 
2022-07-21 01:32:00,25.06, , , , 
2022-07-21 01:33:00,25.10, , , , 
2022-07-21 01:34:00,25.14, , , , 
2022-07-21 01:35:00,25.15, , , , 
2022-07-21 01:36:00,25.18, , , , 
2022-07-21 01:37:00,25.22, , , , 
2022-07-21 01:38:00,25.24, , , , 
2022-07-21 01:39:00,25.27, , , , 
2022-07-21 01:40:00,25.31, , , , 
2022-07-21 01:41:00,25.35, , , , 
2022-07-21 01:42:00,25.37, , , , 
2022-07-21 01:43:00,25.43, , , , 
2022-07-21 01:44:00,25.45, , , , 
2022-07-21 01:45:00,25.47, , , , 
2022-07-21 01:46:00,25.53, , , , 
2022-07-21 01:47:00,25.57, , , , 
2022-07-21 01:48:00,25.60, , , , 
2022-07-21 01:49:00,25.65, , , , 
2022-07-21 01:50:00,25.66, , , , 
2022-07-21 01:51:00,25.71, , , , 
2022-07-21 01:52:00,25.74, , , , 
2022-07-21 01:53:00,25.78, , , , 
2022-07-21 01:54:00,25.79, , , , 
2022-07-21 01:55:00,25.83, , , , 
2022-07-21 01:56:00,25.87, , , , 
2022-07-21 01:57:00,25.91, , , , 
2022-07-21 01:58:00,25.97, , , , 
2022-07-21 01:59:00,26.01, , , , 
2022-07-21 02:00:00,26.05, , , , 
2022-07-21 02:01:00,26.09, , , , 
2022-07-21 02:02:00,26.11, , , , 
2022-07-21 02:03:00,26.13, , , , 
2022-07-21 02:04:00,26.20, , , , 
2022-07-21 02:05:00,26.22, , , , 
2022-07-21 02:06:00,26.24, , , , 
2022-07-21 02:07:00,26.30, , , , 
2022-07-21 02:08:00,26.33, , , , 
2022-07-21 02:09:00,26.36, , , , 
2022-07-21 02:10:00,26.38, , , , 
2022-07-21 02:11:00,26.41, , , , 
2022-07-21 02:12:00,26.43, , , , 
2022-07-21 02:13:00,26.46, , , , 
2022-07-21 02:14:00,26.46, , , , 
2022-07-21 02:15:00,26.50, , , , 
2022-07-21 02:16:00,26.50, , , , 
2022-07-21 02:17:00,26.53, , , , 
2022-07-21 02:18:00,26.54, , , , 
2022-07-21 02:19:00,26.55, , , , 
2022-07-21 02:20:00,26.55, , , , 
2022-07-21 02:21:00,26.57, , , , 
2022-07-21 02:22:00,26.56, , , , 
2022-07-21 02:23:00,26.56, , , , 
2022-07-21 02:24:00,26.58, , , , 
2022-07-21 02:25:00,26.60, , , , 
2022-07-21 02:26:00,26.62, , , , 
2022-07-21 02:27:00,26.62, , , , 
2022-07-21 02:28:00,26.61, , , , 
2022-07-21 02:29:00,26.63, , , , 
2022-07-21 02:30:00,26.61, , , , 
2022-07-21 02:31:00,26.63, , , , 
2022-07-21 02:32:00,26.62, , , , 
2022-07-21 02:33:00,26.61, , , , 
2022-07-21 02:34:00,26.63, , , , 
2022-07-21 02:35:00,26.64, , , , 
2022-07-21 02:36:00,26.62, , , , 
2022-07-21 02:37:00,26.63, , , , 
2022-07-21 02:38:00,26.63, , , , 
2022-07-21 02:39:00,26.63, , , , 
2022-07-21 02:40:00,26.64, , , , 
2022-07-21 02:41:00,26.63, , , , 
2022-07-21 02:42:00,26.61, , , , 
2022-07-21 02:43:00,26.61, , , , 
2022-07-21 02:44:00,26.61, , , , 
2022-07-21 02:45:00,26.61, , , , 
2022-07-21 02:46:00,26.62, , , , 
2022-07-21 02:47:00,26.57, , , , 
2022-07-21 02:48:00,26.61, , , , 
2022-07-21 02:49:00,26.61, , , , 
2022-07-21 02:50:00,26.60, , , , 
2022-07-21 02:51:00,26.58, , , , 
2022-07-21 02:52:00,26.62, , , , 
2022-07-21 02:53:00,26.62, , , , 
2022-07-21 02:54:00,26.63, , , , 
2022-07-21 02:55:00,26.60, , , , 
2022-07-21 02:56:00,26.61, , , , 
2022-07-21 02:57:00,26.61, , , , 
2022-07-21 02:58:00,26.62, , , , 
2022-07-21 02:59:00,26.61, , , , 
2022-07-21 03:00:00,26.62, , , , 
2022-07-21 03:01:00,26.60, , , , 
2022-07-21 03:02:00,26.62, , , , 
2022-07-21 03:03:00,26.62, , , , 
2022-07-21 03:04:00,26.62, , , , 
2022-07-21 03:05:00,26.61, , , , 
2022-07-21 03:06:00,26.62, , , , 
2022-07-21 03:07:00,26.62, , , , 
2022-07-21 03:08:00,26.64, , , , 
2022-07-21 03:09:00,26.62, , , , 
2022-07-21 03:10:00,26.61, , , , 
2022-07-21 03:11:00,26.62, , , , 
2022-07-21 03:12:00,26.61, , , , 
2022-07-21 03:13:00,26.63, , , , 
2022-07-21 03:14:00,26.63, , , , 
2022-07-21 03:15:00,26.62, , , , 
2022-07-21 03:16:00,26.63, , , , 
2022-07-21 03:17:00,26.61, , , , 
2022-07-21 03:18:00,26.62, , , , 
2022-07-21 03:19:00,26.63, , , , 
2022-07-21 03:20:00,26.63, , , , 
2022-07-21 03:21:00,26.64, , , , 
2022-07-21 03:22:00,26.63, , , , 
2022-07-21 03:23:00,26.65, , , , 
2022-07-21 03:24:00,26.64, , , , 
2022-07-21 03:25:00,26.64, , , , 
2022-07-21 03:26:00,26.65, , , , 
2022-07-21 03:27:00,26.67, , , , 
2022-07-21 03:28:00,26.65, , , , 
2022-07-21 03:29:00,26.65, , , , 
2022-07-21 03:30:00,26.64, , , , 
2022-07-21 03:31:00,26.65, , , , 
2022-07-21 03:32:00,26.63, , , , 
2022-07-21 03:33:00,26.64, , , , 
2022-07-21 03:34:00,26.64, , , , 
2022-07-21 03:35:00,26.64, , , , 
2022-07-21 03:36:00,26.66, , , , 
2022-07-21 03:37:00,26.64, , , , 
2022-07-21 03:38:00,26.64, , , , 
2022-07-21 03:39:00,26.64, , , , 
2022-07-21 03:40:00,26.62, , , , 
2022-07-21 03:41:00,26.63, , , , 
2022-07-21 03:42:00,26.63, , , , 
2022-07-21 03:43:00,26.64, , , , 
2022-07-21 03:44:00,26.66, , , , 
2022-07-21 03:45:00,26.64, , , , 
2022-07-21 03:46:00,26.65, , , , 
2022-07-21 03:47:00,26.64, , , , 
2022-07-21 03:48:00,26.64, , , , 
2022-07-21 03:49:00,26.65, , , , 
2022-07-21 03:50:00,26.63, , , , 
2022-07-21 03:51:00,26.64, , , , 
2022-07-21 03:52:00,26.63, , , , 
2022-07-21 03:53:00,26.63, , , , 
2022-07-21 03:54:00,26.64, , , , 
2022-07-21 03:55:00,26.65, , , , 
2022-07-21 03:56:00,26.61, , , , 
2022-07-21 03:57:00,26.65, , , , 
2022-07-21 03:58:00,26.61, , , , 
2022-07-21 03:59:00,26.63, , , , 
2022-07-21 04:00:00,26.63, , , , 
2022-07-21 04:01:00,26.64, , , , 
2022-07-21 04:02:00,26.62, , , , 
2022-07-21 04:03:00,26.62, , , , 
2022-07-21 04:04:00,26.61, , , , 
2022-07-21 04:05:00,26.64, , , , 
2022-07-21 04:06:00,26.62, , , , 
2022-07-21 04:07:00,26.64, , , , 
2022-07-21 04:08:00,26.63, , , , 
2022-07-21 04:09:00,26.63, , , , 
2022-07-21 04:10:00,26.63, , , , 
2022-07-21 04:11:00,26.65, , , , 
2022-07-21 04:12:00,26.61, , , , 
2022-07-21 04:13:00,26.63, , , , 
2022-07-21 04:14:00,26.62, , , , 
2022-07-21 04:15:00,26.63, , , , 
2022-07-21 04:16:00,26.64, , , , 
2022-07-21 04:17:00,26.65, , , , 
2022-07-21 04:18:00,26.66, , , , 
2022-07-21 04:19:00,26.61, , , , 
2022-07-21 04:20:00,26.65, , , , 
2022-07-21 04:21:00,26.64, , , , 
2022-07-21 04:22:00,26.67, , , , 
2022-07-21 04:23:00,26.65, , , , 
2022-07-21 04:24:00,26.68, , , , 
2022-07-21 04:25:00,26.66, , , , 
2022-07-21 04:26:00,26.64, , , , 
2022-07-21 04:27:00,26.65, , , , 
2022-07-21 04:28:00,26.66, , , , 
2022-07-21 04:29:00,26.67, , , , 
2022-07-21 04:30:00,26.68, , , , 
2022-07-21 04:31:00,26.67, , , , 
2022-07-21 04:32:00,26.67, , , , 
2022-07-21 04:33:00,26.68, , , , 
2022-07-21 04:34:00,26.69, , , , 
2022-07-21 04:35:00,26.69, , , , 
2022-07-21 04:36:00,26.67, , , , 
2022-07-21 04:37:00,26.67, , , , 
2022-07-21 04:38:00,26.67, , , , 
2022-07-21 04:39:00,26.67, , , , 
2022-07-21 04:40:00,26.68, , , , 
2022-07-21 04:41:00,26.67, , , , 
2022-07-21 04:42:00,26.67, , , , 
2022-07-21 04:43:00,26.69, , , , 
2022-07-21 04:44:00,26.67, , , , 
2022-07-21 04:45:00,26.66, , , , 
2022-07-21 04:46:00,26.67, , , , 
2022-07-21 04:47:00,26.68, , , , 
2022-07-21 04:48:00,26.69, , , , 
2022-07-21 04:49:00,26.69, , , , 
2022-07-21 04:50:00,26.67, , , , 
2022-07-21 04:51:00,26.70, , , , 
2022-07-21 04:52:00,26.69, , , , 
2022-07-21 04:53:00,26.71, , , , 
2022-07-21 04:54:00,26.72, , , , 
2022-07-21 04:55:00,26.67, , , , 
2022-07-21 04:56:00,26.70, , , , 
2022-07-21 04:57:00,26.70, , , , 
2022-07-21 04:58:00,26.69, , , , 
2022-07-21 04:59:00,26.68, , , , 
2022-07-21 05:00:00,26.70, , , , 
2022-07-21 05:01:00,26.68, , , , 
2022-07-21 05:02:00,26.69, , , , 
2022-07-21 05:03:00,26.68, , , , 
2022-07-21 05:04:00,26.68, , , , 
2022-07-21 05:05:00,26.69, , , , 
2022-07-21 05:06:00,26.69, , , , 
2022-07-21 05:07:00,26.69, , , , 
2022-07-21 05:08:00,26.69, , , , 
2022-07-21 05:09:00,26.68, , , , 
2022-07-21 05:10:00,26.69, , , , 
2022-07-21 05:11:00,26.70, , , , 
2022-07-21 05:12:00,26.71, , , , 
2022-07-21 05:13:00,26.70, , , , 
2022-07-21 05:14:00,26.69, , , , 
2022-07-21 05:15:00,26.69, , , , 
2022-07-21 05:16:00,26.68, , , , 
2022-07-21 05:17:00,26.69, , , , 
2022-07-21 05:18:00,26.69, , , , 
2022-07-21 05:19:00,26.71, , , , 
2022-07-21 05:20:00,26.70, , , , 
2022-07-21 05:21:00,26.72, , , , 
2022-07-21 05:22:00,26.71, , , , 
2022-07-21 05:23:00,26.71, , , , 
2022-07-21 05:24:00,26.69, , , , 
2022-07-21 05:25:00,26.70, , , , 
2022-07-21 05:26:00,26.69, , , , 
2022-07-21 05:27:00,26.69, , , , 
2022-07-21 05:28:00,26.71, , , , 
2022-07-21 05:29:00,26.72, , , , 
2022-07-21 05:30:00,26.69, , , , 
2022-07-21 05:31:00,26.70, , , , 
2022-07-21 05:32:00,26.69, , , , 
2022-07-21 05:33:00,26.69, , , , 
2022-07-21 05:34:00,26.71, , , , 
2022-07-21 05:35:00,26.70, , , , 
2022-07-21 05:36:00,26.70, , , , 
2022-07-21 05:37:00,26.69, , , , 
2022-07-21 05:38:00,26.70, , , , 
2022-07-21 05:39:00,26.69, , , , 
2022-07-21 05:40:00,26.69, , , , 
2022-07-21 05:41:00,26.70, , , , 
2022-07-21 05:42:00,26.69, , , , 
2022-07-21 05:43:00,26.70, , , , 
2022-07-21 05:44:00,26.69, , , , 
2022-07-21 05:45:00,26.71, , , , 
2022-07-21 05:46:00,26.71, , , , 
2022-07-21 05:47:00,26.69, , , , 
2022-07-21 05:48:00,26.71, , , , 
2022-07-21 05:49:00,26.71, , , , 
2022-07-21 05:50:00,26.71, , , , 
2022-07-21 05:51:00,26.72, , , , 
2022-07-21 05:52:00,26.70, , , , 
2022-07-21 05:53:00,26.71, , , , 
2022-07-21 05:54:00,26.69, , , , 
2022-07-21 05:55:00,26.71, , , , 
2022-07-21 05:56:00,26.70, , , , 
2022-07-21 05:57:00,26.69, , , , 
2022-07-21 05:58:00,26.68, , , , 
2022-07-21 05:59:00,26.70, , , , 
2022-07-21 06:00:00,26.69, , , , 
2022-07-21 06:01:00,26.68, , , , 
2022-07-21 06:02:00,26.67, , , , 
2022-07-21 06:03:00,26.68, , , , 
2022-07-21 06:04:00,26.66, , , , 
2022-07-21 06:05:00,26.66, , , , 
2022-07-21 06:06:00,26.66, , , , 
2022-07-21 06:07:00,26.64, , , , 
2022-07-21 06:08:00,26.64, , , , 
2022-07-21 06:09:00,26.61, , , , 
2022-07-21 06:10:00,26.58, , , , 
2022-07-21 06:11:00,26.55, , , , 
2022-07-21 06:12:00,26.53, , , , 
2022-07-21 06:13:00,26.49, , , , 
2022-07-21 06:14:00,26.47, , , , 
2022-07-21 06:15:00,26.42, , , , 
2022-07-21 06:16:00,26.39, , , , 
2022-07-21 06:17:00,26.36, , , , 
2022-07-21 06:18:00,26.34, , , , 
2022-07-21 06:19:00,26.32, , , , 
2022-07-21 06:20:00,26.28, , , , 
2022-07-21 06:21:00,26.25, , , , 
2022-07-21 06:22:00,26.24, , , , 
2022-07-21 06:23:00,26.20, , , , 
2022-07-21 06:24:00,26.16, , , , 
2022-07-21 06:25:00,26.12, , , , 
2022-07-21 06:26:00,26.11, , , , 
2022-07-21 06:27:00,26.05, , , , 
2022-07-21 06:28:00,25.98, , , , 
2022-07-21 06:29:00,25.99, , , , 
2022-07-21 06:30:00,25.91, , , , 
2022-07-21 06:31:00,25.87, , , , 
2022-07-21 06:32:00,25.80, , , , 
2022-07-21 06:33:00,25.76, , , , 
2022-07-21 06:34:00,25.69, , , , 
2022-07-21 06:35:00,25.64, , , , 
2022-07-21 06:36:00,25.59, , , , 
2022-07-21 06:37:00,25.53, , , , 
2022-07-21 06:38:00,25.47, , , , 
2022-07-21 06:39:00,25.42, , , , 
2022-07-21 06:40:00,25.36, , , , 
2022-07-21 06:41:00,25.31, , , , 
2022-07-21 06:42:00,25.23, , , , 
2022-07-21 06:43:00,25.19, , , , 
2022-07-21 06:44:00,25.13, , , , 
2022-07-21 06:45:00,25.10, , , , 
2022-07-21 06:46:00,25.03, , , , 
2022-07-21 06:47:00,24.97, , , , 
2022-07-21 06:48:00,24.93, , , , 
2022-07-21 06:49:00,24.89, , , , 
2022-07-21 06:50:00,24.85, , , , 
2022-07-21 06:51:00,24.82, , , , 
2022-07-21 06:52:00,24.78, , , , 
2022-07-21 06:53:00,24.74, , , , 
2022-07-21 06:54:00,24.72, , , , 
2022-07-21 06:55:00,24.68, , , , 
2022-07-21 06:56:00,24.68, , , , 
2022-07-21 06:57:00,24.68, , , , 
2022-07-21 06:58:00,24.71, , , , 
2022-07-21 06:59:00,24.74, , , , 
2022-07-21 07:00:00,24.73, , , , 
2022-07-21 07:01:00,24.70, , , , 
2022-07-21 07:02:00,24.68, , , , 
2022-07-21 07:03:00,24.64, , , , 
2022-07-21 07:04:00,24.62, , , , 
2022-07-21 07:05:00,24.58, , , , 
2022-07-21 07:06:00,24.55, , , , 
2022-07-21 07:07:00,24.53, , , , 
2022-07-21 07:08:00,24.49, , , , 
2022-07-21 07:09:00,24.46, , , , 
2022-07-21 07:10:00,24.44, , , , 
2022-07-21 07:11:00,24.41, , , , 
2022-07-21 07:12:00,24.38, , , , 
2022-07-21 07:13:00,24.34, , , , 
2022-07-21 07:14:00,24.30, , , , 
2022-07-21 07:15:00,24.29, , , , 
2022-07-21 07:16:00,24.26, , , , 
2022-07-21 07:17:00,24.24, , , , 
2022-07-21 07:18:00,24.19, , , , 
2022-07-21 07:19:00,24.16, , , , 
2022-07-21 07:20:00,24.12, , , , 
2022-07-21 07:21:00,24.10, , , , 
2022-07-21 07:22:00,24.08, , , , 
2022-07-21 07:23:00,24.04, , , , 
2022-07-21 07:24:00,24.00, , , , 
2022-07-21 07:25:00,23.98, , , , 
2022-07-21 07:26:00,23.98, , , , 
2022-07-21 07:27:00,23.94, , , , 
2022-07-21 07:28:00,23.90, , , , 
2022-07-21 07:29:00,23.88, , , , 
2022-07-21 07:30:00,23.86, , , , 
2022-07-21 07:31:00,23.81, , , , 
2022-07-21 07:32:00,23.81, , , , 
2022-07-21 07:33:00,23.76, , , , 
2022-07-21 07:34:00,23.76, , , , 
2022-07-21 07:35:00,23.74, , , , 
2022-07-21 07:36:00,23.72, , , , 
2022-07-21 07:37:00,23.68, , , , 
2022-07-21 07:38:00,23.69, , , , 
2022-07-21 07:39:00,23.64, , , , 
2022-07-21 07:40:00,23.59, , , , 
2022-07-21 07:41:00,23.58, , , , 
2022-07-21 07:42:00,23.56, , , , 
2022-07-21 07:43:00,23.54, , , , 
2022-07-21 07:44:00,23.51, , , , 
2022-07-21 07:45:00,23.50, , , , 
2022-07-21 07:46:00,23.45, , , , 
2022-07-21 07:47:00,23.45, , , , 
2022-07-21 07:48:00,23.42, , , , 
2022-07-21 07:49:00,23.41, , , , 
2022-07-21 07:50:00,23.38, , , , 
2022-07-21 07:51:00,23.36, , , , 
2022-07-21 07:52:00,23.34, , , , 
2022-07-21 07:53:00,23.32, , , , 
2022-07-21 07:54:00,23.30, , , , 
2022-07-21 07:55:00,23.29, , , , 
2022-07-21 07:56:00,23.28, , , , 
2022-07-21 07:57:00,23.23, , , , 
2022-07-21 07:58:00,23.26, , , , 
2022-07-21 07:59:00,23.22, , , , 
2022-07-21 08:00:00,23.20, , , , 
2022-07-21 08:01:00,23.18, , , , 
2022-07-21 08:02:00,23.16, , , , 
2022-07-21 08:03:00,23.14, , , , 
2022-07-21 08:04:00,23.15, , , , 
2022-07-21 08:05:00,23.15, , , , 
2022-07-21 08:06:00,23.13, , , , 
2022-07-21 08:07:00,23.11, , , , 
2022-07-21 08:08:00,23.09, , , , 
2022-07-21 08:09:00,23.07, , , , 
2022-07-21 08:10:00,23.07, , , , 
2022-07-21 08:11:00,23.06, , , , 
2022-07-21 08:12:00,23.05, , , , 
2022-07-21 08:13:00,23.02, , , , 
2022-07-21 08:14:00,23.02, , , , 
2022-07-21 08:15:00,23.03, , , , 
2022-07-21 08:16:00,23.01, , , , 
2022-07-21 08:17:00,23.00, , , , 
2022-07-21 08:18:00,22.98, , , , 
2022-07-21 08:19:00,22.97, , , , 
2022-07-21 08:20:00,22.94, , , , 
2022-07-21 08:21:00,22.94, , , , 
2022-07-21 08:22:00,22.93, , , , 
2022-07-21 08:23:00,22.95, , , , 
2022-07-21 08:24:00,22.94, , , , 
2022-07-21 08:25:00,22.92, , , , 
2022-07-21 08:26:00,22.92, , , , 
2022-07-21 08:27:00,22.90, , , , 
2022-07-21 08:28:00,22.87, , , , 
2022-07-21 08:29:00,22.87, , , , 
2022-07-21 08:30:00,22.87, , , , 
2022-07-21 08:31:00,22.87, , , , 
2022-07-21 08:32:00,22.86, , , , 
2022-07-21 08:33:00,22.83, , , , 
2022-07-21 08:34:00,22.81, , , , 
2022-07-21 08:35:00,22.81, , , , 
2022-07-21 08:36:00,22.80, , , , 
2022-07-21 08:37:00,22.78, , , , 
2022-07-21 08:38:00,22.80, , , , 
2022-07-21 08:39:00,22.77, , , , 
2022-07-21 08:40:00,22.77, , , , 
2022-07-21 08:41:00,22.75, , , , 
2022-07-21 08:42:00,22.72, , , , 
2022-07-21 08:43:00,22.73, , , , 
2022-07-21 08:44:00,22.72, , , , 
2022-07-21 08:45:00,22.70, , , , 
2022-07-21 08:46:00,22.70, , , , 
2022-07-21 08:47:00,22.70, , , , 
2022-07-21 08:48:00,22.68, , , , 
2022-07-21 08:49:00,22.70, , , , 
2022-07-21 08:50:00,22.68, , , , 
2022-07-21 08:51:00,22.67, , , , 
2022-07-21 08:52:00,22.66, , , , 
2022-07-21 08:53:00,22.67, , , , 
2022-07-21 08:54:00,22.68, , , , 
2022-07-21 08:55:00,22.66, , , , 
2022-07-21 08:56:00,22.66, , , , 
2022-07-21 08:57:00,22.66, , , , 
2022-07-21 08:58:00,22.65, , , , 
2022-07-21 08:59:00,22.65, , , , 
2022-07-21 09:00:00,22.64, , , , 
2022-07-21 09:01:00,22.63, , , , 
2022-07-21 09:02:00,22.63, , , , 
2022-07-21 09:03:00,22.61, , , , 
2022-07-21 09:04:00,22.62, , , , 
2022-07-21 09:05:00,22.62, , , , 
2022-07-21 09:06:00,22.58, , , , 
2022-07-21 09:07:00,22.62, , , , 
2022-07-21 09:08:00,22.63, , , , 
2022-07-21 09:09:00,22.61, , , , 
2022-07-21 09:10:00,22.61, , , , 
2022-07-21 09:11:00,22.60, , , , 
2022-07-21 09:11:01, ,Logged, , , 
2022-07-21 09:12:00,22.61, , , , 
2022-07-21 09:13:00,22.62, , , , 
2022-07-21 09:14:00,22.60, , , , 
2022-07-21 09:15:00,22.58, , , , 
2022-07-21 09:16:00,22.58, , , , 
2022-07-21 09:17:00,22.57, , , , 
2022-07-21 09:18:00,22.56, , , , 
2022-07-21 09:19:00,22.58, , , , 
2022-07-21 09:20:00,22.54, , , , 
2022-07-21 09:21:00,22.58, , , , 
2022-07-21 09:22:00,22.54, , , , 
2022-07-21 09:23:00,22.55, , , , 
2022-07-21 09:24:00,22.56, , , , 
2022-07-21 09:25:00,22.56, , , , 
2022-07-21 09:26:00,22.56, , , , 
2022-07-21 09:27:00,22.56, , , , 
2022-07-21 09:28:00,22.55, , , , 
2022-07-21 09:29:00,22.54, , , , 
2022-07-21 09:30:00,22.53, , , , 
2022-07-21 09:31:00,22.52, , , , 
2022-07-21 09:32:00,22.52, , , , 
2022-07-21 09:33:00,22.51, , , , 
2022-07-21 09:34:00,22.50, , , , 
2022-07-21 09:35:00,22.49, , , , 
2022-07-21 09:36:00,22.48, , , , 
2022-07-21 09:37:00,22.44, , , , 
2022-07-21 09:38:00,22.44, , , , 
2022-07-21 09:39:00,22.43, , , , 
2022-07-21 09:40:00,22.39, , , , 
2022-07-21 09:41:00,22.41, , , , 
2022-07-21 09:42:00,22.39, , , , 
2022-07-21 09:43:00,22.38, , , , 
2022-07-21 09:44:00,22.37, , , , 
2022-07-21 09:45:00,22.35, , , , 
2022-07-21 09:46:00,22.35, , , , 
2022-07-21 09:47:00,22.33, , , , 
2022-07-21 09:48:00,22.33, , , , 
2022-07-21 09:49:00,22.32, , , , 
2022-07-21 09:50:00,22.29, , , , 
2022-07-21 09:51:00,22.27, , , , 
2022-07-21 09:52:00,22.27, , , , 
2022-07-21 09:53:00,22.27, , , , 
2022-07-21 09:54:00,22.27, , , , 
2022-07-21 09:55:00,22.23, , , , 
2022-07-21 09:56:00,22.24, , , , 
2022-07-21 09:57:00,22.22, , , , 
2022-07-21 09:58:00,22.21, , , , 
2022-07-21 09:59:00,22.22, , , , 
2022-07-21 10:00:00,22.19, , , , 
2022-07-21 10:01:00,22.20, , , , 
2022-07-21 10:02:00,22.18, , , , 
2022-07-21 10:03:00,22.17, , , , 
2022-07-21 10:04:00,22.17, , , , 
2022-07-21 10:05:00,22.14, , , , 
2022-07-21 10:06:00,22.14, , , , 
2022-07-21 10:07:00,22.13, , , , 
2022-07-21 10:08:00,22.13, , , , 
2022-07-21 10:09:00,22.11, , , , 
2022-07-21 10:10:00,22.11, , , , 
2022-07-21 10:11:00,22.10, , , , 
2022-07-21 10:12:00,22.11, , , , 
2022-07-21 10:13:00,22.09, , , , 
2022-07-21 10:14:00,22.08, , , , 
2022-07-21 10:15:00,22.09, , , , 
2022-07-21 10:16:00,22.08, , , , 
2022-07-21 10:17:00,22.05, , , , 
2022-07-21 10:18:00,22.07, , , , 
2022-07-21 10:19:00,22.04, , , , 
2022-07-21 10:20:00,22.04, , , , 
2022-07-21 10:21:00,22.04, , , , 
2022-07-21 10:22:00,22.03, , , , 
2022-07-21 10:23:00,22.01, , , , 
2022-07-21 10:24:00,22.01, , , , 
2022-07-21 10:25:00,21.99, , , , 
2022-07-21 10:26:00,21.99, , , , 
2022-07-21 10:27:00,21.97, , , , 
2022-07-21 10:28:00,21.97, , , , 
2022-07-21 10:29:00,21.98, , , , 
2022-07-21 10:30:00,21.96, , , , 
2022-07-21 10:31:00,21.96, , , , 
2022-07-21 10:32:00,21.96, , , , 
2022-07-21 10:33:00,21.94, , , , 
2022-07-21 10:34:00,21.96, , , , 
2022-07-21 10:35:00,21.94, , , , 
2022-07-21 10:36:00,21.93, , , , 
2022-07-21 10:37:00,21.93, , , , 
2022-07-21 10:38:00,21.92, , , , 
2022-07-21 10:39:00,21.93, , , , 
2022-07-21 10:40:00,21.92, , , , 
2022-07-21 10:41:00,21.90, , , , 
2022-07-21 10:42:00,21.90, , , , 
2022-07-21 10:43:00,21.90, , , , 
2022-07-21 10:44:00,21.88, , , , 
2022-07-21 10:45:00,21.88, , , , 
2022-07-21 10:46:00,21.88, , , , 
2022-07-21 10:47:00,21.85, , , , 
2022-07-21 10:48:00,21.85, , , , 
2022-07-21 10:49:00,21.85, , , , 
2022-07-21 10:50:00,21.84, , , , 
2022-07-21 10:51:00,21.83, , , , 
2022-07-21 10:52:00,21.80, , , , 
2022-07-21 10:53:00,21.82, , , , 
2022-07-21 10:54:00,21.80, , , , 
2022-07-21 10:55:00,21.79, , , , 
2022-07-21 10:56:00,21.80, , , , 
2022-07-21 10:57:00,21.79, , , , 
2022-07-21 10:58:00,21.79, , , , 
2022-07-21 10:59:00,21.79, , , , 
2022-07-21 11:00:00,21.79, , , , 
2022-07-21 11:01:00,21.79, , , , 
2022-07-21 11:02:00,21.78, , , , 
2022-07-21 11:03:00,21.78, , , , 
2022-07-21 11:04:00,21.78, , , , 
2022-07-21 11:05:00,21.77, , , , 
2022-07-21 11:06:00,21.76, , , , 
2022-07-21 11:07:00,21.76, , , , 
2022-07-21 11:08:00,21.76, , , , 
2022-07-21 11:09:00,21.74, , , , 
2022-07-21 11:10:00,21.75, , , , 
2022-07-21 11:11:00,21.76, , , , 
2022-07-21 11:12:00,21.74, , , , 
2022-07-21 11:13:00,21.72, , , , 
2022-07-21 11:14:00,21.73, , , , 
2022-07-21 11:15:00,21.73, , , , 
2022-07-21 11:16:00,21.73, , , , 
2022-07-21 11:17:00,21.72, , , , 
2022-07-21 11:18:00,21.69, , , , 
2022-07-21 11:19:00,21.70, , , , 
2022-07-21 11:20:00,21.70, , , , 
2022-07-21 11:21:00,21.69, , , , 
2022-07-21 11:22:00,21.69, , , , 
2022-07-21 11:23:00,21.68, , , , 
2022-07-21 11:24:00,21.67, , , , 
2022-07-21 11:25:00,21.68, , , , 
2022-07-21 11:26:00,21.66, , , , 
2022-07-21 11:27:00,21.65, , , , 
2022-07-21 11:28:00,21.65, , , , 
2022-07-21 11:29:00,21.64, , , , 
2022-07-21 11:30:00,21.63, , , , 
2022-07-21 11:31:00,21.62, , , , 
2022-07-21 11:32:00,21.62, , , , 
2022-07-21 11:33:00,21.60, , , , 
2022-07-21 11:34:00,21.63, , , , 
2022-07-21 11:35:00,21.61, , , , 
2022-07-21 11:36:00,21.62, , , , 
2022-07-21 11:37:00,21.61, , , , 
2022-07-21 11:38:00,21.61, , , , 
2022-07-21 11:39:00,21.59, , , , 
2022-07-21 11:40:00,21.57, , , , 
2022-07-21 11:41:00,21.57, , , , 
2022-07-21 11:42:00,21.58, , , , 
2022-07-21 11:43:00,21.57, , , , 
2022-07-21 11:44:00,21.62, , , , 
2022-07-21 11:45:00,21.68, , , , 
2022-07-21 11:46:00,21.69, , , , 
2022-07-21 11:47:00,21.75, , , , 
2022-07-21 11:48:00,21.80, , , , 
2022-07-21 11:49:00,21.87, , , , 
2022-07-21 11:50:00,21.89, , , , 
2022-07-21 11:51:00,21.95, , , , 
2022-07-21 11:52:00,21.97, , , , 
2022-07-21 11:53:00,22.03, , , , 
2022-07-21 11:54:00,22.05, , , , 
2022-07-21 11:55:00,22.09, , , , 
2022-07-21 11:56:00,22.12, , , , 
2022-07-21 11:57:00,22.18, , , , 
2022-07-21 11:58:00,22.24, , , , 
2022-07-21 11:59:00,22.27, , , , 
2022-07-21 12:00:00,22.32, , , , 
2022-07-21 12:01:00,22.37, , , , 
2022-07-21 12:02:00,22.41, , , , 
2022-07-21 12:03:00,22.44, , , , 
2022-07-21 12:04:00,22.49, , , , 
2022-07-21 12:05:00,22.57, , , , 
2022-07-21 12:06:00,22.64, , , , 
2022-07-21 12:07:00,22.71, , , , 
2022-07-21 12:08:00,22.79, , , , 
2022-07-21 12:09:00,22.87, , , , 
2022-07-21 12:10:00,22.95, , , , 
2022-07-21 12:11:00,23.05, , , , 
2022-07-21 12:12:00,23.15, , , , 
2022-07-21 12:13:00,23.23, , , , 
2022-07-21 12:14:00,23.30, , , , 
2022-07-21 12:15:00,23.42, , , , 
2022-07-21 12:16:00,23.51, , , , 
2022-07-21 12:17:00,23.60, , , , 
2022-07-21 12:18:00,23.69, , , , 
2022-07-21 12:19:00,23.79, , , , 
2022-07-21 12:20:00,23.89, , , , 
2022-07-21 12:21:00,23.98, , , , 
2022-07-21 12:22:00,24.08, , , , 
2022-07-21 12:23:00,24.15, , , , 
2022-07-21 12:24:00,24.27, , , , 
2022-07-21 12:25:00,24.35, , , , 
2022-07-21 12:26:00,24.43, , , , 
2022-07-21 12:27:00,24.55, , , , 
2022-07-21 12:28:00,24.63, , , , 
2022-07-21 12:29:00,24.72, , , , 
2022-07-21 12:30:00,24.80, , , , 
2022-07-21 12:31:00,24.89, , , , 
2022-07-21 12:32:00,24.98, , , , 
2022-07-21 12:33:00,25.08, , , , 
2022-07-21 12:34:00,25.16, , , , 
2022-07-21 12:35:00,25.24, , , , 
2022-07-21 12:36:00,25.35, , , , 
2022-07-21 12:37:00,25.44, , , , 
2022-07-21 12:38:00,25.50, , , , 
2022-07-21 12:39:00,25.61, , , , 
2022-07-21 12:40:00,25.69, , , , 
2022-07-21 12:41:00,25.78, , , , 
2022-07-21 12:42:00,25.82, , , , 
2022-07-21 12:43:00,25.94, , , , 
2022-07-21 12:44:00,26.04, , , , 
2022-07-21 12:45:00,26.10, , , , 
2022-07-21 12:46:00,26.22, , , , 
2022-07-21 12:47:00,26.31, , , , 
2022-07-21 12:48:00,26.38, , , , 
2022-07-21 12:49:00,26.47, , , , 
2022-07-21 12:50:00,26.54, , , , 
2022-07-21 12:51:00,26.64, , , , 
2022-07-21 12:52:00,26.70, , , , 
2022-07-21 12:53:00,26.81, , , , 
2022-07-21 12:54:00,26.91, , , , 
2022-07-21 12:55:00,26.97, , , , 
2022-07-21 12:56:00,27.07, , , , 
2022-07-21 12:57:00,27.14, , , , 
2022-07-21 12:58:00,27.21, , , , 
2022-07-21 12:59:00,27.31, , , , 
2022-07-21 13:00:00,27.40, , , , 
2022-07-21 13:01:00,27.44, , , , 
2022-07-21 13:02:00,27.50, , , , 
2022-07-21 13:03:00,27.57, , , , 
2022-07-21 13:04:00,27.65, , , , 
2022-07-21 13:05:00,27.72, , , , 
2022-07-21 13:06:00,27.76, , , , 
2022-07-21 13:07:00,27.83, , , , 
2022-07-21 13:08:00,27.88, , , , 
2022-07-21 13:09:00,27.94, , , , 
2022-07-21 13:10:00,28.00, , , , 
2022-07-21 13:11:00,28.08, , , , 
2022-07-21 13:12:00,28.15, , , , 
2022-07-21 13:13:00,28.19, , , , 
2022-07-21 13:14:00,28.24, , , , 
2022-07-21 13:15:00,28.29, , , , 
2022-07-21 13:16:00,28.35, , , , 
2022-07-21 13:17:00,28.39, , , , 
2022-07-21 13:18:00,28.44, , , , 
2022-07-21 13:19:00,28.50, , , , 
2022-07-21 13:20:00,28.49, , , , 
2022-07-21 13:21:00,28.46, , , , 
2022-07-21 13:22:00,28.44, , , , 
2022-07-21 13:23:00,28.41, , , , 
2022-07-21 13:24:00,28.41, , , , 
2022-07-21 13:25:00,28.39, , , , 
2022-07-21 13:26:00,28.40, , , , 
2022-07-21 13:27:00,28.38, , , , 
2022-07-21 13:28:00,28.38, , , , 
2022-07-21 13:29:00,28.37, , , , 
2022-07-21 13:30:00,28.35, , , , 
2022-07-21 13:31:00,28.37, , , , 
2022-07-21 13:32:00,28.34, , , , 
2022-07-21 13:33:00,28.34, , , , 
2022-07-21 13:34:00,28.34, , , , 
2022-07-21 13:35:00,28.35, , , , 
2022-07-21 13:36:00,28.37, , , , 
2022-07-21 13:37:00,28.39, , , , 
2022-07-21 13:38:00,28.38, , , , 
2022-07-21 13:39:00,28.34, , , , 
2022-07-21 13:40:00,28.34, , , , 
2022-07-21 13:41:00,28.32, , , , 
2022-07-21 13:42:00,28.29, , , , 
2022-07-21 13:43:00,28.31, , , , 
2022-07-21 13:44:00,28.28, , , , 
2022-07-21 13:45:00,28.27, , , , 
2022-07-21 13:46:00,28.28, , , , 
2022-07-21 13:47:00,28.29, , , , 
2022-07-21 13:48:00,28.26, , , , 
2022-07-21 13:49:00,28.27, , , , 
2022-07-21 13:50:00,28.25, , , , 
2022-07-21 13:51:00,28.24, , , , 
2022-07-21 13:52:00,28.26, , , , 
2022-07-21 13:53:00,28.25, , , , 
2022-07-21 13:54:00,28.21, , , , 
2022-07-21 13:55:00,28.23, , , , 
2022-07-21 13:56:00,28.23, , , , 
2022-07-21 13:57:00,28.19, , , , 
2022-07-21 13:58:00,28.18, , , , 
2022-07-21 13:59:00,28.16, , , , 
2022-07-21 14:00:00,28.14, , , , 
2022-07-21 14:01:00,28.13, , , , 
2022-07-21 14:02:00,28.12, , , , 
2022-07-21 14:03:00,28.12, , , , 
2022-07-21 14:04:00,28.12, , , , 
2022-07-21 14:05:00,28.12, , , , 
2022-07-21 14:06:00,28.12, , , , 
2022-07-21 14:07:00,28.13, , , , 
2022-07-21 14:08:00,28.12, , , , 
2022-07-21 14:09:00,28.13, , , , 
2022-07-21 14:10:00,28.15, , , , 
2022-07-21 14:11:00,28.14, , , , 
2022-07-21 14:12:00,28.17, , , , 
2022-07-21 14:13:00,28.17, , , , 
2022-07-21 14:14:00,28.20, , , , 
2022-07-21 14:15:00,28.21, , , , 
2022-07-21 14:16:00,28.19, , , , 
2022-07-21 14:17:00,28.21, , , , 
2022-07-21 14:18:00,28.23, , , , 
2022-07-21 14:19:00,28.25, , , , 
2022-07-21 14:20:00,28.27, , , , 
2022-07-21 14:21:00,28.27, , , , 
2022-07-21 14:22:00,28.29, , , , 
2022-07-21 14:23:00,28.33, , , , 
2022-07-21 14:24:00,28.37, , , , 
2022-07-21 14:25:00,28.37, , , , 
2022-07-21 14:26:00,28.37, , , , 
2022-07-21 14:27:00,28.38, , , , 
2022-07-21 14:28:00,28.40, , , , 
2022-07-21 14:29:00,28.40, , , , 
2022-07-21 14:30:00,28.42, , , , 
2022-07-21 14:31:00,28.44, , , , 
2022-07-21 14:32:00,28.44, , , , 
2022-07-21 14:33:00,28.45, , , , 
2022-07-21 14:34:00,28.45, , , , 
2022-07-21 14:35:00,28.48, , , , 
2022-07-21 14:36:00,28.47, , , , 
2022-07-21 14:37:00,28.49, , , , 
2022-07-21 14:38:00,28.53, , , , 
2022-07-21 14:39:00,28.55, , , , 
2022-07-21 14:40:00,28.56, , , , 
2022-07-21 14:41:00,28.61, , , , 
2022-07-21 14:42:00,28.63, , , , 
2022-07-21 14:43:00,28.64, , , , 
2022-07-21 14:44:00,28.63, , , , 
2022-07-21 14:45:00,28.64, , , , 
2022-07-21 14:46:00,28.65, , , , 
2022-07-21 14:47:00,28.69, , , , 
2022-07-21 14:48:00,28.70, , , , 
2022-07-21 14:49:00,28.70, , , , 
2022-07-21 14:50:00,28.73, , , , 
2022-07-21 14:51:00,28.73, , , , 
2022-07-21 14:52:00,28.72, , , , 
2022-07-21 14:53:00,28.73, , , , 
2022-07-21 14:54:00,28.70, , , , 
2022-07-21 14:55:00,28.73, , , , 
2022-07-21 14:56:00,28.73, , , , 
2022-07-21 14:57:00,28.77, , , , 
2022-07-21 14:58:00,28.78, , , , 
2022-07-21 14:59:00,28.77, , , , 
2022-07-21 15:00:00,28.76, , , , 
2022-07-21 15:01:00,28.78, , , , 
2022-07-21 15:02:00,28.80, , , , 
2022-07-21 15:03:00,28.80, , , , 
2022-07-21 15:04:00,28.82, , , , 
2022-07-21 15:05:00,28.83, , , , 
2022-07-21 15:06:00,28.83, , , , 
2022-07-21 15:07:00,28.85, , , , 
2022-07-21 15:08:00,28.85, , , , 
2022-07-21 15:09:00,28.85, , , , 
2022-07-21 15:10:00,28.84, , , , 
2022-07-21 15:11:00,28.85, , , , 
2022-07-21 15:12:00,28.90, , , , 
2022-07-21 15:13:00,28.90, , , , 
2022-07-21 15:14:00,28.92, , , , 
2022-07-21 15:15:00,28.93, , , , 
2022-07-21 15:16:00,28.92, , , , 
2022-07-21 15:17:00,28.97, , , , 
2022-07-21 15:18:00,28.94, , , , 
2022-07-21 15:19:00,28.97, , , , 
2022-07-21 15:20:00,28.98, , , , 
2022-07-21 15:21:00,28.99, , , , 
2022-07-21 15:22:00,28.97, , , , 
2022-07-21 15:23:00,28.94, , , , 
2022-07-21 15:24:00,28.94, , , , 
2022-07-21 15:25:00,28.97, , , , 
2022-07-21 15:26:00,28.95, , , , 
2022-07-21 15:27:00,29.00, , , , 
2022-07-21 15:28:00,29.00, , , , 
2022-07-21 15:29:00,29.01, , , , 
2022-07-21 15:30:00,29.05, , , , 
2022-07-21 15:31:00,29.04, , , , 
2022-07-21 15:32:00,29.02, , , , 
2022-07-21 15:33:00,29.03, , , , 
2022-07-21 15:34:00,29.04, , , , 
2022-07-21 15:35:00,29.04, , , , 
2022-07-21 15:36:00,29.05, , , , 
2022-07-21 15:37:00,29.08, , , , 
2022-07-21 15:38:00,29.06, , , , 
2022-07-21 15:39:00,29.04, , , , 
2022-07-21 15:40:00,29.06, , , , 
2022-07-21 15:41:00,29.04, , , , 
2022-07-21 15:42:00,29.08, , , , 
2022-07-21 15:43:00,29.06, , , , 
2022-07-21 15:44:00,29.11, , , , 
2022-07-21 15:45:00,29.09, , , , 
2022-07-21 15:46:00,29.13, , , , 
2022-07-21 15:47:00,29.09, , , , 
2022-07-21 15:48:00,29.09, , , , 
2022-07-21 15:49:00,29.09, , , , 
2022-07-21 15:50:00,29.11, , , , 
2022-07-21 15:51:00,29.13, , , , 
2022-07-21 15:52:00,29.11, , , , 
2022-07-21 15:53:00,29.13, , , , 
2022-07-21 15:54:00,29.14, , , , 
2022-07-21 15:55:00,29.12, , , , 
2022-07-21 15:56:00,29.13, , , , 
2022-07-21 15:57:00,29.15, , , , 
2022-07-21 15:58:00,29.17, , , , 
2022-07-21 15:59:00,29.16, , , , 
2022-07-21 16:00:00,29.19, , , , 
2022-07-21 16:01:00,29.21, , , , 
2022-07-21 16:02:00,29.21, , , , 
2022-07-21 16:03:00,29.21, , , , 
2022-07-21 16:04:00,29.18, , , , 
2022-07-21 16:05:00,29.19, , , , 
2022-07-21 16:06:00,29.19, , , , 
2022-07-21 16:07:00,29.19, , , , 
2022-07-21 16:08:00,29.21, , , , 
2022-07-21 16:09:00,29.21, , , , 
2022-07-21 16:10:00,29.20, , , , 
2022-07-21 16:11:00,29.20, , , , 
2022-07-21 16:12:00,29.20, , , , 
2022-07-21 16:13:00,29.21, , , , 
2022-07-21 16:14:00,29.22, , , , 
2022-07-21 16:15:00,29.24, , , , 
2022-07-21 16:16:00,29.24, , , , 
2022-07-21 16:17:00,29.28, , , , 
2022-07-21 16:18:00,29.26, , , , 
2022-07-21 16:19:00,29.26, , , , 
2022-07-21 16:20:00,29.26, , , , 
2022-07-21 16:21:00,29.24, , , , 
2022-07-21 16:22:00,29.26, , , , 
2022-07-21 16:23:00,29.24, , , , 
2022-07-21 16:24:00,29.26, , , , 
2022-07-21 16:25:00,29.23, , , , 
2022-07-21 16:26:00,29.21, , , , 
2022-07-21 16:27:00,29.21, , , , 
2022-07-21 16:28:00,29.21, , , , 
2022-07-21 16:29:00,29.23, , , , 
2022-07-21 16:30:00,29.27, , , , 
2022-07-21 16:31:00,29.26, , , , 
2022-07-21 16:32:00,29.28, , , , 
2022-07-21 16:33:00,29.24, , , , 
2022-07-21 16:34:00,29.28, , , , 
2022-07-21 16:35:00,29.29, , , , 
2022-07-21 16:36:00,29.28, , , , 
2022-07-21 16:37:00,29.31, , , , 
2022-07-21 16:38:00,29.31, , , , 
2022-07-21 16:39:00,29.30, , , , 
2022-07-21 16:40:00,29.32, , , , 
2022-07-21 16:41:00,29.33, , , , 
2022-07-21 16:42:00,29.33, , , , 
2022-07-21 16:43:00,29.33, , , , 
2022-07-21 16:44:00,29.33, , , , 
2022-07-21 16:45:00,29.35, , , , 
2022-07-21 16:46:00,29.33, , , , 
2022-07-21 16:47:00,29.33, , , , 
2022-07-21 16:48:00,29.32, , , , 
2022-07-21 16:49:00,29.31, , , , 
2022-07-21 16:50:00,29.30, , , , 
2022-07-21 16:51:00,29.28, , , , 
2022-07-21 16:52:00,29.28, , , , 
2022-07-21 16:53:00,29.30, , , , 
2022-07-21 16:54:00,29.29, , , , 
2022-07-21 16:55:00,29.31, , , , 
2022-07-21 16:56:00,29.28, , , , 
2022-07-21 16:57:00,29.29, , , , 
2022-07-21 16:58:00,29.32, , , , 
2022-07-21 16:59:00,29.32, , , , 
2022-07-21 17:00:00,29.33, , , , 
2022-07-21 17:01:00,29.34, , , , 
2022-07-21 17:02:00,29.37, , , , 
2022-07-21 17:03:00,29.39, , , , 
2022-07-21 17:04:00,29.38, , , , 
2022-07-21 17:05:00,29.38, , , , 
2022-07-21 17:06:00,29.38, , , , 
2022-07-21 17:07:00,29.39, , , , 
2022-07-21 17:08:00,29.43, , , , 
2022-07-21 17:09:00,29.42, , , , 
2022-07-21 17:10:00,29.45, , , , 
2022-07-21 17:11:00,29.47, , , , 
2022-07-21 17:12:00,29.47, , , , 
2022-07-21 17:13:00,29.51, , , , 
2022-07-21 17:14:00,29.50, , , , 
2022-07-21 17:15:00,29.51, , , , 
2022-07-21 17:16:00,29.53, , , , 
2022-07-21 17:17:00,29.59, , , , 
2022-07-21 17:18:00,29.60, , , , 
2022-07-21 17:19:00,29.60, , , , 
2022-07-21 17:20:00,29.63, , , , 
2022-07-21 17:21:00,29.66, , , , 
2022-07-21 17:22:00,29.68, , , , 
2022-07-21 17:23:00,29.65, , , , 
2022-07-21 17:24:00,29.68, , , , 
2022-07-21 17:25:00,29.70, , , , 
2022-07-21 17:26:00,29.72, , , , 
2022-07-21 17:27:00,29.73, , , , 
2022-07-21 17:28:00,29.73, , , , 
2022-07-21 17:29:00,29.72, , , , 
2022-07-21 17:30:00,29.75, , , , 
2022-07-21 17:31:00,29.75, , , , 
2022-07-21 17:32:00,29.77, , , , 
2022-07-21 17:33:00,29.76, , , , 
2022-07-21 17:34:00,29.77, , , , 
2022-07-21 17:35:00,29.72, , , , 
2022-07-21 17:36:00,29.73, , , , 
2022-07-21 17:37:00,29.71, , , , 
2022-07-21 17:38:00,29.72, , , , 
2022-07-21 17:39:00,29.75, , , , 
2022-07-21 17:40:00,29.78, , , , 
2022-07-21 17:41:00,29.81, , , , 
2022-07-21 17:42:00,29.80, , , , 
2022-07-21 17:43:00,29.81, , , , 
2022-07-21 17:44:00,29.80, , , , 
2022-07-21 17:45:00,29.79, , , , 
2022-07-21 17:46:00,29.81, , , , 
2022-07-21 17:47:00,29.82, , , , 
2022-07-21 17:48:00,29.86, , , , 
2022-07-21 17:49:00,29.86, , , , 
2022-07-21 17:50:00,29.87, , , , 
2022-07-21 17:51:00,29.88, , , , 
2022-07-21 17:52:00,29.87, , , , 
2022-07-21 17:53:00,29.85, , , , 
2022-07-21 17:54:00,29.81, , , , 
2022-07-21 17:55:00,29.80, , , , 
2022-07-21 17:56:00,29.80, , , , 
2022-07-21 17:57:00,29.80, , , , 
2022-07-21 17:58:00,29.82, , , , 
2022-07-21 17:59:00,29.83, , , , 
2022-07-21 18:00:00,29.85, , , , 
2022-07-21 18:01:00,29.87, , , , 
2022-07-21 18:02:00,29.88, , , , 
2022-07-21 18:03:00,29.88, , , , 
2022-07-21 18:04:00,29.85, , , , 
2022-07-21 18:05:00,29.85, , , , 
2022-07-21 18:06:00,29.87, , , , 
2022-07-21 18:07:00,29.87, , , , 
2022-07-21 18:08:00,29.87, , , , 
2022-07-21 18:09:00,29.85, , , , 
2022-07-21 18:10:00,29.81, , , , 
2022-07-21 18:11:00,29.77, , , , 
2022-07-21 18:12:00,29.73, , , , 
2022-07-21 18:13:00,29.67, , , , 
2022-07-21 18:14:00,29.65, , , , 
2022-07-21 18:15:00,29.62, , , , 
2022-07-21 18:16:00,29.54, , , , 
2022-07-21 18:17:00,29.51, , , , 
2022-07-21 18:18:00,29.50, , , , 
2022-07-21 18:19:00,29.44, , , , 
2022-07-21 18:20:00,29.38, , , , 
2022-07-21 18:21:00,29.32, , , , 
2022-07-21 18:22:00,29.26, , , , 
2022-07-21 18:23:00,29.20, , , , 
2022-07-21 18:24:00,29.15, , , , 
2022-07-21 18:25:00,29.07, , , , 
2022-07-21 18:26:00,28.99, , , , 
2022-07-21 18:27:00,28.93, , , , 
2022-07-21 18:28:00,28.85, , , , 
2022-07-21 18:29:00,28.76, , , , 
2022-07-21 18:30:00,28.68, , , , 
2022-07-21 18:31:00,28.62, , , , 
2022-07-21 18:32:00,28.54, , , , 
2022-07-21 18:33:00,28.47, , , , 
2022-07-21 18:34:00,28.39, , , , 
2022-07-21 18:35:00,28.29, , , , 
2022-07-21 18:36:00,28.23, , , , 
2022-07-21 18:37:00,28.16, , , , 
2022-07-21 18:38:00,28.10, , , , 
2022-07-21 18:39:00,28.06, , , , 
2022-07-21 18:40:00,28.00, , , , 
2022-07-21 18:41:00,27.96, , , , 
2022-07-21 18:42:00,27.90, , , , 
2022-07-21 18:43:00,27.89, , , , 
2022-07-21 18:44:00,27.86, , , , 
2022-07-21 18:45:00,27.83, , , , 
2022-07-21 18:46:00,27.80, , , , 
2022-07-21 18:47:00,27.74, , , , 
2022-07-21 18:48:00,27.75, , , , 
2022-07-21 18:49:00,27.71, , , , 
2022-07-21 18:50:00,27.68, , , , 
2022-07-21 18:51:00,27.64, , , , 
2022-07-21 18:52:00,27.64, , , , 
2022-07-21 18:53:00,27.59, , , , 
2022-07-21 18:54:00,27.55, , , , 
2022-07-21 18:55:00,27.54, , , , 
2022-07-21 18:56:00,27.51, , , , 
2022-07-21 18:57:00,27.47, , , , 
2022-07-21 18:58:00,27.45, , , , 
2022-07-21 18:59:00,27.42, , , , 
2022-07-21 19:00:00,27.40, , , , 
2022-07-21 19:01:00,27.39, , , , 
2022-07-21 19:02:00,27.32, , , , 
2022-07-21 19:03:00,27.28, , , , 
2022-07-21 19:04:00,27.20, , , , 
2022-07-21 19:05:00,27.11, , , , 
2022-07-21 19:06:00,26.99, , , , 
2022-07-21 19:07:00,26.87, , , , 
2022-07-21 19:08:00,26.76, , , , 
2022-07-21 19:09:00,26.64, , , , 
2022-07-21 19:10:00,26.53, , , , 
2022-07-21 19:11:00,26.43, , , , 
2022-07-21 19:12:00,26.30, , , , 
2022-07-21 19:13:00,26.18, , , , 
2022-07-21 19:14:00,26.09, , , , 
2022-07-21 19:15:00,26.01, , , , 
2022-07-21 19:16:00,25.94, , , , 
2022-07-21 19:17:00,25.93, , , , 
2022-07-21 19:18:00,25.88, , , , 
2022-07-21 19:19:00,25.83, , , , 
2022-07-21 19:20:00,25.81, , , , 
2022-07-21 19:21:00,25.81, , , , 
2022-07-21 19:22:00,25.79, , , , 
2022-07-21 19:23:00,25.77, , , , 
2022-07-21 19:24:00,25.77, , , , 
2022-07-21 19:25:00,25.78, , , , 
2022-07-21 19:26:00,25.77, , , , 
2022-07-21 19:27:00,25.76, , , , 
2022-07-21 19:28:00,25.77, , , , 
2022-07-21 19:29:00,25.77, , , , 
2022-07-21 19:30:00,25.75, , , , 
2022-07-21 19:31:00,25.78, , , , 
2022-07-21 19:32:00,25.77, , , , 
2022-07-21 19:33:00,25.77, , , , 
2022-07-21 19:34:00,25.78, , , , 
2022-07-21 19:35:00,25.77, , , , 
2022-07-21 19:36:00,25.78, , , , 
2022-07-21 19:37:00,25.79, , , , 
2022-07-21 19:38:00,25.79, , , , 
2022-07-21 19:39:00,25.78, , , , 
2022-07-21 19:40:00,25.79, , , , 
2022-07-21 19:41:00,25.80, , , , 
2022-07-21 19:42:00,25.81, , , , 
2022-07-21 19:43:00,25.79, , , , 
2022-07-21 19:44:00,25.79, , , , 
2022-07-21 19:45:00,25.78, , , , 
2022-07-21 19:46:00,25.80, , , , 
2022-07-21 19:47:00,25.80, , , , 
2022-07-21 19:48:00,25.80, , , , 
2022-07-21 19:49:00,25.80, , , , 
2022-07-21 19:50:00,25.82, , , , 
2022-07-21 19:51:00,25.82, , , , 
2022-07-21 19:52:00,25.82, , , , 
2022-07-21 19:53:00,25.82, , , , 
2022-07-21 19:54:00,25.82, , , , 
2022-07-21 19:55:00,25.82, , , , 
2022-07-21 19:56:00,25.82, , , , 
2022-07-21 19:57:00,25.83, , , , 
2022-07-21 19:58:00,25.81, , , , 
2022-07-21 19:59:00,25.82, , , , 
2022-07-21 20:00:00,25.83, , , , 
2022-07-21 20:01:00,25.86, , , , 
2022-07-21 20:02:00,25.87, , , , 
2022-07-21 20:03:00,25.86, , , , 
2022-07-21 20:04:00,25.87, , , , 
2022-07-21 20:05:00,25.86, , , , 
2022-07-21 20:06:00,25.87, , , , 
2022-07-21 20:07:00,25.86, , , , 
2022-07-21 20:08:00,25.86, , , , 
2022-07-21 20:09:00,25.87, , , , 
2022-07-21 20:10:00,25.87, , , , 
2022-07-21 20:11:00,25.86, , , , 
2022-07-21 20:12:00,25.87, , , , 
2022-07-21 20:13:00,25.88, , , , 
2022-07-21 20:14:00,25.87, , , , 
2022-07-21 20:15:00,25.86, , , , 
2022-07-21 20:16:00,25.87, , , , 
2022-07-21 20:17:00,25.88, , , , 
2022-07-21 20:18:00,25.88, , , , 
2022-07-21 20:19:00,25.89, , , , 
2022-07-21 20:20:00,25.86, , , , 
2022-07-21 20:21:00,25.87, , , , 
2022-07-21 20:22:00,25.89, , , , 
2022-07-21 20:23:00,25.89, , , , 
2022-07-21 20:24:00,25.88, , , , 
2022-07-21 20:25:00,25.89, , , , 
2022-07-21 20:26:00,25.89, , , , 
2022-07-21 20:27:00,25.87, , , , 
2022-07-21 20:28:00,25.89, , , , 
2022-07-21 20:29:00,25.90, , , , 
2022-07-21 20:30:00,25.90, , , , 
2022-07-21 20:31:00,25.91, , , , 
2022-07-21 20:32:00,25.86, , , , 
2022-07-21 20:33:00,25.84, , , , 
2022-07-21 20:34:00,25.87, , , , 
2022-07-21 20:35:00,25.86, , , , 
2022-07-21 20:36:00,25.84, , , , 
2022-07-21 20:37:00,25.83, , , , 
2022-07-21 20:38:00,25.80, , , , 
2022-07-21 20:39:00,25.86, , , , 
2022-07-21 20:40:00,25.83, , , , 
2022-07-21 20:41:00,25.83, , , , 
2022-07-21 20:42:00,25.83, , , , 
2022-07-21 20:43:00,25.80, , , , 
2022-07-21 20:44:00,25.81, , , , 
2022-07-21 20:45:00,25.82, , , , 
2022-07-21 20:46:00,25.82, , , , 
2022-07-21 20:47:00,25.81, , , , 
2022-07-21 20:48:00,25.82, , , , 
2022-07-21 20:49:00,25.80, , , , 
2022-07-21 20:50:00,25.81, , , , 
2022-07-21 20:51:00,25.81, , , , 
2022-07-21 20:52:00,25.82, , , , 
2022-07-21 20:53:00,25.82, , , , 
2022-07-21 20:54:00,25.81, , , , 
2022-07-21 20:55:00,25.82, , , , 
2022-07-21 20:56:00,25.83, , , , 
2022-07-21 20:57:00,25.82, , , , 
2022-07-21 20:58:00,25.82, , , , 
2022-07-21 20:59:00,25.82, , , , 
2022-07-21 21:00:00,25.82, , , , 
2022-07-21 21:01:00,25.82, , , , 
2022-07-21 21:02:00,25.82, , , , 
2022-07-21 21:03:00,25.86, , , , 
2022-07-21 21:04:00,25.83, , , , 
2022-07-21 21:05:00,25.84, , , , 
2022-07-21 21:06:00,25.82, , , , 
2022-07-21 21:07:00,25.82, , , , 
2022-07-21 21:08:00,25.82, , , , 
2022-07-21 21:09:00,25.82, , , , 
2022-07-21 21:10:00,25.86, , , , 
2022-07-21 21:11:00,25.84, , , , 
2022-07-21 21:12:00,25.82, , , , 
2022-07-21 21:13:00,25.83, , , , 
2022-07-21 21:14:00,25.83, , , , 
2022-07-21 21:15:00,25.83, , , , 
2022-07-21 21:16:00,25.84, , , , 
2022-07-21 21:17:00,25.86, , , , 
2022-07-21 21:18:00,25.86, , , , 
2022-07-21 21:19:00,25.82, , , , 
2022-07-21 21:20:00,25.86, , , , 
2022-07-21 21:21:00,25.89, , , , 
2022-07-21 21:22:00,25.84, , , , 
2022-07-21 21:23:00,25.87, , , , 
2022-07-21 21:24:00,25.86, , , , 
2022-07-21 21:25:00,25.84, , , , 
2022-07-21 21:26:00,25.83, , , , 
2022-07-21 21:27:00,25.88, , , , 
2022-07-21 21:28:00,25.86, , , , 
2022-07-21 21:29:00,25.87, , , , 
2022-07-21 21:30:00,25.87, , , , 
2022-07-21 21:31:00,25.87, , , , 
2022-07-21 21:32:00,25.87, , , , 
2022-07-21 21:33:00,25.87, , , , 
2022-07-21 21:34:00,25.86, , , , 
2022-07-21 21:35:00,25.89, , , , 
2022-07-21 21:36:00,25.87, , , , 
2022-07-21 21:37:00,25.88, , , , 
2022-07-21 21:38:00,25.87, , , , 
2022-07-21 21:39:00,25.87, , , , 
2022-07-21 21:40:00,25.89, , , , 
2022-07-21 21:41:00,25.88, , , , 
2022-07-21 21:42:00,25.89, , , , 
2022-07-21 21:43:00,25.89, , , , 
2022-07-21 21:44:00,25.89, , , , 
2022-07-21 21:45:00,25.89, , , , 
2022-07-21 21:46:00,25.88, , , , 
2022-07-21 21:47:00,25.87, , , , 
2022-07-21 21:48:00,25.89, , , , 
2022-07-21 21:49:00,25.91, , , , 
2022-07-21 21:50:00,25.91, , , , 
2022-07-21 21:51:00,25.89, , , , 
2022-07-21 21:52:00,25.89, , , , 
2022-07-21 21:53:00,25.90, , , , 
2022-07-21 21:54:00,25.89, , , , 
2022-07-21 21:55:00,25.90, , , , 
2022-07-21 21:56:00,25.89, , , , 
2022-07-21 21:57:00,25.88, , , , 
2022-07-21 21:58:00,25.89, , , , 
2022-07-21 21:59:00,25.90, , , , 
2022-07-21 22:00:00,25.89, , , , 
2022-07-21 22:01:00,25.90, , , , 
2022-07-21 22:02:00,25.91, , , , 
2022-07-21 22:03:00,25.90, , , , 
2022-07-21 22:04:00,25.89, , , , 
2022-07-21 22:05:00,25.89, , , , 
2022-07-21 22:06:00,25.90, , , , 
2022-07-21 22:07:00,25.90, , , , 
2022-07-21 22:08:00,25.87, , , , 
2022-07-21 22:09:00,25.88, , , , 
2022-07-21 22:10:00,25.89, , , , 
2022-07-21 22:11:00,25.88, , , , 
2022-07-21 22:12:00,25.88, , , , 
2022-07-21 22:13:00,25.89, , , , 
2022-07-21 22:14:00,25.87, , , , 
2022-07-21 22:15:00,25.90, , , , 
2022-07-21 22:16:00,25.88, , , , 
2022-07-21 22:17:00,25.89, , , , 
2022-07-21 22:18:00,25.88, , , , 
2022-07-21 22:19:00,25.87, , , , 
2022-07-21 22:20:00,25.88, , , , 
2022-07-21 22:21:00,25.88, , , , 
2022-07-21 22:22:00,25.90, , , , 
2022-07-21 22:23:00,25.87, , , , 
2022-07-21 22:24:00,25.89, , , , 
2022-07-21 22:25:00,25.87, , , , 
2022-07-21 22:26:00,25.88, , , , 
2022-07-21 22:27:00,25.87, , , , 
2022-07-21 22:28:00,25.87, , , , 
2022-07-21 22:29:00,25.88, , , , 
2022-07-21 22:30:00,25.89, , , , 
2022-07-21 22:31:00,25.87, , , , 
2022-07-21 22:32:00,25.89, , , , 
2022-07-21 22:33:00,25.89, , , , 
2022-07-21 22:34:00,25.88, , , , 
2022-07-21 22:35:00,25.89, , , , 
2022-07-21 22:36:00,25.88, , , , 
2022-07-21 22:37:00,25.87, , , , 
2022-07-21 22:38:00,25.87, , , , 
2022-07-21 22:39:00,25.87, , , , 
2022-07-21 22:40:00,25.89, , , , 
2022-07-21 22:41:00,25.88, , , , 
2022-07-21 22:42:00,25.88, , , , 
2022-07-21 22:43:00,25.89, , , , 
2022-07-21 22:44:00,25.87, , , , 
2022-07-21 22:45:00,25.88, , , , 
2022-07-21 22:46:00,25.89, , , , 
2022-07-21 22:47:00,25.87, , , , 
2022-07-21 22:48:00,25.87, , , , 
2022-07-21 22:49:00,25.86, , , , 
2022-07-21 22:50:00,25.87, , , , 
2022-07-21 22:51:00,25.89, , , , 
2022-07-21 22:52:00,25.89, , , , 
2022-07-21 22:53:00,25.89, , , , 
2022-07-21 22:54:00,25.87, , , , 
2022-07-21 22:55:00,25.88, , , , 
2022-07-21 22:56:00,25.89, , , , 
2022-07-21 22:57:00,25.88, , , , 
2022-07-21 22:58:00,25.88, , , , 
2022-07-21 22:59:00,25.87, , , , 
2022-07-21 23:00:00,25.87, , , , 
2022-07-21 23:01:00,25.88, , , , 
2022-07-21 23:02:00,25.90, , , , 
2022-07-21 23:03:00,25.88, , , , 
2022-07-21 23:04:00,25.90, , , , 
2022-07-21 23:05:00,25.90, , , , 
2022-07-21 23:06:00,25.91, , , , 
2022-07-21 23:07:00,25.92, , , , 
2022-07-21 23:08:00,25.89, , , , 
2022-07-21 23:09:00,25.90, , , , 
2022-07-21 23:10:00,25.90, , , , 
2022-07-21 23:11:00,25.91, , , , 
2022-07-21 23:12:00,25.90, , , , 
2022-07-21 23:13:00,25.91, , , , 
2022-07-21 23:14:00,25.90, , , , 
2022-07-21 23:15:00,25.92, , , , 
2022-07-21 23:16:00,25.91, , , , 
2022-07-21 23:17:00,25.90, , , , 
2022-07-21 23:18:00,25.92, , , , 
2022-07-21 23:19:00,25.89, , , , 
2022-07-21 23:20:00,25.92, , , , 
2022-07-21 23:21:00,25.91, , , , 
2022-07-21 23:22:00,25.92, , , , 
2022-07-21 23:23:00,25.91, , , , 
2022-07-21 23:24:00,25.93, , , , 
2022-07-21 23:25:00,25.93, , , , 
2022-07-21 23:26:00,25.94, , , , 
2022-07-21 23:27:00,25.93, , , , 
2022-07-21 23:28:00,25.95, , , , 
2022-07-21 23:29:00,25.95, , , , 
2022-07-21 23:30:00,25.94, , , , 
2022-07-21 23:31:00,25.94, , , , 
2022-07-21 23:32:00,25.96, , , , 
2022-07-21 23:33:00,25.95, , , , 
2022-07-21 23:34:00,25.94, , , , 
2022-07-21 23:35:00,25.96, , , , 
2022-07-21 23:36:00,25.95, , , , 
2022-07-21 23:37:00,25.95, , , , 
2022-07-21 23:38:00,25.97, , , , 
2022-07-21 23:39:00,25.95, , , , 
2022-07-21 23:40:00,25.95, , , , 
2022-07-21 23:41:00,25.96, , , , 
2022-07-21 23:42:00,25.94, , , , 
2022-07-21 23:43:00,25.97, , , , 
2022-07-21 23:44:00,25.97, , , , 
2022-07-21 23:45:00,25.95, , , , 
2022-07-21 23:46:00,25.97, , , , 
2022-07-21 23:47:00,25.98, , , , 
2022-07-21 23:48:00,25.97, , , , 
2022-07-21 23:49:00,25.97, , , , 
2022-07-21 23:50:00,25.94, , , , 
2022-07-21 23:51:00,25.97, , , , 
2022-07-21 23:52:00,25.97, , , , 
2022-07-21 23:53:00,25.97, , , , 
2022-07-21 23:54:00,25.95, , , , 
2022-07-21 23:55:00,25.96, , , , 
2022-07-21 23:56:00,25.95, , , , 
2022-07-21 23:57:00,25.98, , , , 
2022-07-21 23:58:00,25.97, , , , 
2022-07-21 23:59:00,25.96, , , , 
2022-07-22 00:00:00,25.97, , , , 
2022-07-22 00:01:00,25.96, , , , 
2022-07-22 00:02:00,25.99, , , , 
2022-07-22 00:03:00,26.02, , , , 
2022-07-22 00:04:00,26.07, , , , 
2022-07-22 00:05:00,26.09, , , , 
2022-07-22 00:06:00,26.18, , , , 
2022-07-22 00:07:00,26.21, , , , 
2022-07-22 00:08:00,26.28, , , , 
2022-07-22 00:09:00,26.36, , , , 
2022-07-22 00:10:00,26.41, , , , 
2022-07-22 00:11:00,26.49, , , , 
2022-07-22 00:12:00,26.56, , , , 
2022-07-22 00:13:00,26.66, , , , 
2022-07-22 00:14:00,26.73, , , , 
2022-07-22 00:15:00,26.80, , , , 
2022-07-22 00:16:00,26.86, , , , 
2022-07-22 00:17:00,26.96, , , , 
2022-07-22 00:18:00,27.02, , , , 
2022-07-22 00:19:00,27.10, , , , 
2022-07-22 00:20:00,27.16, , , , 
2022-07-22 00:21:00,27.24, , , , 
2022-07-22 00:22:00,27.28, , , , 
2022-07-22 00:23:00,27.34, , , , 
2022-07-22 00:24:00,27.43, , , , 
2022-07-22 00:25:00,27.47, , , , 
2022-07-22 00:26:00,27.57, , , , 
2022-07-22 00:27:00,27.61, , , , 
2022-07-22 00:28:00,27.67, , , , 
2022-07-22 00:29:00,27.74, , , , 
2022-07-22 00:30:00,27.78, , , , 
2022-07-22 00:31:00,27.85, , , , 
2022-07-22 00:32:00,27.93, , , , 
2022-07-22 00:33:00,27.97, , , , 
2022-07-22 00:34:00,28.01, , , , 
2022-07-22 00:35:00,28.08, , , , 
2022-07-22 00:36:00,28.13, , , , 
2022-07-22 00:37:00,28.18, , , , 
2022-07-22 00:38:00,28.23, , , , 
2022-07-22 00:39:00,28.27, , , , 
2022-07-22 00:40:00,28.32, , , , 
2022-07-22 00:41:00,28.38, , , , 
2022-07-22 00:42:00,28.40, , , , 
2022-07-22 00:43:00,28.47, , , , 
2022-07-22 00:44:00,28.54, , , , 
2022-07-22 00:45:00,28.57, , , , 
2022-07-22 00:46:00,28.59, , , , 
2022-07-22 00:47:00,28.63, , , , 
2022-07-22 00:48:00,28.70, , , , 
2022-07-22 00:49:00,28.72, , , , 
2022-07-22 00:50:00,28.78, , , , 
2022-07-22 00:51:00,28.84, , , , 
2022-07-22 00:52:00,28.86, , , , 
2022-07-22 00:53:00,28.89, , , , 
2022-07-22 00:54:00,28.93, , , , 
2022-07-22 00:55:00,28.98, , , , 
2022-07-22 00:56:00,29.00, , , , 
2022-07-22 00:57:00,29.03, , , , 
2022-07-22 00:58:00,29.07, , , , 
2022-07-22 00:59:00,29.12, , , , 
2022-07-22 01:00:00,29.16, , , , 
2022-07-22 01:01:00,29.20, , , , 
2022-07-22 01:02:00,29.21, , , , 
2022-07-22 01:03:00,29.24, , , , 
2022-07-22 01:04:00,29.27, , , , 
2022-07-22 01:05:00,29.31, , , , 
2022-07-22 01:06:00,29.34, , , , 
2022-07-22 01:07:00,29.38, , , , 
2022-07-22 01:08:00,29.39, , , , 
2022-07-22 01:09:00,29.46, , , , 
2022-07-22 01:10:00,29.46, , , , 
2022-07-22 01:11:00,29.48, , , , 
2022-07-22 01:12:00,29.52, , , , 
2022-07-22 01:13:00,29.57, , , , 
2022-07-22 01:14:00,29.57, , , , 
2022-07-22 01:15:00,29.62, , , , 
2022-07-22 01:16:00,29.65, , , , 
2022-07-22 01:17:00,29.66, , , , 
2022-07-22 01:18:00,29.71, , , , 
2022-07-22 01:19:00,29.73, , , , 
2022-07-22 01:20:00,29.74, , , , 
2022-07-22 01:21:00,29.78, , , , 
2022-07-22 01:22:00,29.82, , , , 
2022-07-22 01:23:00,29.83, , , , 
2022-07-22 01:24:00,29.85, , , , 
2022-07-22 01:25:00,29.87, , , , 
2022-07-22 01:26:00,29.89, , , , 
2022-07-22 01:27:00,29.86, , , , 
2022-07-22 01:28:00,29.82, , , , 
2022-07-22 01:29:00,29.78, , , , 
2022-07-22 01:30:00,29.74, , , , 
2022-07-22 01:31:00,29.70, , , , 
2022-07-22 01:32:00,29.67, , , , 
2022-07-22 01:33:00,29.66, , , , 
2022-07-22 01:34:00,29.64, , , , 
2022-07-22 01:35:00,29.64, , , , 
2022-07-22 01:36:00,29.57, , , , 
2022-07-22 01:37:00,29.59, , , , 
2022-07-22 01:38:00,29.57, , , , 
2022-07-22 01:39:00,29.52, , , , 
2022-07-22 01:40:00,29.49, , , , 
2022-07-22 01:41:00,29.44, , , , 
2022-07-22 01:42:00,29.46, , , , 
2022-07-22 01:43:00,29.39, , , , 
2022-07-22 01:44:00,29.37, , , , 
2022-07-22 01:45:00,29.36, , , , 
2022-07-22 01:46:00,29.32, , , , 
2022-07-22 01:47:00,29.29, , , , 
2022-07-22 01:48:00,29.23, , , , 
2022-07-22 01:49:00,29.23, , , , 
2022-07-22 01:50:00,29.18, , , , 
2022-07-22 01:51:00,29.16, , , , 
2022-07-22 01:52:00,29.13, , , , 
2022-07-22 01:53:00,29.11, , , , 
2022-07-22 01:54:00,29.08, , , , 
2022-07-22 01:55:00,29.05, , , , 
2022-07-22 01:56:00,29.04, , , , 
2022-07-22 01:57:00,29.01, , , , 
2022-07-22 01:58:00,29.00, , , , 
2022-07-22 01:59:00,28.98, , , , 
2022-07-22 02:00:00,28.93, , , , 
2022-07-22 02:01:00,28.92, , , , 
2022-07-22 02:02:00,28.90, , , , 
2022-07-22 02:03:00,28.88, , , , 
2022-07-22 02:04:00,28.87, , , , 
2022-07-22 02:05:00,28.84, , , , 
2022-07-22 02:06:00,28.80, , , , 
2022-07-22 02:07:00,28.77, , , , 
2022-07-22 02:08:00,28.75, , , , 
2022-07-22 02:09:00,28.71, , , , 
2022-07-22 02:10:00,28.71, , , , 
2022-07-22 02:11:00,28.68, , , , 
2022-07-22 02:12:00,28.63, , , , 
2022-07-22 02:13:00,28.62, , , , 
2022-07-22 02:14:00,28.61, , , , 
2022-07-22 02:15:00,28.58, , , , 
2022-07-22 02:16:00,28.55, , , , 
2022-07-22 02:17:00,28.55, , , , 
2022-07-22 02:18:00,28.54, , , , 
2022-07-22 02:19:00,28.49, , , , 
2022-07-22 02:20:00,28.47, , , , 
2022-07-22 02:21:00,28.47, , , , 
2022-07-22 02:22:00,28.46, , , , 
2022-07-22 02:23:00,28.44, , , , 
2022-07-22 02:24:00,28.44, , , , 
2022-07-22 02:25:00,28.44, , , , 
2022-07-22 02:26:00,28.42, , , , 
2022-07-22 02:27:00,28.39, , , , 
2022-07-22 02:28:00,28.39, , , , 
2022-07-22 02:29:00,28.41, , , , 
2022-07-22 02:30:00,28.40, , , , 
2022-07-22 02:31:00,28.41, , , , 
2022-07-22 02:32:00,28.39, , , , 
2022-07-22 02:33:00,28.38, , , , 
2022-07-22 02:34:00,28.40, , , , 
2022-07-22 02:35:00,28.38, , , , 
2022-07-22 02:36:00,28.42, , , , 
2022-07-22 02:37:00,28.40, , , , 
2022-07-22 02:38:00,28.39, , , , 
2022-07-22 02:39:00,28.41, , , , 
2022-07-22 02:40:00,28.42, , , , 
2022-07-22 02:41:00,28.42, , , , 
2022-07-22 02:42:00,28.40, , , , 
2022-07-22 02:43:00,28.39, , , , 
2022-07-22 02:44:00,28.41, , , , 
2022-07-22 02:45:00,28.39, , , , 
2022-07-22 02:46:00,28.42, , , , 
2022-07-22 02:47:00,28.43, , , , 
2022-07-22 02:48:00,28.42, , , , 
2022-07-22 02:49:00,28.43, , , , 
2022-07-22 02:50:00,28.44, , , , 
2022-07-22 02:51:00,28.44, , , , 
2022-07-22 02:52:00,28.46, , , , 
2022-07-22 02:53:00,28.48, , , , 
2022-07-22 02:54:00,28.46, , , , 
2022-07-22 02:55:00,28.46, , , , 
2022-07-22 02:56:00,28.48, , , , 
2022-07-22 02:57:00,28.47, , , , 
2022-07-22 02:58:00,28.48, , , , 
2022-07-22 02:59:00,28.47, , , , 
2022-07-22 03:00:00,28.49, , , , 
2022-07-22 03:01:00,28.50, , , , 
2022-07-22 03:02:00,28.50, , , , 
2022-07-22 03:03:00,28.52, , , , 
2022-07-22 03:04:00,28.54, , , , 
2022-07-22 03:05:00,28.54, , , , 
2022-07-22 03:06:00,28.56, , , , 
2022-07-22 03:07:00,28.55, , , , 
2022-07-22 03:08:00,28.56, , , , 
2022-07-22 03:09:00,28.55, , , , 
2022-07-22 03:10:00,28.55, , , , 
2022-07-22 03:11:00,28.53, , , , 
2022-07-22 03:12:00,28.55, , , , 
2022-07-22 03:13:00,28.57, , , , 
2022-07-22 03:14:00,28.56, , , , 
2022-07-22 03:15:00,28.56, , , , 
2022-07-22 03:16:00,28.59, , , , 
2022-07-22 03:17:00,28.59, , , , 
2022-07-22 03:18:00,28.58, , , , 
2022-07-22 03:19:00,28.60, , , , 
2022-07-22 03:20:00,28.61, , , , 
2022-07-22 03:21:00,28.61, , , , 
2022-07-22 03:22:00,28.60, , , , 
2022-07-22 03:23:00,28.63, , , , 
2022-07-22 03:24:00,28.63, , , , 
2022-07-22 03:25:00,28.60, , , , 
2022-07-22 03:26:00,28.62, , , , 
2022-07-22 03:27:00,28.63, , , , 
2022-07-22 03:28:00,28.63, , , , 
2022-07-22 03:29:00,28.67, , , , 
2022-07-22 03:30:00,28.67, , , , 
2022-07-22 03:31:00,28.67, , , , 
2022-07-22 03:32:00,28.68, , , , 
2022-07-22 03:33:00,28.65, , , , 
2022-07-22 03:34:00,28.69, , , , 
2022-07-22 03:35:00,28.69, , , , 
2022-07-22 03:36:00,28.69, , , , 
2022-07-22 03:37:00,28.70, , , , 
2022-07-22 03:38:00,28.69, , , , 
2022-07-22 03:39:00,28.69, , , , 
2022-07-22 03:40:00,28.70, , , , 
2022-07-22 03:41:00,28.71, , , , 
2022-07-22 03:42:00,28.71, , , , 
2022-07-22 03:43:00,28.71, , , , 
2022-07-22 03:44:00,28.70, , , , 
2022-07-22 03:45:00,28.70, , , , 
2022-07-22 03:46:00,28.70, , , , 
2022-07-22 03:47:00,28.70, , , , 
2022-07-22 03:48:00,28.70, , , , 
2022-07-22 03:49:00,28.73, , , , 
2022-07-22 03:50:00,28.73, , , , 
2022-07-22 03:51:00,28.73, , , , 
2022-07-22 03:52:00,28.72, , , , 
2022-07-22 03:53:00,28.72, , , , 
2022-07-22 03:54:00,28.73, , , , 
2022-07-22 03:55:00,28.75, , , , 
2022-07-22 03:56:00,28.75, , , , 
2022-07-22 03:57:00,28.75, , , , 
2022-07-22 03:58:00,28.78, , , , 
2022-07-22 03:59:00,28.72, , , , 
2022-07-22 04:00:00,28.75, , , , 
2022-07-22 04:01:00,28.73, , , , 
2022-07-22 04:02:00,28.73, , , , 
2022-07-22 04:03:00,28.75, , , , 
2022-07-22 04:04:00,28.73, , , , 
2022-07-22 04:05:00,28.70, , , , 
2022-07-22 04:06:00,28.68, , , , 
2022-07-22 04:07:00,28.67, , , , 
2022-07-22 04:08:00,28.62, , , , 
2022-07-22 04:09:00,28.61, , , , 
2022-07-22 04:10:00,28.60, , , , 
2022-07-22 04:11:00,28.58, , , , 
2022-07-22 04:12:00,28.58, , , , 
2022-07-22 04:13:00,28.55, , , , 
2022-07-22 04:14:00,28.50, , , , 
2022-07-22 04:15:00,28.43, , , , 
2022-07-22 04:16:00,28.37, , , , 
2022-07-22 04:17:00,28.31, , , , 
2022-07-22 04:18:00,28.25, , , , 
2022-07-22 04:19:00,28.21, , , , 
2022-07-22 04:20:00,28.14, , , , 
2022-07-22 04:21:00,28.10, , , , 
2022-07-22 04:22:00,28.08, , , , 
2022-07-22 04:23:00,28.02, , , , 
2022-07-22 04:24:00,28.00, , , , 
2022-07-22 04:25:00,27.97, , , , 
2022-07-22 04:26:00,27.93, , , , 
2022-07-22 04:27:00,27.93, , , , 
2022-07-22 04:28:00,27.89, , , , 
2022-07-22 04:29:00,27.86, , , , 
2022-07-22 04:30:00,27.84, , , , 
2022-07-22 04:31:00,27.81, , , , 
2022-07-22 04:32:00,27.83, , , , 
2022-07-22 04:33:00,27.83, , , , 
2022-07-22 04:34:00,27.80, , , , 
2022-07-22 04:35:00,27.80, , , , 
2022-07-22 04:36:00,27.81, , , , 
2022-07-22 04:37:00,27.78, , , , 
2022-07-22 04:38:00,27.78, , , , 
2022-07-22 04:39:00,27.76, , , , 
2022-07-22 04:40:00,27.74, , , , 
2022-07-22 04:41:00,27.75, , , , 
2022-07-22 04:42:00,27.75, , , , 
2022-07-22 04:43:00,27.74, , , , 
2022-07-22 04:44:00,27.75, , , , 
2022-07-22 04:45:00,27.74, , , , 
2022-07-22 04:46:00,27.75, , , , 
2022-07-22 04:47:00,27.74, , , , 
2022-07-22 04:48:00,27.73, , , , 
2022-07-22 04:49:00,27.72, , , , 
2022-07-22 04:50:00,27.71, , , , 
2022-07-22 04:51:00,27.74, , , , 
2022-07-22 04:52:00,27.75, , , , 
2022-07-22 04:53:00,27.74, , , , 
2022-07-22 04:54:00,27.74, , , , 
2022-07-22 04:55:00,27.74, , , , 
2022-07-22 04:56:00,27.75, , , , 
2022-07-22 04:57:00,27.75, , , , 
2022-07-22 04:58:00,27.76, , , , 
2022-07-22 04:59:00,27.75, , , , 
2022-07-22 05:00:00,27.74, , , , 
2022-07-22 05:01:00,27.72, , , , 
2022-07-22 05:02:00,27.76, , , , 
2022-07-22 05:03:00,27.72, , , , 
2022-07-22 05:04:00,27.75, , , , 
2022-07-22 05:05:00,27.74, , , , 
2022-07-22 05:06:00,27.73, , , , 
2022-07-22 05:07:00,27.75, , , , 
2022-07-22 05:08:00,27.75, , , , 
2022-07-22 05:09:00,27.74, , , , 
2022-07-22 05:10:00,27.75, , , , 
2022-07-22 05:11:00,27.73, , , , 
2022-07-22 05:12:00,27.74, , , , 
2022-07-22 05:13:00,27.73, , , , 
2022-07-22 05:14:00,27.75, , , , 
2022-07-22 05:15:00,27.75, , , , 
2022-07-22 05:16:00,27.74, , , , 
2022-07-22 05:17:00,27.74, , , , 
2022-07-22 05:18:00,27.74, , , , 
2022-07-22 05:19:00,27.72, , , , 
2022-07-22 05:20:00,27.75, , , , 
2022-07-22 05:21:00,27.75, , , , 
2022-07-22 05:22:00,27.74, , , , 
2022-07-22 05:23:00,27.75, , , , 
2022-07-22 05:24:00,27.75, , , , 
2022-07-22 05:25:00,27.75, , , , 
2022-07-22 05:26:00,27.76, , , , 
2022-07-22 05:27:00,27.75, , , , 
2022-07-22 05:28:00,27.76, , , , 
2022-07-22 05:29:00,27.78, , , , 
2022-07-22 05:30:00,27.75, , , , 
2022-07-22 05:31:00,27.79, , , , 
2022-07-22 05:32:00,27.79, , , , 
2022-07-22 05:33:00,27.78, , , , 
2022-07-22 05:34:00,27.79, , , , 
2022-07-22 05:35:00,27.80, , , , 
2022-07-22 05:36:00,27.81, , , , 
2022-07-22 05:37:00,27.80, , , , 
2022-07-22 05:38:00,27.78, , , , 
2022-07-22 05:39:00,27.79, , , , 
2022-07-22 05:40:00,27.79, , , , 
2022-07-22 05:41:00,27.79, , , , 
2022-07-22 05:42:00,27.78, , , , 
2022-07-22 05:43:00,27.81, , , , 
2022-07-22 05:44:00,27.80, , , , 
2022-07-22 05:45:00,27.80, , , , 
2022-07-22 05:46:00,27.81, , , , 
2022-07-22 05:47:00,27.82, , , , 
2022-07-22 05:48:00,27.80, , , , 
2022-07-22 05:49:00,27.82, , , , 
2022-07-22 05:50:00,27.81, , , , 
2022-07-22 05:51:00,27.83, , , , 
2022-07-22 05:52:00,27.81, , , , 
2022-07-22 05:53:00,27.81, , , , 
2022-07-22 05:54:00,27.81, , , , 
2022-07-22 05:55:00,27.83, , , , 
2022-07-22 05:56:00,27.82, , , , 
2022-07-22 05:57:00,27.83, , , , 
2022-07-22 05:58:00,27.83, , , , 
2022-07-22 05:59:00,27.83, , , , 
2022-07-22 06:00:00,27.82, , , , 
2022-07-22 06:01:00,27.82, , , , 
2022-07-22 06:02:00,27.82, , , , 
2022-07-22 06:03:00,27.81, , , , 
2022-07-22 06:04:00,27.81, , , , 
2022-07-22 06:05:00,27.82, , , , 
2022-07-22 06:06:00,27.85, , , , 
2022-07-22 06:07:00,27.83, , , , 
2022-07-22 06:08:00,27.86, , , , 
2022-07-22 06:09:00,27.85, , , , 
2022-07-22 06:10:00,27.88, , , , 
2022-07-22 06:11:00,27.86, , , , 
2022-07-22 06:12:00,27.85, , , , 
2022-07-22 06:13:00,27.83, , , , 
2022-07-22 06:14:00,27.81, , , , 
2022-07-22 06:15:00,27.79, , , , 
2022-07-22 06:16:00,27.76, , , , 
2022-07-22 06:17:00,27.72, , , , 
2022-07-22 06:18:00,27.72, , , , 
2022-07-22 06:19:00,27.70, , , , 
2022-07-22 06:20:00,27.69, , , , 
2022-07-22 06:21:00,27.66, , , , 
2022-07-22 06:22:00,27.65, , , , 
2022-07-22 06:23:00,27.59, , , , 
2022-07-22 06:24:00,27.58, , , , 
2022-07-22 06:25:00,27.56, , , , 
2022-07-22 06:26:00,27.55, , , , 
2022-07-22 06:27:00,27.56, , , , 
2022-07-22 06:28:00,27.52, , , , 
2022-07-22 06:29:00,27.52, , , , 
2022-07-22 06:30:00,27.50, , , , 
2022-07-22 06:31:00,27.47, , , , 
2022-07-22 06:32:00,27.45, , , , 
2022-07-22 06:33:00,27.46, , , , 
2022-07-22 06:34:00,27.42, , , , 
2022-07-22 06:35:00,27.43, , , , 
2022-07-22 06:36:00,27.43, , , , 
2022-07-22 06:37:00,27.40, , , , 
2022-07-22 06:38:00,27.36, , , , 
2022-07-22 06:39:00,27.36, , , , 
2022-07-22 06:40:00,27.34, , , , 
2022-07-22 06:41:00,27.42, , , , 
2022-07-22 06:42:00,27.52, , , , 
2022-07-22 06:43:00,27.54, , , , 
2022-07-22 06:44:00,27.53, , , , 
2022-07-22 06:45:00,27.54, , , , 
2022-07-22 06:46:00,27.50, , , , 
2022-07-22 06:47:00,27.49, , , , 
2022-07-22 06:48:00,27.46, , , , 
2022-07-22 06:49:00,27.45, , , , 
2022-07-22 06:50:00,27.42, , , , 
2022-07-22 06:51:00,27.40, , , , 
2022-07-22 06:52:00,27.40, , , , 
2022-07-22 06:53:00,27.36, , , , 
2022-07-22 06:54:00,27.35, , , , 
2022-07-22 06:55:00,27.35, , , , 
2022-07-22 06:56:00,27.31, , , , 
2022-07-22 06:57:00,27.28, , , , 
2022-07-22 06:58:00,27.25, , , , 
2022-07-22 06:59:00,27.26, , , , 
2022-07-22 07:00:00,27.23, , , , 
2022-07-22 07:01:00,27.22, , , , 
2022-07-22 07:02:00,27.15, , , , 
2022-07-22 07:03:00,27.10, , , , 
2022-07-22 07:04:00,26.99, , , , 
2022-07-22 07:05:00,26.93, , , , 
2022-07-22 07:06:00,26.82, , , , 
2022-07-22 07:07:00,26.71, , , , 
2022-07-22 07:08:00,26.58, , , , 
2022-07-22 07:09:00,26.48, , , , 
2022-07-22 07:10:00,26.36, , , , 
2022-07-22 07:11:00,26.24, , , , 
2022-07-22 07:12:00,26.12, , , , 
2022-07-22 07:13:00,26.04, , , , 
2022-07-22 07:14:00,25.95, , , , 
2022-07-22 07:15:00,25.91, , , , 
2022-07-22 07:16:00,25.87, , , , 
2022-07-22 07:17:00,25.81, , , , 
2022-07-22 07:18:00,25.80, , , , 
2022-07-22 07:19:00,25.78, , , , 
2022-07-22 07:20:00,25.74, , , , 
2022-07-22 07:21:00,25.75, , , , 
2022-07-22 07:22:00,25.76, , , , 
2022-07-22 07:23:00,25.75, , , , 
2022-07-22 07:24:00,25.73, , , , 
2022-07-22 07:25:00,25.73, , , , 
2022-07-22 07:26:00,25.72, , , , 
2022-07-22 07:27:00,25.71, , , , 
2022-07-22 07:28:00,25.72, , , , 
2022-07-22 07:29:00,25.72, , , , 
2022-07-22 07:30:00,25.73, , , , 
2022-07-22 07:31:00,25.73, , , , 
2022-07-22 07:32:00,25.72, , , , 
2022-07-22 07:33:00,25.74, , , , 
2022-07-22 07:34:00,25.74, , , , 
2022-07-22 07:35:00,25.73, , , , 
2022-07-22 07:36:00,25.74, , , , 
2022-07-22 07:37:00,25.73, , , , 
2022-07-22 07:38:00,25.72, , , , 
2022-07-22 07:39:00,25.75, , , , 
2022-07-22 07:40:00,25.74, , , , 
2022-07-22 07:41:00,25.74, , , , 
2022-07-22 07:42:00,25.74, , , , 
2022-07-22 07:43:00,25.73, , , , 
2022-07-22 07:44:00,25.74, , , , 
2022-07-22 07:45:00,25.74, , , , 
2022-07-22 07:46:00,25.74, , , , 
2022-07-22 07:47:00,25.74, , , , 
2022-07-22 07:48:00,25.74, , , , 
2022-07-22 07:49:00,25.74, , , , 
2022-07-22 07:50:00,25.75, , , , 
2022-07-22 07:51:00,25.74, , , , 
2022-07-22 07:52:00,25.75, , , , 
2022-07-22 07:53:00,25.76, , , , 
2022-07-22 07:54:00,25.75, , , , 
2022-07-22 07:55:00,25.76, , , , 
2022-07-22 07:56:00,25.75, , , , 
2022-07-22 07:57:00,25.76, , , , 
2022-07-22 07:58:00,25.77, , , , 
2022-07-22 07:59:00,25.75, , , , 
2022-07-22 08:00:00,25.75, , , , 
2022-07-22 08:01:00,25.75, , , , 
2022-07-22 08:02:00,25.77, , , , 
2022-07-22 08:03:00,25.77, , , , 
2022-07-22 08:04:00,25.74, , , , 
2022-07-22 08:05:00,25.75, , , , 
2022-07-22 08:06:00,25.76, , , , 
2022-07-22 08:07:00,25.76, , , , 
2022-07-22 08:08:00,25.77, , , , 
2022-07-22 08:09:00,25.76, , , , 
2022-07-22 08:10:00,25.76, , , , 
2022-07-22 08:11:00,25.80, , , , 
2022-07-22 08:12:00,25.80, , , , 
2022-07-22 08:13:00,25.76, , , , 
2022-07-22 08:14:00,25.77, , , , 
2022-07-22 08:15:00,25.78, , , , 
2022-07-22 08:16:00,25.79, , , , 
2022-07-22 08:17:00,25.80, , , , 
2022-07-22 08:18:00,25.79, , , , 
2022-07-22 08:19:00,25.79, , , , 
2022-07-22 08:20:00,25.79, , , , 
2022-07-22 08:21:00,25.79, , , , 
2022-07-22 08:22:00,25.80, , , , 
2022-07-22 08:23:00,25.80, , , , 
2022-07-22 08:24:00,25.79, , , , 
2022-07-22 08:25:00,25.80, , , , 
2022-07-22 08:26:00,25.80, , , , 
2022-07-22 08:27:00,25.80, , , , 
2022-07-22 08:28:00,25.80, , , , 
2022-07-22 08:29:00,25.80, , , , 
2022-07-22 08:30:00,25.81, , , , 
2022-07-22 08:31:00,25.80, , , , 
2022-07-22 08:32:00,25.80, , , , 
2022-07-22 08:33:00,25.81, , , , 
2022-07-22 08:34:00,25.81, , , , 
2022-07-22 08:35:00,25.82, , , , 
2022-07-22 08:36:00,25.82, , , , 
2022-07-22 08:37:00,25.82, , , , 
2022-07-22 08:38:00,25.82, , , , 
2022-07-22 08:39:00,25.81, , , , 
2022-07-22 08:40:00,25.82, , , , 
2022-07-22 08:41:00,25.80, , , , 
2022-07-22 08:42:00,25.83, , , , 
2022-07-22 08:43:00,25.83, , , , 
2022-07-22 08:44:00,25.86, , , , 
2022-07-22 08:45:00,25.84, , , , 
2022-07-22 08:46:00,25.83, , , , 
2022-07-22 08:47:00,25.82, , , , 
2022-07-22 08:48:00,25.82, , , , 
2022-07-22 08:49:00,25.82, , , , 
2022-07-22 08:50:00,25.82, , , , 
2022-07-22 08:51:00,25.81, , , , 
2022-07-22 08:52:00,25.82, , , , 
2022-07-22 08:53:00,25.83, , , , 
2022-07-22 08:54:00,25.83, , , , 
2022-07-22 08:55:00,25.86, , , , 
2022-07-22 08:56:00,25.84, , , , 
2022-07-22 08:57:00,25.84, , , , 
2022-07-22 08:58:00,25.84, , , , 
2022-07-22 08:59:00,25.84, , , , 
2022-07-22 09:00:00,25.84, , , , 
2022-07-22 09:01:00,25.87, , , , 
2022-07-22 09:02:00,25.84, , , , 
2022-07-22 09:03:00,25.84, , , , 
2022-07-22 09:04:00,25.90, , , , 
2022-07-22 09:05:00,25.87, , , , 
2022-07-22 09:06:00,25.88, , , , 
2022-07-22 09:07:00,25.87, , , , 
2022-07-22 09:08:00,25.89, , , , 
2022-07-22 09:09:00,25.88, , , , 
2022-07-22 09:10:00,25.89, , , , 
2022-07-22 09:11:00,25.88, , , , 
2022-07-22 09:12:00,25.90, , , , 
2022-07-22 09:13:00,25.89, , , , 
2022-07-22 09:14:00,25.89, , , , 
2022-07-22 09:15:00,25.90, , , , 
2022-07-22 09:16:00,25.90, , , , 
2022-07-22 09:17:00,25.90, , , , 
2022-07-22 09:18:00,25.90, , , , 
2022-07-22 09:19:00,25.90, , , , 
2022-07-22 09:20:00,25.91, , , , 
2022-07-22 09:21:00,25.90, , , , 
2022-07-22 09:22:00,25.93, , , , 
2022-07-22 09:23:00,25.93, , , , 
2022-07-22 09:24:00,25.91, , , , 
2022-07-22 09:25:00,25.92, , , , 
2022-07-22 09:26:00,25.91, , , , 
2022-07-22 09:27:00,25.93, , , , 
2022-07-22 09:28:00,25.95, , , , 
2022-07-22 09:29:00,25.97, , , , 
2022-07-22 09:30:00,25.93, , , , 
2022-07-22 09:31:00,25.94, , , , 
2022-07-22 09:32:00,25.94, , , , 
2022-07-22 09:33:00,25.93, , , , 
2022-07-22 09:34:00,25.95, , , , 
2022-07-22 09:35:00,25.92, , , , 
2022-07-22 09:36:00,25.94, , , , 
2022-07-22 09:37:00,25.94, , , , 
2022-07-22 09:38:00,25.93, , , , 
2022-07-22 09:39:00,25.92, , , , 
2022-07-22 09:40:00,25.93, , , , 
2022-07-22 09:41:00,25.95, , , , 
2022-07-22 09:42:00,25.93, , , , 
2022-07-22 09:43:00,25.98, , , , 
2022-07-22 09:44:00,25.96, , , , 
2022-07-22 09:45:00,25.97, , , , 
2022-07-22 09:46:00,25.98, , , , 
2022-07-22 09:47:00,25.99, , , , 
2022-07-22 09:48:00,25.97, , , , 
2022-07-22 09:49:00,25.98, , , , 
2022-07-22 09:50:00,25.99, , , , 
2022-07-22 09:51:00,25.97, , , , 
2022-07-22 09:52:00,25.99, , , , 
2022-07-22 09:53:00,25.98, , , , 
2022-07-22 09:54:00,26.01, , , , 
2022-07-22 09:55:00,26.01, , , , 
2022-07-22 09:56:00,26.01, , , , 
2022-07-22 09:57:00,26.02, , , , 
2022-07-22 09:58:00,26.04, , , , 
2022-07-22 09:59:00,26.03, , , , 
2022-07-22 10:00:00,26.04, , , , 
2022-07-22 10:01:00,26.03, , , , 
2022-07-22 10:02:00,26.01, , , , 
2022-07-22 10:03:00,26.02, , , , 
2022-07-22 10:04:00,26.06, , , , 
2022-07-22 10:05:00,26.04, , , , 
2022-07-22 10:06:00,26.04, , , , 
2022-07-22 10:07:00,26.04, , , , 
2022-07-22 10:08:00,26.05, , , , 
2022-07-22 10:09:00,26.06, , , , 
2022-07-22 10:10:00,26.07, , , , 
2022-07-22 10:11:00,26.05, , , , 
2022-07-22 10:12:00,26.06, , , , 
2022-07-22 10:13:00,26.04, , , , 
2022-07-22 10:14:00,26.05, , , , 
2022-07-22 10:15:00,26.06, , , , 
2022-07-22 10:16:00,26.05, , , , 
2022-07-22 10:17:00,26.07, , , , 
2022-07-22 10:18:00,26.06, , , , 
2022-07-22 10:19:00,26.04, , , , 
2022-07-22 10:20:00,25.97, , , , 
2022-07-22 10:21:00,25.93, , , , 
2022-07-22 10:22:00,25.89, , , , 
2022-07-22 10:23:00,25.88, , , , 
2022-07-22 10:24:00,25.87, , , , 
2022-07-22 10:25:00,25.83, , , , 
2022-07-22 10:26:00,25.83, , , , 
2022-07-22 10:27:00,25.83, , , , 
2022-07-22 10:28:00,25.83, , , , 
2022-07-22 10:29:00,25.82, , , , 
2022-07-22 10:30:00,25.84, , , , 
2022-07-22 10:31:00,25.82, , , , 
2022-07-22 10:32:00,25.83, , , , 
2022-07-22 10:33:00,25.84, , , , 
2022-07-22 10:34:00,25.82, , , , 
2022-07-22 10:35:00,25.84, , , , 
2022-07-22 10:36:00,25.86, , , , 
2022-07-22 10:37:00,25.86, , , , 
2022-07-22 10:38:00,25.84, , , , 
2022-07-22 10:39:00,25.87, , , , 
2022-07-22 10:40:00,25.87, , , , 
2022-07-22 10:41:00,25.89, , , , 
2022-07-22 10:42:00,25.86, , , , 
2022-07-22 10:43:00,25.83, , , , 
2022-07-22 10:44:00,25.82, , , , 
2022-07-22 10:45:00,25.82, , , , 
2022-07-22 10:46:00,25.82, , , , 
2022-07-22 10:47:00,25.82, , , , 
2022-07-22 10:48:00,25.81, , , , 
2022-07-22 10:49:00,25.80, , , , 
2022-07-22 10:50:00,25.80, , , , 
2022-07-22 10:51:00,25.78, , , , 
2022-07-22 10:52:00,25.79, , , , 
2022-07-22 10:53:00,25.80, , , , 
2022-07-22 10:54:00,25.79, , , , 
2022-07-22 10:55:00,25.80, , , , 
2022-07-22 10:56:00,25.80, , , , 
2022-07-22 10:57:00,25.77, , , , 
2022-07-22 10:58:00,25.81, , , , 
2022-07-22 10:59:00,25.76, , , , 
2022-07-22 11:00:00,25.77, , , , 
2022-07-22 11:01:00,25.77, , , , 
2022-07-22 11:02:00,25.76, , , , 
2022-07-22 11:03:00,25.77, , , , 
2022-07-22 11:04:00,25.77, , , , 
2022-07-22 11:05:00,25.74, , , , 
2022-07-22 11:06:00,25.76, , , , 
2022-07-22 11:07:00,25.76, , , , 
2022-07-22 11:08:00,25.76, , , , 
2022-07-22 11:09:00,25.76, , , , 
2022-07-22 11:10:00,25.74, , , , 
2022-07-22 11:11:00,25.73, , , , 
2022-07-22 11:12:00,25.72, , , , 
2022-07-22 11:13:00,25.72, , , , 
2022-07-22 11:14:00,25.72, , , , 
2022-07-22 11:15:00,25.71, , , , 
2022-07-22 11:16:00,25.71, , , , 
2022-07-22 11:17:00,25.71, , , , 
2022-07-22 11:18:00,25.67, , , , 
2022-07-22 11:19:00,25.68, , , , 
2022-07-22 11:20:00,25.65, , , , 
2022-07-22 11:21:00,25.66, , , , 
2022-07-22 11:22:00,25.66, , , , 
2022-07-22 11:23:00,25.66, , , , 
2022-07-22 11:24:00,25.67, , , , 
2022-07-22 11:25:00,25.66, , , , 
2022-07-22 11:26:00,25.66, , , , 
2022-07-22 11:27:00,25.67, , , , 
2022-07-22 11:28:00,25.64, , , , 
2022-07-22 11:29:00,25.65, , , , 
2022-07-22 11:30:00,25.64, , , , 
2022-07-22 11:31:00,25.64, , , , 
2022-07-22 11:32:00,25.63, , , , 
2022-07-22 11:33:00,25.63, , , , 
2022-07-22 11:34:00,25.64, , , , 
2022-07-22 11:35:00,25.62, , , , 
2022-07-22 11:36:00,25.62, , , , 
2022-07-22 11:37:00,25.62, , , , 
2022-07-22 11:37:46, ,Logged, , , 
2022-07-22 11:38:00,25.63, , , , 
2022-07-22 11:39:00,25.61, , , , 
2022-07-22 11:40:00,25.53, , , , 
2022-07-22 11:41:00,25.50, , , , 
2022-07-22 11:42:00,25.45, , , , 
2022-07-22 11:43:00,25.42, , , , 
2022-07-22 11:44:00,25.42, , , , 
2022-07-22 11:45:00,25.38, , , , 
2022-07-22 11:46:00,25.38, , , , 
2022-07-22 11:47:00,25.38, , , , 
2022-07-22 11:48:00,25.38, , , , 
2022-07-22 11:49:00,25.35, , , , 
2022-07-22 11:50:00,25.36, , , , 
2022-07-22 11:51:00,25.36, , , , 
2022-07-22 11:52:00,25.35, , , , 
2022-07-22 11:53:00,25.36, , , , 
2022-07-22 11:54:00,25.34, , , , 
2022-07-22 11:55:00,25.33, , , , 
2022-07-22 11:56:00,25.33, , , , 
2022-07-22 11:57:00,25.35, , , , 
2022-07-22 11:58:00,25.30, , , , 
2022-07-22 11:59:00,25.30, , , , 
2022-07-22 12:00:00,25.32, , , , 
2022-07-22 12:01:00,25.32, , , , 
2022-07-22 12:02:00,25.30, , , , 
2022-07-22 12:03:00,25.31, , , , 
2022-07-22 12:04:00,25.31, , , , 
2022-07-22 12:05:00,25.34, , , , 
2022-07-22 12:06:00,25.38, , , , 
2022-07-22 12:07:00,25.40, , , , 
2022-07-22 12:08:00,25.45, , , , 
2022-07-22 12:09:00,25.52, , , , 
2022-07-22 12:10:00,25.59, , , , 
2022-07-22 12:11:00,25.66, , , , 
2022-07-22 12:12:00,25.73, , , , 
2022-07-22 12:13:00,25.79, , , , 
2022-07-22 12:14:00,25.86, , , , 
2022-07-22 12:15:00,25.92, , , , 
2022-07-22 12:16:00,25.99, , , , 
2022-07-22 12:17:00,26.07, , , , 
2022-07-22 12:18:00,26.15, , , , 
2022-07-22 12:19:00,26.19, , , , 
2022-07-22 12:20:00,26.30, , , , 
2022-07-22 12:21:00,26.36, , , , 
2022-07-22 12:22:00,26.42, , , , 
2022-07-22 12:23:00,26.52, , , , 
2022-07-22 12:24:00,26.61, , , , 
2022-07-22 12:25:00,26.67, , , , 
2022-07-22 12:26:00,26.76, , , , 
2022-07-22 12:27:00,26.83, , , , 
2022-07-22 12:28:00,26.90, , , , 
2022-07-22 12:29:00,26.98, , , , 
2022-07-22 12:30:00,27.04, , , , 
2022-07-22 12:31:00,27.13, , , , 
2022-07-22 12:32:00,27.15, , , , 
2022-07-22 12:33:00,27.24, , , , 
2022-07-22 12:34:00,27.30, , , , 
2022-07-22 12:35:00,27.38, , , , 
2022-07-22 12:36:00,27.46, , , , 
2022-07-22 12:37:00,27.50, , , , 
2022-07-22 12:38:00,27.57, , , , 
2022-07-22 12:39:00,27.64, , , , 
2022-07-22 12:40:00,27.67, , , , 
2022-07-22 12:41:00,27.71, , , , 
2022-07-22 12:42:00,27.76, , , , 
2022-07-22 12:43:00,27.83, , , , 
2022-07-22 12:44:00,27.86, , , , 
2022-07-22 12:45:00,27.95, , , , 
2022-07-22 12:46:00,27.96, , , , 
2022-07-22 12:47:00,28.01, , , , 
2022-07-22 12:48:00,28.01, , , , 
2022-07-22 12:49:00,28.06, , , , 
2022-07-22 12:50:00,28.10, , , , 
2022-07-22 12:51:00,28.15, , , , 
2022-07-22 12:52:00,28.20, , , , 
2022-07-22 12:53:00,28.24, , , , 
2022-07-22 12:54:00,28.31, , , , 
2022-07-22 12:55:00,28.35, , , , 
2022-07-22 12:56:00,28.38, , , , 
2022-07-22 12:57:00,28.42, , , , 
2022-07-22 12:58:00,28.49, , , , 
2022-07-22 12:59:00,28.49, , , , 
2022-07-22 13:00:00,28.54, , , , 
2022-07-22 13:01:00,28.55, , , , 
2022-07-22 13:02:00,28.62, , , , 
2022-07-22 13:03:00,28.65, , , , 
2022-07-22 13:04:00,28.71, , , , 
2022-07-22 13:05:00,28.71, , , , 
2022-07-22 13:06:00,28.75, , , , 
2022-07-22 13:07:00,28.78, , , , 
2022-07-22 13:08:00,28.82, , , , 
2022-07-22 13:09:00,28.84, , , , 
2022-07-22 13:10:00,28.86, , , , 
2022-07-22 13:11:00,28.90, , , , 
2022-07-22 13:12:00,28.94, , , , 
2022-07-22 13:13:00,28.98, , , , 
2022-07-22 13:14:00,29.00, , , , 
2022-07-22 13:15:00,29.03, , , , 
2022-07-22 13:16:00,29.05, , , , 
2022-07-22 13:17:00,29.08, , , , 
2022-07-22 13:18:00,29.12, , , , 
2022-07-22 13:19:00,29.12, , , , 
2022-07-22 13:20:00,29.16, , , , 
2022-07-22 13:21:00,29.18, , , , 
2022-07-22 13:22:00,29.22, , , , 
2022-07-22 13:23:00,29.23, , , , 
2022-07-22 13:24:00,29.27, , , , 
2022-07-22 13:25:00,29.28, , , , 
2022-07-22 13:26:00,29.29, , , , 
2022-07-22 13:27:00,29.33, , , , 
2022-07-22 13:28:00,29.32, , , , 
2022-07-22 13:29:00,29.37, , , , 
2022-07-22 13:30:00,29.37, , , , 
2022-07-22 13:31:00,29.41, , , , 
2022-07-22 13:32:00,29.42, , , , 
2022-07-22 13:33:00,29.45, , , , 
2022-07-22 13:34:00,29.47, , , , 
2022-07-22 13:35:00,29.49, , , , 
2022-07-22 13:36:00,29.50, , , , 
2022-07-22 13:37:00,29.54, , , , 
2022-07-22 13:38:00,29.54, , , , 
2022-07-22 13:39:00,29.53, , , , 
2022-07-22 13:40:00,29.58, , , , 
2022-07-22 13:41:00,29.57, , , , 
2022-07-22 13:42:00,29.51, , , , 
2022-07-22 13:43:00,29.50, , , , 
2022-07-22 13:44:00,29.48, , , , 
2022-07-22 13:45:00,29.45, , , , 
2022-07-22 13:46:00,29.41, , , , 
2022-07-22 13:47:00,29.34, , , , 
2022-07-22 13:48:00,29.29, , , , 
2022-07-22 13:49:00,29.22, , , , 
2022-07-22 13:50:00,29.20, , , , 
2022-07-22 13:51:00,29.18, , , , 
2022-07-22 13:52:00,29.09, , , , 
2022-07-22 13:53:00,29.08, , , , 
2022-07-22 13:54:00,29.07, , , , 
2022-07-22 13:55:00,29.03, , , , 
2022-07-22 13:56:00,29.02, , , , 
2022-07-22 13:57:00,28.98, , , , 
2022-07-22 13:58:00,28.98, , , , 
2022-07-22 13:59:00,28.97, , , , 
2022-07-22 14:00:00,28.93, , , , 
2022-07-22 14:01:00,28.91, , , , 
2022-07-22 14:02:00,28.97, , , , 
2022-07-22 14:03:00,28.95, , , , 
2022-07-22 14:04:00,28.92, , , , 
2022-07-22 14:05:00,28.92, , , , 
2022-07-22 14:06:00,28.92, , , , 
2022-07-22 14:07:00,28.87, , , , 
2022-07-22 14:08:00,28.90, , , , 
2022-07-22 14:09:00,28.86, , , , 
2022-07-22 14:10:00,28.86, , , , 
2022-07-22 14:11:00,28.84, , , , 
2022-07-22 14:12:00,28.86, , , , 
2022-07-22 14:13:00,28.85, , , , 
2022-07-22 14:14:00,28.85, , , , 
2022-07-22 14:15:00,28.82, , , , 
2022-07-22 14:16:00,28.82, , , , 
2022-07-22 14:17:00,28.84, , , , 
2022-07-22 14:18:00,28.79, , , , 
2022-07-22 14:19:00,28.80, , , , 
2022-07-22 14:20:00,28.79, , , , 
2022-07-22 14:21:00,28.74, , , , 
2022-07-22 14:22:00,28.76, , , , 
2022-07-22 14:23:00,28.74, , , , 
2022-07-22 14:24:00,28.73, , , , 
2022-07-22 14:25:00,28.73, , , , 
2022-07-22 14:26:00,28.70, , , , 
2022-07-22 14:27:00,28.69, , , , 
2022-07-22 14:28:00,28.70, , , , 
2022-07-22 14:29:00,28.70, , , , 
2022-07-22 14:30:00,28.67, , , , 
2022-07-22 14:31:00,28.63, , , , 
2022-07-22 14:32:00,28.62, , , , 
2022-07-22 14:33:00,28.59, , , , 
2022-07-22 14:34:00,28.58, , , , 
2022-07-22 14:35:00,28.56, , , , 
2022-07-22 14:36:00,28.54, , , , 
2022-07-22 14:37:00,28.50, , , , 
2022-07-22 14:38:00,28.50, , , , 
2022-07-22 14:39:00,28.49, , , , 
2022-07-22 14:40:00,28.46, , , , 
2022-07-22 14:41:00,28.42, , , , 
2022-07-22 14:42:00,28.41, , , , 
2022-07-22 14:43:00,28.34, , , , 
2022-07-22 14:44:00,28.35, , , , 
2022-07-22 14:45:00,28.33, , , , 
2022-07-22 14:46:00,28.32, , , , 
2022-07-22 14:47:00,28.28, , , , 
2022-07-22 14:48:00,28.29, , , , 
2022-07-22 14:49:00,28.30, , , , 
2022-07-22 14:50:00,28.29, , , , 
2022-07-22 14:51:00,28.27, , , , 
2022-07-22 14:52:00,28.26, , , , 
2022-07-22 14:53:00,28.28, , , , 
2022-07-22 14:54:00,28.27, , , , 
2022-07-22 14:55:00,28.28, , , , 
2022-07-22 14:56:00,28.27, , , , 
2022-07-22 14:57:00,28.26, , , , 
2022-07-22 14:58:00,28.27, , , , 
2022-07-22 14:59:00,28.26, , , , 
2022-07-22 15:00:00,28.24, , , , 
2022-07-22 15:01:00,28.24, , , , 
2022-07-22 15:02:00,28.24, , , , 
2022-07-22 15:03:00,28.25, , , , 
2022-07-22 15:04:00,28.26, , , , 
2022-07-22 15:05:00,28.26, , , , 
2022-07-22 15:06:00,28.26, , , , 
2022-07-22 15:07:00,28.26, , , , 
2022-07-22 15:08:00,28.24, , , , 
2022-07-22 15:09:00,28.26, , , , 
2022-07-22 15:10:00,28.25, , , , 
2022-07-22 15:11:00,28.25, , , , 
2022-07-22 15:12:00,28.24, , , , 
2022-07-22 15:13:00,28.23, , , , 
2022-07-22 15:14:00,28.21, , , , 
2022-07-22 15:15:00,28.21, , , , 
2022-07-22 15:16:00,28.23, , , , 
2022-07-22 15:17:00,28.21, , , , 
2022-07-22 15:18:00,28.20, , , , 
2022-07-22 15:19:00,28.23, , , , 
2022-07-22 15:20:00,28.19, , , , 
2022-07-22 15:21:00,27.91, , , , 
2022-07-22 15:22:00,27.61, , , , 
2022-07-22 15:23:00,27.41, , , , 
2022-07-22 15:24:00,27.22, , , , 
2022-07-22 15:25:00,26.34, , , , 
2022-07-22 15:26:00,25.93, , , , 
2022-07-22 15:27:00,25.80, , , , 
2022-07-22 15:28:00,25.82, , , , 
2022-07-22 15:29:00,25.88, , , , 
2022-07-22 15:30:00,25.91, , , , 
2022-07-22 15:31:00,25.94, , , , 
2022-07-22 15:32:00,26.01, , , , 
2022-07-22 15:33:00,26.03, , , , 
2022-07-22 15:34:00,26.06, , , , 
2022-07-22 15:35:00,26.07, , , , 
2022-07-22 15:36:00,26.09, , , , 
2022-07-22 15:37:00,26.13, , , , 
2022-07-22 15:38:00,26.15, , , , 
2022-07-22 15:39:00,26.18, , , , 
2022-07-22 15:40:00,26.17, , , , 
2022-07-22 15:41:00,26.18, , , , 
2022-07-22 15:42:00,26.12, , , , 
2022-07-22 15:43:00,26.09, , , , 
2022-07-22 15:44:00,26.09, , , , 
2022-07-22 15:45:00,26.04, , , , 
2022-07-22 15:46:00,26.01, , , , 
2022-07-22 15:47:00,26.02, , , , 
2022-07-22 15:48:00,25.93, , , , 
2022-07-22 15:49:00,25.87, , , , 
2022-07-22 15:50:00,25.83, , , , 
2022-07-22 15:51:00,25.80, , , , 
2022-07-22 15:52:00,25.80, , , , 
2022-07-22 15:53:00,25.80, , , , 
2022-07-22 15:54:00,25.81, , , , 
2022-07-22 15:55:00,25.78, , , , 
2022-07-22 15:56:00,25.75, , , , 
2022-07-22 15:57:00,25.71, , , , 
2022-07-22 15:58:00,25.68, , , , 
2022-07-22 15:59:00,25.67, , , , 
2022-07-22 16:00:00,25.65, , , , 
2022-07-22 16:01:00,25.67, , , , 
2022-07-22 16:02:00,25.71, , , , 
2022-07-22 16:03:00,25.66, , , , 
2022-07-22 16:04:00,25.66, , , , 
2022-07-22 16:05:00,25.63, , , , 
2022-07-22 16:06:00,25.57, , , , 
2022-07-22 16:07:00,25.50, , , , 
2022-07-22 16:08:00,25.40, , , , 
2022-07-22 16:09:00,25.35, , , , 
2022-07-22 16:10:00,25.29, , , , 
2022-07-22 16:11:00,25.20, , , , 
2022-07-22 16:12:00,25.14, , , , 
2022-07-22 16:13:00,25.09, , , , 
2022-07-22 16:14:00,25.14, , , , 
2022-07-22 16:15:00,25.21, , , , 
2022-07-22 16:16:00,25.28, , , , 
2022-07-22 16:17:00,25.30, , , , 
2022-07-22 16:18:00,25.36, , , , 
2022-07-22 16:19:00,25.36, , , , 
2022-07-22 16:20:00,25.37, , , , 
2022-07-22 16:21:00,25.37, , , , 
2022-07-22 16:22:00,25.38, , , , 
2022-07-22 16:23:00,25.43, , , , 
2022-07-22 16:24:00,25.43, , , , 
2022-07-22 16:25:00,25.45, , , , 
2022-07-22 16:26:00,25.44, , , , 
2022-07-22 16:27:00,25.40, , , , 
2022-07-22 16:28:00,25.42, , , , 
2022-07-22 16:29:00,25.40, , , , 
2022-07-22 16:30:00,25.42, , , , 
2022-07-22 16:31:00,25.44, , , , 
2022-07-22 16:32:00,25.42, , , , 
2022-07-22 16:33:00,25.43, , , , 
2022-07-22 16:34:00,25.45, , , , 
2022-07-22 16:35:00,25.45, , , , 
2022-07-22 16:36:00,25.45, , , , 
2022-07-22 16:37:00,25.43, , , , 
2022-07-22 16:38:00,25.40, , , , 
2022-07-22 16:39:00,25.37, , , , 
2022-07-22 16:40:00,25.37, , , , 
2022-07-22 16:41:00,25.35, , , , 
2022-07-22 16:42:00,25.36, , , , 
2022-07-22 16:43:00,25.33, , , , 
2022-07-22 16:44:00,25.33, , , , 
2022-07-22 16:45:00,25.31, , , , 
2022-07-22 16:46:00,25.32, , , , 
2022-07-22 16:47:00,25.28, , , , 
2022-07-22 16:48:00,25.29, , , , 
2022-07-22 16:49:00,25.28, , , , 
2022-07-22 16:50:00,25.27, , , , 
2022-07-22 16:51:00,25.22, , , , 
2022-07-22 16:52:00,25.27, , , , 
2022-07-22 16:53:00,25.16, , , , 
2022-07-22 16:54:00,24.83, , , , 
2022-07-22 16:55:00,24.09, , , , 
2022-07-22 16:56:00,23.26, , , , 
2022-07-22 16:57:00,22.54, , , , 
2022-07-22 16:58:00,21.96, , , , 
2022-07-22 16:59:00,21.47, , , , 
2022-07-22 17:00:00,21.05, , , , 
2022-07-22 17:01:00,20.71, , , , 
2022-07-22 17:02:00,20.44, , , , 
2022-07-22 17:03:00,20.24, , , , 
2022-07-22 17:04:00,20.04, , , , 
2022-07-22 17:05:00,19.89, , , , 
2022-07-22 17:06:00,19.74, , , , 
2022-07-22 17:07:00,19.56, , , , 
2022-07-22 17:08:00,19.46, , , , 
2022-07-22 17:09:00,19.41, , , , 
2022-07-22 17:10:00,19.33, , , , 
2022-07-22 17:11:00,19.28, , , , 
2022-07-22 17:12:00,19.22, , , , 
2022-07-22 17:13:00,19.15, , , , 
2022-07-22 17:14:00,19.14, , , , 
2022-07-22 17:15:00,19.15, , , , 
2022-07-22 17:16:00,19.15, , , , 
2022-07-22 17:17:00,19.13, , , , 
2022-07-22 17:18:00,19.09, , , , 
2022-07-22 17:19:00,19.07, , , , 
2022-07-22 17:20:00,19.01, , , , 
2022-07-22 17:21:00,18.98, , , , 
2022-07-22 17:22:00,18.97, , , , 
2022-07-22 17:23:00,18.97, , , , 
2022-07-22 17:24:00,18.94, , , , 
2022-07-22 17:25:00,18.94, , , , 
2022-07-22 17:26:00,18.93, , , , 
2022-07-22 17:27:00,18.94, , , , 
2022-07-22 17:28:00,18.95, , , , 
2022-07-22 17:29:00,19.00, , , , 
2022-07-22 17:30:00,19.03, , , , 
2022-07-22 17:31:00,19.02, , , , 
2022-07-22 17:32:00,19.02, , , , 
2022-07-22 17:33:00,19.01, , , , 
2022-07-22 17:34:00,18.96, , , , 
2022-07-22 17:35:00,18.91, , , , 
2022-07-22 17:36:00,18.87, , , , 
2022-07-22 17:37:00,18.87, , , , 
2022-07-22 17:38:00,18.93, , , , 
2022-07-22 17:39:00,18.98, , , , 
2022-07-22 17:40:00,19.04, , , , 
2022-07-22 17:41:00,19.02, , , , 
2022-07-22 17:42:00,19.06, , , , 
2022-07-22 17:43:00,19.07, , , , 
2022-07-22 17:44:00,19.06, , , , 
2022-07-22 17:45:00,19.06, , , , 
2022-07-22 17:46:00,19.07, , , , 
2022-07-22 17:47:00,19.07, , , , 
2022-07-22 17:48:00,19.11, , , , 
2022-07-22 17:49:00,19.18, , , , 
2022-07-22 17:50:00,19.23, , , , 
2022-07-22 17:51:00,19.22, , , , 
2022-07-22 17:52:00,19.24, , , , 
2022-07-22 17:53:00,19.27, , , , 
2022-07-22 17:54:00,19.23, , , , 
2022-07-22 17:55:00,19.25, , , , 
2022-07-22 17:56:00,19.24, , , , 
2022-07-22 17:57:00,19.26, , , , 
2022-07-22 17:58:00,19.30, , , , 
2022-07-22 17:59:00,19.30, , , , 
2022-07-22 18:00:00,19.30, , , , 
2022-07-22 18:01:00,19.33, , , , 
2022-07-22 18:02:00,19.32, , , , 
2022-07-22 18:03:00,19.32, , , , 
2022-07-22 18:04:00,19.36, , , , 
2022-07-22 18:05:00,19.45, , , , 
2022-07-22 18:06:00,19.60, , , , 
2022-07-22 18:07:00,19.79, , , , 
2022-07-22 18:08:00,19.91, , , , 
2022-07-22 18:09:00,20.01, , , , 
2022-07-22 18:10:00,20.02, , , , 
2022-07-22 18:11:00,20.04, , , , 
2022-07-22 18:12:00,20.09, , , , 
2022-07-22 18:13:00,20.19, , , , 
2022-07-22 18:14:00,20.29, , , , 
2022-07-22 18:15:00,20.39, , , , 
2022-07-22 18:16:00,20.53, , , , 
2022-07-22 18:17:00,20.66, , , , 
2022-07-22 18:18:00,20.81, , , , 
2022-07-22 18:19:00,20.86, , , , 
2022-07-22 18:20:00,20.94, , , , 
2022-07-22 18:21:00,21.54, , , , 
2022-07-22 18:22:00,22.48, , , , 
2022-07-22 18:23:00,23.15, , , , 
2022-07-22 18:24:00,23.59, , , , 
2022-07-22 18:25:00,23.88, , , , 
2022-07-22 18:26:00,24.12, , , , 
2022-07-22 18:27:00,24.31, , , , 
2022-07-22 18:28:00,24.38, , , , 
2022-07-22 18:29:00,24.40, , , , 
2022-07-22 18:30:00,24.42, , , , 
2022-07-22 18:31:00,24.44, , , , 
2022-07-22 18:32:00,24.45, , , , 
2022-07-22 18:33:00,24.44, , , , 
2022-07-22 18:34:00,24.39, , , , 
2022-07-22 18:35:00,24.35, , , , 
2022-07-22 18:36:00,24.31, , , , 
2022-07-22 18:37:00,24.28, , , , 
2022-07-22 18:38:00,24.24, , , , 
2022-07-22 18:39:00,24.17, , , , 
2022-07-22 18:40:00,24.10, , , , 
2022-07-22 18:41:00,23.99, , , , 
2022-07-22 18:42:00,23.91, , , , 
2022-07-22 18:43:00,23.87, , , , 
2022-07-22 18:44:00,23.77, , , , 
2022-07-22 18:45:00,23.72, , , , 
2022-07-22 18:46:00,23.66, , , , 
2022-07-22 18:47:00,23.65, , , , 
2022-07-22 18:48:00,23.60, , , , 
2022-07-22 18:49:00,23.60, , , , 
2022-07-22 18:50:00,23.55, , , , 
2022-07-22 18:51:00,23.46, , , , 
2022-07-22 18:52:00,23.41, , , , 
2022-07-22 18:53:00,23.34, , , , 
2022-07-22 18:54:00,23.28, , , , 
2022-07-22 18:55:00,23.24, , , , 
2022-07-22 18:56:00,23.17, , , , 
2022-07-22 18:57:00,23.08, , , , 
2022-07-22 18:58:00,23.01, , , , 
2022-07-22 18:59:00,22.98, , , , 
2022-07-22 19:00:00,22.94, , , , 
2022-07-22 19:01:00,22.87, , , , 
2022-07-22 19:02:00,22.79, , , , 
2022-07-22 19:03:00,22.71, , , , 
2022-07-22 19:04:00,22.66, , , , 
2022-07-22 19:05:00,22.62, , , , 
2022-07-22 19:06:00,22.54, , , , 
2022-07-22 19:07:00,22.44, , , , 
2022-07-22 19:08:00,22.37, , , , 
2022-07-22 19:09:00,22.37, , , , 
2022-07-22 19:10:00,22.34, , , , 
2022-07-22 19:11:00,22.31, , , , 
2022-07-22 19:12:00,22.31, , , , 
2022-07-22 19:13:00,22.32, , , , 
2022-07-22 19:14:00,22.33, , , , 
2022-07-22 19:15:00,22.32, , , , 
2022-07-22 19:16:00,22.34, , , , 
2022-07-22 19:17:00,22.26, , , , 
2022-07-22 19:18:00,22.25, , , , 
2022-07-22 19:19:00,22.23, , , , 
2022-07-22 19:20:00,22.19, , , , 
2022-07-22 19:21:00,22.16, , , , 
2022-07-22 19:22:00,22.10, , , , 
2022-07-22 19:23:00,22.04, , , , 
2022-07-22 19:24:00,21.90, , , , 
2022-07-22 19:25:00,21.89, , , , 
2022-07-22 19:26:00,21.96, , , , 
2022-07-22 19:27:00,21.96, , , , 
2022-07-22 19:28:00,21.96, , , , 
2022-07-22 19:29:00,21.92, , , , 
2022-07-22 19:30:00,21.90, , , , 
2022-07-22 19:31:00,21.87, , , , 
2022-07-22 19:32:00,21.83, , , , 
2022-07-22 19:33:00,21.80, , , , 
2022-07-22 19:34:00,21.78, , , , 
2022-07-22 19:35:00,21.84, , , , 
2022-07-22 19:36:00,21.83, , , , 
2022-07-22 19:37:00,21.87, , , , 
2022-07-22 19:38:00,21.90, , , , 
2022-07-22 19:39:00,21.87, , , , 
2022-07-22 19:40:00,21.88, , , , 
2022-07-22 19:41:00,21.83, , , , 
2022-07-22 19:42:00,21.81, , , , 
2022-07-22 19:43:00,21.74, , , , 
2022-07-22 19:44:00,21.68, , , , 
2022-07-22 19:45:00,21.65, , , , 
2022-07-22 19:46:00,21.69, , , , 
2022-07-22 19:47:00,21.66, , , , 
2022-07-22 19:48:00,21.69, , , , 
2022-07-22 19:49:00,21.73, , , , 
2022-07-22 19:50:00,21.77, , , , 
2022-07-22 19:51:00,21.79, , , , 
2022-07-22 19:52:00,21.79, , , , 
2022-07-22 19:53:00,21.77, , , , 
2022-07-22 19:54:00,21.77, , , , 
2022-07-22 19:55:00,21.70, , , , 
2022-07-22 19:56:00,21.72, , , , 
2022-07-22 19:57:00,21.69, , , , 
2022-07-22 19:58:00,21.69, , , , 
2022-07-22 19:59:00,21.66, , , , 
2022-07-22 20:00:00,21.67, , , , 
2022-07-22 20:01:00,21.68, , , , 
2022-07-22 20:02:00,21.66, , , , 
2022-07-22 20:03:00,21.63, , , , 
2022-07-22 20:04:00,21.62, , , , 
2022-07-22 20:05:00,21.55, , , , 
2022-07-22 20:06:00,21.59, , , , 
2022-07-22 20:07:00,21.62, , , , 
2022-07-22 20:08:00,21.64, , , , 
2022-07-22 20:09:00,21.64, , , , 
2022-07-22 20:10:00,21.66, , , , 
2022-07-22 20:11:00,21.65, , , , 
2022-07-22 20:12:00,21.67, , , , 
2022-07-22 20:13:00,21.67, , , , 
2022-07-22 20:14:00,21.66, , , , 
2022-07-22 20:15:00,21.68, , , , 
2022-07-22 20:16:00,21.70, , , , 
2022-07-22 20:17:00,21.72, , , , 
2022-07-22 20:18:00,21.76, , , , 
2022-07-22 20:19:00,21.74, , , , 
2022-07-22 20:20:00,21.73, , , , 
2022-07-22 20:21:00,21.72, , , , 
2022-07-22 20:22:00,21.68, , , , 
2022-07-22 20:23:00,21.67, , , , 
2022-07-22 20:24:00,21.69, , , , 
2022-07-22 20:25:00,21.70, , , , 
2022-07-22 20:26:00,21.72, , , , 
2022-07-22 20:27:00,21.72, , , , 
2022-07-22 20:28:00,21.67, , , , 
2022-07-22 20:29:00,21.65, , , , 
2022-07-22 20:30:00,21.68, , , , 
2022-07-22 20:31:00,21.64, , , , 
2022-07-22 20:32:00,21.64, , , , 
2022-07-22 20:33:00,21.66, , , , 
2022-07-22 20:34:00,21.69, , , , 
2022-07-22 20:35:00,21.69, , , , 
2022-07-22 20:36:00,21.69, , , , 
2022-07-22 20:37:00,21.68, , , , 
2022-07-22 20:38:00,21.66, , , , 
2022-07-22 20:39:00,21.69, , , , 
2022-07-22 20:40:00,21.65, , , , 
2022-07-22 20:41:00,21.62, , , , 
2022-07-22 20:42:00,21.64, , , , 
2022-07-22 20:43:00,21.64, , , , 
2022-07-22 20:44:00,21.66, , , , 
2022-07-22 20:45:00,21.64, , , , 
2022-07-22 20:46:00,21.62, , , , 
2022-07-22 20:47:00,21.60, , , , 
2022-07-22 20:48:00,21.60, , , , 
2022-07-22 20:49:00,21.51, , , , 
2022-07-22 20:50:00,21.57, , , , 
2022-07-22 20:51:00,21.60, , , , 
2022-07-22 20:52:00,21.57, , , , 
2022-07-22 20:53:00,21.59, , , , 
2022-07-22 20:54:00,21.60, , , , 
2022-07-22 20:55:00,21.61, , , , 
2022-07-22 20:56:00,21.62, , , , 
2022-07-22 20:57:00,21.60, , , , 
2022-07-22 20:58:00,21.61, , , , 
2022-07-22 20:59:00,21.53, , , , 
2022-07-22 21:00:00,21.55, , , , 
2022-07-22 21:01:00,21.51, , , , 
2022-07-22 21:02:00,21.51, , , , 
2022-07-22 21:03:00,21.47, , , , 
2022-07-22 21:04:00,21.45, , , , 
2022-07-22 21:05:00,21.45, , , , 
2022-07-22 21:06:00,21.46, , , , 
2022-07-22 21:07:00,21.45, , , , 
2022-07-22 21:08:00,21.43, , , , 
2022-07-22 21:09:00,21.42, , , , 
2022-07-22 21:10:00,21.43, , , , 
2022-07-22 21:11:00,21.39, , , , 
2022-07-22 21:12:00,21.39, , , , 
2022-07-22 21:13:00,21.40, , , , 
2022-07-22 21:14:00,21.44, , , , 
2022-07-22 21:15:00,21.43, , , , 
2022-07-22 21:16:00,21.47, , , , 
2022-07-22 21:17:00,21.50, , , , 
2022-07-22 21:18:00,21.53, , , , 
2022-07-22 21:19:00,21.51, , , , 
2022-07-22 21:20:00,21.50, , , , 
2022-07-22 21:21:00,21.47, , , , 
2022-07-22 21:22:00,21.47, , , , 
2022-07-22 21:23:00,21.47, , , , 
2022-07-22 21:24:00,21.44, , , , 
2022-07-22 21:25:00,21.37, , , , 
2022-07-22 21:26:00,21.40, , , , 
2022-07-22 21:27:00,21.43, , , , 
2022-07-22 21:28:00,21.45, , , , 
2022-07-22 21:29:00,21.45, , , , 
2022-07-22 21:30:00,21.45, , , , 
2022-07-22 21:31:00,21.44, , , , 
2022-07-22 21:32:00,21.45, , , , 
2022-07-22 21:33:00,21.39, , , , 
2022-07-22 21:34:00,21.37, , , , 
2022-07-22 21:35:00,21.33, , , , 
2022-07-22 21:36:00,21.28, , , , 
2022-07-22 21:37:00,21.27, , , , 
2022-07-22 21:38:00,21.22, , , , 
2022-07-22 21:39:00,21.23, , , , 
2022-07-22 21:40:00,21.28, , , , 
2022-07-22 21:41:00,21.24, , , , 
2022-07-22 21:42:00,21.28, , , , 
2022-07-22 21:43:00,21.28, , , , 
2022-07-22 21:44:00,21.32, , , , 
2022-07-22 21:45:00,21.29, , , , 
2022-07-22 21:46:00,21.30, , , , 
2022-07-22 21:47:00,21.24, , , , 
2022-07-22 21:48:00,21.23, , , , 
2022-07-22 21:49:00,21.25, , , , 
2022-07-22 21:50:00,21.25, , , , 
2022-07-22 21:51:00,21.28, , , , 
2022-07-22 21:52:00,21.28, , , , 
2022-07-22 21:53:00,21.28, , , , 
2022-07-22 21:54:00,21.22, , , , 
2022-07-22 21:55:00,21.23, , , , 
2022-07-22 21:56:00,21.20, , , , 
2022-07-22 21:57:00,21.16, , , , 
2022-07-22 21:58:00,21.13, , , , 
2022-07-22 21:59:00,21.05, , , , 
2022-07-22 22:00:00,21.11, , , , 
2022-07-22 22:01:00,21.17, , , , 
2022-07-22 22:02:00,21.19, , , , 
2022-07-22 22:03:00,21.20, , , , 
2022-07-22 22:04:00,21.24, , , , 
2022-07-22 22:05:00,21.23, , , , 
2022-07-22 22:06:00,21.21, , , , 
2022-07-22 22:07:00,21.20, , , , 
2022-07-22 22:08:00,21.17, , , , 
2022-07-22 22:09:00,21.18, , , , 
2022-07-22 22:10:00,21.18, , , , 
2022-07-22 22:11:00,21.17, , , , 
2022-07-22 22:12:00,21.20, , , , 
2022-07-22 22:13:00,21.18, , , , 
2022-07-22 22:14:00,21.20, , , , 
2022-07-22 22:15:00,21.19, , , , 
2022-07-22 22:16:00,21.21, , , , 
2022-07-22 22:17:00,21.18, , , , 
2022-07-22 22:18:00,21.13, , , , 
2022-07-22 22:19:00,21.10, , , , 
2022-07-22 22:20:00,21.08, , , , 
2022-07-22 22:21:00,21.05, , , , 
2022-07-22 22:22:00,21.07, , , , 
2022-07-22 22:23:00,21.06, , , , 
2022-07-22 22:24:00,21.09, , , , 
2022-07-22 22:25:00,21.13, , , , 
2022-07-22 22:26:00,21.10, , , , 
2022-07-22 22:27:00,21.11, , , , 
2022-07-22 22:28:00,21.11, , , , 
2022-07-22 22:29:00,21.10, , , , 
2022-07-22 22:30:00,21.09, , , , 
2022-07-22 22:31:00,21.11, , , , 
2022-07-22 22:32:00,21.17, , , , 
2022-07-22 22:33:00,21.21, , , , 
2022-07-22 22:34:00,21.19, , , , 
2022-07-22 22:35:00,21.20, , , , 
2022-07-22 22:36:00,21.18, , , , 
2022-07-22 22:37:00,21.16, , , , 
2022-07-22 22:38:00,21.17, , , , 
2022-07-22 22:39:00,21.16, , , , 
2022-07-22 22:40:00,21.11, , , , 
2022-07-22 22:41:00,21.09, , , , 
2022-07-22 22:42:00,21.09, , , , 
2022-07-22 22:43:00,21.08, , , , 
2022-07-22 22:44:00,21.06, , , , 
2022-07-22 22:45:00,21.08, , , , 
2022-07-22 22:46:00,21.07, , , , 
2022-07-22 22:47:00,21.08, , , , 
2022-07-22 22:48:00,21.06, , , , 
2022-07-22 22:49:00,21.05, , , , 
2022-07-22 22:50:00,21.02, , , , 
2022-07-22 22:51:00,21.04, , , , 
2022-07-22 22:52:00,21.06, , , , 
2022-07-22 22:53:00,21.07, , , , 
2022-07-22 22:54:00,21.07, , , , 
2022-07-22 22:55:00,21.06, , , , 
2022-07-22 22:56:00,21.06, , , , 
2022-07-22 22:57:00,21.09, , , , 
2022-07-22 22:58:00,21.09, , , , 
2022-07-22 22:59:00,21.10, , , , 
2022-07-22 23:00:00,21.09, , , , 
2022-07-22 23:01:00,21.11, , , , 
2022-07-22 23:02:00,21.08, , , , 
2022-07-22 23:03:00,21.10, , , , 
2022-07-22 23:04:00,21.09, , , , 
2022-07-22 23:05:00,21.14, , , , 
2022-07-22 23:06:00,21.15, , , , 
2022-07-22 23:07:00,21.16, , , , 
2022-07-22 23:08:00,21.13, , , , 
2022-07-22 23:09:00,21.09, , , , 
2022-07-22 23:10:00,21.06, , , , 
2022-07-22 23:11:00,21.05, , , , 
2022-07-22 23:12:00,21.06, , , , 
2022-07-22 23:13:00,21.06, , , , 
2022-07-22 23:14:00,21.11, , , , 
2022-07-22 23:15:00,21.07, , , , 
2022-07-22 23:16:00,21.09, , , , 
2022-07-22 23:17:00,21.15, , , , 
2022-07-22 23:18:00,21.16, , , , 
2022-07-22 23:19:00,21.19, , , , 
2022-07-22 23:20:00,21.18, , , , 
2022-07-22 23:21:00,21.17, , , , 
2022-07-22 23:22:00,21.21, , , , 
2022-07-22 23:23:00,21.23, , , , 
2022-07-22 23:24:00,21.27, , , , 
2022-07-22 23:25:00,21.23, , , , 
2022-07-22 23:26:00,21.20, , , , 
2022-07-22 23:27:00,21.20, , , , 
2022-07-22 23:28:00,21.16, , , , 
2022-07-22 23:29:00,21.16, , , , 
2022-07-22 23:30:00,21.13, , , , 
2022-07-22 23:31:00,21.10, , , , 
2022-07-22 23:32:00,21.09, , , , 
2022-07-22 23:33:00,21.09, , , , 
2022-07-22 23:34:00,21.14, , , , 
2022-07-22 23:35:00,21.14, , , , 
2022-07-22 23:36:00,21.08, , , , 
2022-07-22 23:37:00,21.11, , , , 
2022-07-22 23:38:00,21.11, , , , 
2022-07-22 23:39:00,21.09, , , , 
2022-07-22 23:40:00,21.06, , , , 
2022-07-22 23:41:00,21.05, , , , 
2022-07-22 23:42:00,21.10, , , , 
2022-07-22 23:43:00,21.13, , , , 
2022-07-22 23:44:00,21.11, , , , 
2022-07-22 23:45:00,21.16, , , , 
2022-07-22 23:46:00,21.14, , , , 
2022-07-22 23:47:00,21.13, , , , 
2022-07-22 23:48:00,21.07, , , , 
2022-07-22 23:49:00,21.08, , , , 
2022-07-22 23:50:00,21.04, , , , 
2022-07-22 23:51:00,21.05, , , , 
2022-07-22 23:52:00,21.04, , , , 
2022-07-22 23:53:00,21.05, , , , 
2022-07-22 23:54:00,21.06, , , , 
2022-07-22 23:55:00,21.02, , , , 
2022-07-22 23:56:00,21.00, , , , 
2022-07-22 23:57:00,20.98, , , , 
2022-07-22 23:58:00,20.92, , , , 
2022-07-22 23:59:00,20.92, , , , 
2022-07-23 00:00:00,20.94, , , , 
2022-07-23 00:01:00,21.01, , , , 
2022-07-23 00:02:00,21.06, , , , 
2022-07-23 00:03:00,21.10, , , , 
2022-07-23 00:04:00,21.16, , , , 
2022-07-23 00:05:00,21.17, , , , 
2022-07-23 00:06:00,21.20, , , , 
2022-07-23 00:07:00,21.25, , , , 
2022-07-23 00:08:00,21.27, , , , 
2022-07-23 00:09:00,21.30, , , , 
2022-07-23 00:10:00,21.35, , , , 
2022-07-23 00:11:00,21.38, , , , 
2022-07-23 00:12:00,21.43, , , , 
2022-07-23 00:13:00,21.45, , , , 
2022-07-23 00:14:00,21.45, , , , 
2022-07-23 00:15:00,21.50, , , , 
2022-07-23 00:16:00,21.53, , , , 
2022-07-23 00:17:00,21.59, , , , 
2022-07-23 00:18:00,21.62, , , , 
2022-07-23 00:19:00,21.65, , , , 
2022-07-23 00:20:00,21.67, , , , 
2022-07-23 00:21:00,21.73, , , , 
2022-07-23 00:22:00,21.80, , , , 
2022-07-23 00:23:00,21.88, , , , 
2022-07-23 00:24:00,21.96, , , , 
2022-07-23 00:25:00,21.99, , , , 
2022-07-23 00:26:00,22.03, , , , 
2022-07-23 00:27:00,22.07, , , , 
2022-07-23 00:28:00,22.11, , , , 
2022-07-23 00:29:00,22.13, , , , 
2022-07-23 00:30:00,22.14, , , , 
2022-07-23 00:31:00,22.18, , , , 
2022-07-23 00:32:00,22.18, , , , 
2022-07-23 00:33:00,22.23, , , , 
2022-07-23 00:34:00,22.25, , , , 
2022-07-23 00:35:00,22.27, , , , 
2022-07-23 00:36:00,22.29, , , , 
2022-07-23 00:37:00,22.34, , , , 
2022-07-23 00:38:00,22.37, , , , 
2022-07-23 00:39:00,22.41, , , , 
2022-07-23 00:40:00,22.41, , , , 
2022-07-23 00:41:00,22.47, , , , 
2022-07-23 00:42:00,22.50, , , , 
2022-07-23 00:43:00,22.49, , , , 
2022-07-23 00:44:00,22.52, , , , 
2022-07-23 00:45:00,22.61, , , , 
2022-07-23 00:46:00,22.69, , , , 
2022-07-23 00:47:00,22.73, , , , 
2022-07-23 00:48:00,22.77, , , , 
2022-07-23 00:49:00,22.83, , , , 
2022-07-23 00:50:00,22.84, , , , 
2022-07-23 00:51:00,22.91, , , , 
2022-07-23 00:52:00,22.92, , , , 
2022-07-23 00:53:00,22.97, , , , 
2022-07-23 00:54:00,23.00, , , , 
2022-07-23 00:55:00,22.96, , , , 
2022-07-23 00:56:00,23.00, , , , 
2022-07-23 00:57:00,23.00, , , , 
2022-07-23 00:58:00,23.08, , , , 
2022-07-23 00:59:00,23.14, , , , 
2022-07-23 01:00:00,23.18, , , , 
2022-07-23 01:01:00,23.24, , , , 
2022-07-23 01:02:00,23.25, , , , 
2022-07-23 01:03:00,23.28, , , , 
2022-07-23 01:04:00,23.32, , , , 
2022-07-23 01:05:00,23.34, , , , 
2022-07-23 01:06:00,23.34, , , , 
2022-07-23 01:07:00,23.34, , , , 
2022-07-23 01:08:00,23.38, , , , 
2022-07-23 01:09:00,23.45, , , , 
2022-07-23 01:10:00,23.53, , , , 
2022-07-23 01:11:00,23.58, , , , 
2022-07-23 01:12:00,23.59, , , , 
2022-07-23 01:13:00,23.62, , , , 
2022-07-23 01:14:00,23.66, , , , 
2022-07-23 01:15:00,23.68, , , , 
2022-07-23 01:16:00,23.71, , , , 
2022-07-23 01:17:00,23.79, , , , 
2022-07-23 01:18:00,23.86, , , , 
2022-07-23 01:19:00,23.90, , , , 
2022-07-23 01:20:00,23.96, , , , 
2022-07-23 01:21:00,24.01, , , , 
2022-07-23 01:22:00,24.06, , , , 
2022-07-23 01:23:00,24.16, , , , 
2022-07-23 01:24:00,24.24, , , , 
2022-07-23 01:25:00,24.26, , , , 
2022-07-23 01:26:00,24.29, , , , 
2022-07-23 01:27:00,24.36, , , , 
2022-07-23 01:28:00,24.42, , , , 
2022-07-23 01:29:00,24.50, , , , 
2022-07-23 01:30:00,24.53, , , , 
2022-07-23 01:31:00,24.55, , , , 
2022-07-23 01:32:00,24.60, , , , 
2022-07-23 01:33:00,24.68, , , , 
2022-07-23 01:34:00,24.73, , , , 
2022-07-23 01:35:00,24.77, , , , 
2022-07-23 01:36:00,24.82, , , , 
2022-07-23 01:37:00,24.84, , , , 
2022-07-23 01:38:00,24.89, , , , 
2022-07-23 01:39:00,24.98, , , , 
2022-07-23 01:40:00,25.06, , , , 
2022-07-23 01:41:00,25.13, , , , 
2022-07-23 01:42:00,25.14, , , , 
2022-07-23 01:43:00,25.15, , , , 
2022-07-23 01:44:00,25.18, , , , 
2022-07-23 01:45:00,25.23, , , , 
2022-07-23 01:46:00,25.30, , , , 
2022-07-23 01:47:00,25.38, , , , 
2022-07-23 01:48:00,25.40, , , , 
2022-07-23 01:49:00,25.45, , , , 
2022-07-23 01:50:00,25.38, , , , 
2022-07-23 01:51:00,25.16, , , , 
2022-07-23 01:52:00,24.71, , , , 
2022-07-23 01:53:00,24.29, , , , 
2022-07-23 01:54:00,24.16, , , , 
2022-07-23 01:55:00,23.77, , , , 
2022-07-23 01:56:00,23.01, , , , 
2022-07-23 01:57:00,22.41, , , , 
2022-07-23 01:58:00,21.69, , , , 
2022-07-23 01:59:00,21.02, , , , 
2022-07-23 02:00:00,20.57, , , , 
2022-07-23 02:01:00,20.37, , , , 
2022-07-23 02:02:00,20.14, , , , 
2022-07-23 02:03:00,19.79, , , , 
2022-07-23 02:04:00,19.37, , , , 
2022-07-23 02:05:00,19.10, , , , 
2022-07-23 02:06:00,18.85, , , , 
2022-07-23 02:07:00,18.70, , , , 
2022-07-23 02:08:00,18.59, , , , 
2022-07-23 02:09:00,18.58, , , , 
2022-07-23 02:10:00,18.59, , , , 
2022-07-23 02:11:00,18.53, , , , 
2022-07-23 02:12:00,18.43, , , , 
2022-07-23 02:13:00,18.32, , , , 
2022-07-23 02:14:00,18.14, , , , 
2022-07-23 02:15:00,18.02, , , , 
2022-07-23 02:16:00,17.92, , , , 
2022-07-23 02:17:00,17.90, , , , 
2022-07-23 02:18:00,18.00, , , , 
2022-07-23 02:19:00,18.21, , , , 
2022-07-23 02:20:00,18.72, , , , 
2022-07-23 02:21:00,19.38, , , , 
2022-07-23 02:22:00,19.95, , , , 
2022-07-23 02:23:00,20.44, , , , 
2022-07-23 02:24:00,20.84, , , , 
2022-07-23 02:25:00,21.19, , , , 
2022-07-23 02:26:00,21.43, , , , 
2022-07-23 02:27:00,21.65, , , , 
2022-07-23 02:28:00,21.87, , , , 
2022-07-23 02:29:00,22.02, , , , 
2022-07-23 02:30:00,22.14, , , , 
2022-07-23 02:31:00,22.24, , , , 
2022-07-23 02:32:00,22.31, , , , 
2022-07-23 02:33:00,22.37, , , , 
2022-07-23 02:34:00,22.39, , , , 
2022-07-23 02:35:00,22.44, , , , 
2022-07-23 02:36:00,22.48, , , , 
2022-07-23 02:37:00,22.51, , , , 
2022-07-23 02:38:00,22.58, , , , 
2022-07-23 02:39:00,22.62, , , , 
2022-07-23 02:40:00,22.69, , , , 
2022-07-23 02:41:00,22.75, , , , 
2022-07-23 02:42:00,22.80, , , , 
2022-07-23 02:43:00,22.84, , , , 
2022-07-23 02:44:00,22.87, , , , 
2022-07-23 02:45:00,22.90, , , , 
2022-07-23 02:46:00,22.95, , , , 
2022-07-23 02:47:00,22.97, , , , 
2022-07-23 02:48:00,22.99, , , , 
2022-07-23 02:49:00,22.99, , , , 
2022-07-23 02:50:00,23.00, , , , 
2022-07-23 02:51:00,23.02, , , , 
2022-07-23 02:52:00,23.06, , , , 
2022-07-23 02:53:00,23.06, , , , 
2022-07-23 02:54:00,23.08, , , , 
2022-07-23 02:55:00,23.09, , , , 
2022-07-23 02:56:00,23.11, , , , 
2022-07-23 02:57:00,23.12, , , , 
2022-07-23 02:58:00,23.14, , , , 
2022-07-23 02:59:00,23.14, , , , 
2022-07-23 03:00:00,23.14, , , , 
2022-07-23 03:01:00,23.15, , , , 
2022-07-23 03:02:00,23.17, , , , 
2022-07-23 03:03:00,23.18, , , , 
2022-07-23 03:04:00,23.20, , , , 
2022-07-23 03:05:00,23.21, , , , 
2022-07-23 03:06:00,23.22, , , , 
2022-07-23 03:07:00,23.22, , , , 
2022-07-23 03:08:00,23.22, , , , 
2022-07-23 03:09:00,23.23, , , , 
2022-07-23 03:10:00,23.25, , , , 
2022-07-23 03:11:00,23.26, , , , 
2022-07-23 03:12:00,23.25, , , , 
2022-07-23 03:13:00,23.25, , , , 
2022-07-23 03:14:00,23.27, , , , 
2022-07-23 03:15:00,23.29, , , , 
2022-07-23 03:16:00,23.27, , , , 
2022-07-23 03:17:00,23.27, , , , 
2022-07-23 03:18:00,23.29, , , , 
2022-07-23 03:19:00,23.30, , , , 
2022-07-23 03:20:00,23.30, , , , 
2022-07-23 03:21:00,23.30, , , , 
2022-07-23 03:22:00,23.32, , , , 
2022-07-23 03:23:00,23.34, , , , 
2022-07-23 03:24:00,23.32, , , , 
2022-07-23 03:25:00,23.31, , , , 
2022-07-23 03:26:00,23.30, , , , 
2022-07-23 03:27:00,23.30, , , , 
2022-07-23 03:28:00,23.30, , , , 
2022-07-23 03:29:00,23.28, , , , 
2022-07-23 03:30:00,23.31, , , , 
2022-07-23 03:31:00,23.31, , , , 
2022-07-23 03:32:00,23.34, , , , 
2022-07-23 03:33:00,23.34, , , , 
2022-07-23 03:34:00,23.32, , , , 
2022-07-23 03:35:00,23.38, , , , 
2022-07-23 03:36:00,23.38, , , , 
2022-07-23 03:37:00,23.37, , , , 
2022-07-23 03:38:00,23.36, , , , 
2022-07-23 03:39:00,23.37, , , , 
2022-07-23 03:40:00,23.38, , , , 
2022-07-23 03:41:00,23.40, , , , 
2022-07-23 03:42:00,23.39, , , , 
2022-07-23 03:43:00,23.41, , , , 
2022-07-23 03:44:00,23.38, , , , 
2022-07-23 03:45:00,23.40, , , , 
2022-07-23 03:46:00,23.41, , , , 
2022-07-23 03:47:00,23.41, , , , 
2022-07-23 03:48:00,23.40, , , , 
2022-07-23 03:49:00,23.42, , , , 
2022-07-23 03:50:00,23.40, , , , 
2022-07-23 03:51:00,23.40, , , , 
2022-07-23 03:52:00,23.39, , , , 
2022-07-23 03:53:00,23.37, , , , 
2022-07-23 03:54:00,23.40, , , , 
2022-07-23 03:55:00,23.39, , , , 
2022-07-23 03:56:00,23.37, , , , 
2022-07-23 03:57:00,23.37, , , , 
2022-07-23 03:58:00,23.38, , , , 
2022-07-23 03:59:00,23.39, , , , 
2022-07-23 04:00:00,23.40, , , , 
2022-07-23 04:01:00,23.40, , , , 
2022-07-23 04:02:00,23.40, , , , 
2022-07-23 04:03:00,23.40, , , , 
2022-07-23 04:04:00,23.41, , , , 
2022-07-23 04:05:00,23.40, , , , 
2022-07-23 04:06:00,23.41, , , , 
2022-07-23 04:07:00,23.41, , , , 
2022-07-23 04:08:00,23.41, , , , 
2022-07-23 04:09:00,23.41, , , , 
2022-07-23 04:10:00,23.43, , , , 
2022-07-23 04:11:00,23.43, , , , 
2022-07-23 04:12:00,23.44, , , , 
2022-07-23 04:13:00,23.43, , , , 
2022-07-23 04:14:00,23.43, , , , 
2022-07-23 04:15:00,23.43, , , , 
2022-07-23 04:16:00,23.43, , , , 
2022-07-23 04:17:00,23.41, , , , 
2022-07-23 04:18:00,23.43, , , , 
2022-07-23 04:19:00,23.43, , , , 
2022-07-23 04:20:00,23.41, , , , 
2022-07-23 04:21:00,23.40, , , , 
2022-07-23 04:22:00,23.40, , , , 
2022-07-23 04:23:00,23.39, , , , 
2022-07-23 04:24:00,23.40, , , , 
2022-07-23 04:25:00,23.41, , , , 
2022-07-23 04:26:00,23.41, , , , 
2022-07-23 04:27:00,23.42, , , , 
2022-07-23 04:28:00,23.41, , , , 
2022-07-23 04:29:00,23.41, , , , 
2022-07-23 04:30:00,23.43, , , , 
2022-07-23 04:31:00,23.43, , , , 
2022-07-23 04:32:00,23.43, , , , 
2022-07-23 04:33:00,23.43, , , , 
2022-07-23 04:34:00,23.42, , , , 
2022-07-23 04:35:00,23.40, , , , 
2022-07-23 04:36:00,23.42, , , , 
2022-07-23 04:37:00,23.42, , , , 
2022-07-23 04:38:00,23.40, , , , 
2022-07-23 04:39:00,23.41, , , , 
2022-07-23 04:40:00,23.41, , , , 
2022-07-23 04:41:00,23.42, , , , 
2022-07-23 04:42:00,23.42, , , , 
2022-07-23 04:43:00,23.39, , , , 
2022-07-23 04:44:00,23.41, , , , 
2022-07-23 04:45:00,23.37, , , , 
2022-07-23 04:46:00,23.37, , , , 
2022-07-23 04:47:00,23.39, , , , 
2022-07-23 04:48:00,23.39, , , , 
2022-07-23 04:49:00,23.41, , , , 
2022-07-23 04:50:00,23.41, , , , 
2022-07-23 04:51:00,23.41, , , , 
2022-07-23 04:52:00,23.39, , , , 
2022-07-23 04:53:00,23.40, , , , 
2022-07-23 04:54:00,23.40, , , , 
2022-07-23 04:55:00,23.41, , , , 
2022-07-23 04:56:00,23.42, , , , 
2022-07-23 04:57:00,23.41, , , , 
2022-07-23 04:58:00,23.39, , , , 
2022-07-23 04:59:00,23.40, , , , 
2022-07-23 05:00:00,23.39, , , , 
2022-07-23 05:01:00,23.38, , , , 
2022-07-23 05:02:00,23.39, , , , 
2022-07-23 05:03:00,23.39, , , , 
2022-07-23 05:04:00,23.39, , , , 
2022-07-23 05:05:00,23.39, , , , 
2022-07-23 05:06:00,23.41, , , , 
2022-07-23 05:07:00,23.39, , , , 
2022-07-23 05:08:00,23.39, , , , 
2022-07-23 05:09:00,23.38, , , , 
2022-07-23 05:10:00,23.41, , , , 
2022-07-23 05:11:00,23.37, , , , 
2022-07-23 05:12:00,23.34, , , , 
2022-07-23 05:13:00,23.35, , , , 
2022-07-23 05:14:00,23.36, , , , 
2022-07-23 05:15:00,23.36, , , , 
2022-07-23 05:16:00,23.36, , , , 
2022-07-23 05:17:00,23.35, , , , 
2022-07-23 05:18:00,23.32, , , , 
2022-07-23 05:19:00,23.34, , , , 
2022-07-23 05:20:00,23.30, , , , 
2022-07-23 05:21:00,23.30, , , , 
2022-07-23 05:22:00,23.29, , , , 
2022-07-23 05:23:00,23.29, , , , 
2022-07-23 05:24:00,23.27, , , , 
2022-07-23 05:25:00,23.29, , , , 
2022-07-23 05:26:00,23.30, , , , 
2022-07-23 05:27:00,23.30, , , , 
2022-07-23 05:28:00,23.30, , , , 
2022-07-23 05:29:00,23.27, , , , 
2022-07-23 05:30:00,23.26, , , , 
2022-07-23 05:31:00,23.27, , , , 
2022-07-23 05:32:00,23.29, , , , 
2022-07-23 05:33:00,23.29, , , , 
2022-07-23 05:34:00,23.27, , , , 
2022-07-23 05:35:00,23.30, , , , 
2022-07-23 05:36:00,23.32, , , , 
2022-07-23 05:37:00,23.30, , , , 
2022-07-23 05:38:00,23.34, , , , 
2022-07-23 05:39:00,23.31, , , , 
2022-07-23 05:40:00,23.31, , , , 
2022-07-23 05:41:00,23.30, , , , 
2022-07-23 05:42:00,23.28, , , , 
2022-07-23 05:43:00,23.32, , , , 
2022-07-23 05:44:00,23.30, , , , 
2022-07-23 05:45:00,23.34, , , , 
2022-07-23 05:46:00,23.34, , , , 
2022-07-23 05:47:00,23.32, , , , 
2022-07-23 05:48:00,23.36, , , , 
2022-07-23 05:49:00,23.34, , , , 
2022-07-23 05:50:00,23.34, , , , 
2022-07-23 05:51:00,23.31, , , , 
2022-07-23 05:52:00,23.30, , , , 
2022-07-23 05:53:00,23.24, , , , 
2022-07-23 05:54:00,23.17, , , , 
2022-07-23 05:55:00,23.06, , , , 
2022-07-23 05:56:00,22.97, , , , 
2022-07-23 05:57:00,22.84, , , , 
2022-07-23 05:58:00,22.77, , , , 
2022-07-23 05:59:00,22.68, , , , 
2022-07-23 06:00:00,22.63, , , , 
2022-07-23 06:01:00,22.60, , , , 
2022-07-23 06:02:00,22.52, , , , 
2022-07-23 06:03:00,22.52, , , , 
2022-07-23 06:04:00,22.52, , , , 
2022-07-23 06:05:00,22.52, , , , 
2022-07-23 06:06:00,22.53, , , , 
2022-07-23 06:07:00,22.54, , , , 
2022-07-23 06:08:00,22.54, , , , 
2022-07-23 06:09:00,22.54, , , , 
2022-07-23 06:10:00,22.52, , , , 
2022-07-23 06:11:00,22.53, , , , 
2022-07-23 06:12:00,22.52, , , , 
2022-07-23 06:13:00,22.53, , , , 
2022-07-23 06:14:00,22.43, , , , 
2022-07-23 06:15:00,22.25, , , , 
2022-07-23 06:16:00,22.16, , , , 
2022-07-23 06:17:00,22.06, , , , 
2022-07-23 06:18:00,21.99, , , , 
2022-07-23 06:19:00,21.99, , , , 
2022-07-23 06:20:00,22.02, , , , 
2022-07-23 06:21:00,21.99, , , , 
2022-07-23 06:22:00,22.39, , , , 
2022-07-23 06:23:00,23.01, , , , 
2022-07-23 06:24:00,23.41, , , , 
2022-07-23 06:25:00,23.67, , , , 
2022-07-23 06:26:00,23.87, , , , 
2022-07-23 06:27:00,23.95, , , , 
2022-07-23 06:28:00,24.05, , , , 
2022-07-23 06:29:00,24.13, , , , 
2022-07-23 06:30:00,24.15, , , , 
2022-07-23 06:31:00,24.08, , , , 
2022-07-23 06:32:00,24.02, , , , 
2022-07-23 06:33:00,24.00, , , , 
2022-07-23 06:34:00,23.98, , , , 
2022-07-23 06:35:00,23.91, , , , 
2022-07-23 06:36:00,23.85, , , , 
2022-07-23 06:37:00,23.77, , , , 
2022-07-23 06:38:00,23.72, , , , 
2022-07-23 06:39:00,23.66, , , , 
2022-07-23 06:40:00,23.62, , , , 
2022-07-23 06:41:00,23.56, , , , 
2022-07-23 06:42:00,23.51, , , , 
2022-07-23 06:43:00,23.46, , , , 
2022-07-23 06:44:00,23.37, , , , 
2022-07-23 06:45:00,23.29, , , , 
2022-07-23 06:46:00,23.26, , , , 
2022-07-23 06:47:00,23.13, , , , 
2022-07-23 06:48:00,23.10, , , , 
2022-07-23 06:49:00,23.06, , , , 
2022-07-23 06:50:00,23.00, , , , 
2022-07-23 06:51:00,22.97, , , , 
2022-07-23 06:52:00,22.92, , , , 
2022-07-23 06:53:00,22.84, , , , 
2022-07-23 06:54:00,22.81, , , , 
2022-07-23 06:55:00,22.73, , , , 
2022-07-23 06:56:00,22.69, , , , 
2022-07-23 06:57:00,22.63, , , , 
2022-07-23 06:58:00,22.56, , , , 
2022-07-23 06:59:00,22.56, , , , 
2022-07-23 07:00:00,22.50, , , , 
2022-07-23 07:01:00,22.46, , , , 
2022-07-23 07:02:00,22.42, , , , 
2022-07-23 07:03:00,22.37, , , , 
2022-07-23 07:04:00,22.29, , , , 
2022-07-23 07:05:00,22.22, , , , 
2022-07-23 07:06:00,22.17, , , , 
2022-07-23 07:07:00,22.09, , , , 
2022-07-23 07:08:00,22.06, , , , 
2022-07-23 07:09:00,22.03, , , , 
2022-07-23 07:10:00,21.99, , , , 
2022-07-23 07:11:00,21.98, , , , 
2022-07-23 07:12:00,22.01, , , , 
2022-07-23 07:13:00,21.98, , , , 
2022-07-23 07:14:00,21.96, , , , 
2022-07-23 07:15:00,21.94, , , , 
2022-07-23 07:16:00,21.91, , , , 
2022-07-23 07:17:00,21.87, , , , 
2022-07-23 07:18:00,21.79, , , , 
2022-07-23 07:19:00,21.79, , , , 
2022-07-23 07:20:00,21.77, , , , 
2022-07-23 07:21:00,21.74, , , , 
2022-07-23 07:22:00,21.69, , , , 
2022-07-23 07:23:00,21.66, , , , 
2022-07-23 07:24:00,21.66, , , , 
2022-07-23 07:25:00,21.60, , , , 
2022-07-23 07:26:00,21.57, , , , 
2022-07-23 07:27:00,21.52, , , , 
2022-07-23 07:28:00,21.46, , , , 
2022-07-23 07:29:00,21.47, , , , 
2022-07-23 07:30:00,21.45, , , , 
2022-07-23 07:31:00,21.45, , , , 
2022-07-23 07:32:00,21.43, , , , 
2022-07-23 07:33:00,21.38, , , , 
2022-07-23 07:34:00,21.37, , , , 
2022-07-23 07:35:00,21.35, , , , 
2022-07-23 07:36:00,21.33, , , , 
2022-07-23 07:37:00,21.30, , , , 
2022-07-23 07:38:00,21.29, , , , 
2022-07-23 07:39:00,21.33, , , , 
2022-07-23 07:40:00,21.34, , , , 
2022-07-23 07:41:00,21.30, , , , 
2022-07-23 07:42:00,21.27, , , , 
2022-07-23 07:43:00,21.28, , , , 
2022-07-23 07:44:00,21.23, , , , 
2022-07-23 07:45:00,21.20, , , , 
2022-07-23 07:46:00,21.18, , , , 
2022-07-23 07:47:00,21.18, , , , 
2022-07-23 07:48:00,21.18, , , , 
2022-07-23 07:49:00,21.16, , , , 
2022-07-23 07:50:00,21.14, , , , 
2022-07-23 07:51:00,21.11, , , , 
2022-07-23 07:52:00,21.14, , , , 
2022-07-23 07:53:00,21.07, , , , 
2022-07-23 07:54:00,21.04, , , , 
2022-07-23 07:55:00,21.00, , , , 
2022-07-23 07:56:00,20.95, , , , 
2022-07-23 07:57:00,20.94, , , , 
2022-07-23 07:58:00,20.98, , , , 
2022-07-23 07:59:00,20.95, , , , 
2022-07-23 08:00:00,20.95, , , , 
2022-07-23 08:01:00,20.91, , , , 
2022-07-23 08:02:00,20.89, , , , 
2022-07-23 08:03:00,20.92, , , , 
2022-07-23 08:04:00,20.89, , , , 
2022-07-23 08:05:00,20.85, , , , 
2022-07-23 08:06:00,20.90, , , , 
2022-07-23 08:07:00,20.90, , , , 
2022-07-23 08:08:00,20.94, , , , 
2022-07-23 08:09:00,20.91, , , , 
2022-07-23 08:10:00,20.90, , , , 
2022-07-23 08:11:00,20.87, , , , 
2022-07-23 08:12:00,20.86, , , , 
2022-07-23 08:13:00,20.83, , , , 
2022-07-23 08:14:00,20.85, , , , 
2022-07-23 08:15:00,20.87, , , , 
2022-07-23 08:16:00,20.91, , , , 
2022-07-23 08:17:00,20.90, , , , 
2022-07-23 08:18:00,20.91, , , , 
2022-07-23 08:19:00,20.95, , , , 
2022-07-23 08:20:00,20.93, , , , 
2022-07-23 08:21:00,20.92, , , , 
2022-07-23 08:22:00,20.95, , , , 
2022-07-23 08:23:00,20.93, , , , 
2022-07-23 08:24:00,20.90, , , , 
2022-07-23 08:25:00,20.91, , , , 
2022-07-23 08:26:00,20.99, , , , 
2022-07-23 08:27:00,21.01, , , , 
2022-07-23 08:28:00,21.01, , , , 
2022-07-23 08:29:00,20.96, , , , 
2022-07-23 08:30:00,20.91, , , , 
2022-07-23 08:31:00,20.90, , , , 
2022-07-23 08:32:00,20.86, , , , 
2022-07-23 08:33:00,20.83, , , , 
2022-07-23 08:34:00,20.81, , , , 
2022-07-23 08:35:00,20.79, , , , 
2022-07-23 08:36:00,20.77, , , , 
2022-07-23 08:37:00,20.77, , , , 
2022-07-23 08:38:00,20.78, , , , 
2022-07-23 08:39:00,20.79, , , , 
2022-07-23 08:40:00,20.77, , , , 
2022-07-23 08:41:00,20.75, , , , 
2022-07-23 08:42:00,20.78, , , , 
2022-07-23 08:43:00,20.78, , , , 
2022-07-23 08:44:00,20.75, , , , 
2022-07-23 08:45:00,20.74, , , , 
2022-07-23 08:46:00,20.77, , , , 
2022-07-23 08:47:00,20.77, , , , 
2022-07-23 08:48:00,20.78, , , , 
2022-07-23 08:49:00,20.77, , , , 
2022-07-23 08:50:00,20.79, , , , 
2022-07-23 08:51:00,20.81, , , , 
2022-07-23 08:52:00,20.77, , , , 
2022-07-23 08:53:00,20.83, , , , 
2022-07-23 08:54:00,20.81, , , , 
2022-07-23 08:55:00,20.78, , , , 
2022-07-23 08:56:00,20.79, , , , 
2022-07-23 08:57:00,20.76, , , , 
2022-07-23 08:58:00,20.73, , , , 
2022-07-23 08:59:00,20.74, , , , 
2022-07-23 09:00:00,20.74, , , , 
2022-07-23 09:01:00,20.79, , , , 
2022-07-23 09:02:00,20.76, , , , 
2022-07-23 09:03:00,20.78, , , , 
2022-07-23 09:04:00,20.70, , , , 
2022-07-23 09:05:00,20.71, , , , 
2022-07-23 09:06:00,20.71, , , , 
2022-07-23 09:07:00,20.69, , , , 
2022-07-23 09:08:00,20.69, , , , 
2022-07-23 09:09:00,20.71, , , , 
2022-07-23 09:10:00,20.74, , , , 
2022-07-23 09:11:00,20.74, , , , 
2022-07-23 09:12:00,20.75, , , , 
2022-07-23 09:13:00,20.79, , , , 
2022-07-23 09:14:00,20.77, , , , 
2022-07-23 09:15:00,20.73, , , , 
2022-07-23 09:16:00,20.73, , , , 
2022-07-23 09:17:00,20.76, , , , 
2022-07-23 09:18:00,20.78, , , , 
2022-07-23 09:19:00,20.80, , , , 
2022-07-23 09:20:00,20.77, , , , 
2022-07-23 09:21:00,20.73, , , , 
2022-07-23 09:22:00,20.74, , , , 
2022-07-23 09:23:00,20.73, , , , 
2022-07-23 09:24:00,20.74, , , , 
2022-07-23 09:25:00,20.75, , , , 
2022-07-23 09:26:00,20.73, , , , 
2022-07-23 09:27:00,20.77, , , , 
2022-07-23 09:28:00,20.81, , , , 
2022-07-23 09:29:00,20.83, , , , 
2022-07-23 09:30:00,20.75, , , , 
2022-07-23 09:31:00,20.74, , , , 
2022-07-23 09:32:00,20.74, , , , 
2022-07-23 09:33:00,20.74, , , , 
2022-07-23 09:34:00,20.77, , , , 
2022-07-23 09:35:00,20.79, , , , 
2022-07-23 09:36:00,20.83, , , , 
2022-07-23 09:37:00,20.77, , , , 
2022-07-23 09:38:00,20.77, , , , 
2022-07-23 09:39:00,20.77, , , , 
2022-07-23 09:40:00,20.77, , , , 
2022-07-23 09:41:00,20.74, , , , 
2022-07-23 09:42:00,20.73, , , , 
2022-07-23 09:43:00,20.76, , , , 
2022-07-23 09:44:00,20.79, , , , 
2022-07-23 09:45:00,20.76, , , , 
2022-07-23 09:46:00,20.71, , , , 
2022-07-23 09:47:00,20.64, , , , 
2022-07-23 09:48:00,20.64, , , , 
2022-07-23 09:49:00,20.61, , , , 
2022-07-23 09:50:00,20.64, , , , 
2022-07-23 09:51:00,20.65, , , , 
2022-07-23 09:52:00,20.65, , , , 
2022-07-23 09:53:00,20.68, , , , 
2022-07-23 09:54:00,20.64, , , , 
2022-07-23 09:55:00,20.63, , , , 
2022-07-23 09:56:00,20.61, , , , 
2022-07-23 09:57:00,20.58, , , , 
2022-07-23 09:58:00,20.63, , , , 
2022-07-23 09:59:00,20.62, , , , 
2022-07-23 10:00:00,20.63, , , , 
2022-07-23 10:01:00,20.64, , , , 
2022-07-23 10:02:00,20.63, , , , 
2022-07-23 10:03:00,20.60, , , , 
2022-07-23 10:04:00,20.57, , , , 
2022-07-23 10:05:00,20.48, , , , 
2022-07-23 10:06:00,20.53, , , , 
2022-07-23 10:07:00,20.59, , , , 
2022-07-23 10:08:00,20.64, , , , 
2022-07-23 10:09:00,20.63, , , , 
2022-07-23 10:10:00,20.69, , , , 
2022-07-23 10:11:00,20.69, , , , 
2022-07-23 10:12:00,20.65, , , , 
2022-07-23 10:13:00,20.61, , , , 
2022-07-23 10:14:00,20.58, , , , 
2022-07-23 10:15:00,20.64, , , , 
2022-07-23 10:16:00,20.56, , , , 
2022-07-23 10:17:00,20.55, , , , 
2022-07-23 10:18:00,20.60, , , , 
2022-07-23 10:19:00,20.64, , , , 
2022-07-23 10:20:00,20.69, , , , 
2022-07-23 10:21:00,20.70, , , , 
2022-07-23 10:22:00,20.68, , , , 
2022-07-23 10:23:00,20.65, , , , 
2022-07-23 10:24:00,20.61, , , , 
2022-07-23 10:25:00,20.58, , , , 
2022-07-23 10:26:00,20.61, , , , 
2022-07-23 10:27:00,20.61, , , , 
2022-07-23 10:28:00,20.63, , , , 
2022-07-23 10:29:00,20.66, , , , 
2022-07-23 10:30:00,20.62, , , , 
2022-07-23 10:31:00,20.57, , , , 
2022-07-23 10:32:00,20.58, , , , 
2022-07-23 10:33:00,20.58, , , , 
2022-07-23 10:34:00,20.58, , , , 
2022-07-23 10:35:00,20.64, , , , 
2022-07-23 10:36:00,20.69, , , , 
2022-07-23 10:36:21, ,Logged, , , 
2022-07-23 10:37:00,20.83, , , , 
2022-07-23 10:38:00,21.05, , , , 
2022-07-23 10:39:00,21.24, , , , 
2022-07-23 10:40:00,21.40, , , , 
2022-07-23 10:41:00,21.52, , , , 
2022-07-23 10:42:00,21.60, , , , 
2022-07-23 10:43:00,21.67, , , , 
2022-07-23 10:44:00,21.74, , , , 
2022-07-23 10:45:00,21.75, , , , 
2022-07-23 10:46:00,21.75, , , , 
2022-07-23 10:47:00,21.79, , , , 
2022-07-23 10:48:00,21.81, , , , 
2022-07-23 10:49:00,21.81, , , , 
2022-07-23 10:50:00,21.83, , , , 
2022-07-23 10:51:00,21.88, , , , 
2022-07-23 10:52:00,21.90, , , , 
2022-07-23 10:53:00,21.90, , , , 
2022-07-23 10:54:00,21.93, , , , 
2022-07-23 10:55:00,21.93, , , , 
2022-07-23 10:56:00,21.95, , , , 
2022-07-23 10:57:00,21.94, , , , 
2022-07-23 10:58:00,21.93, , , , 
2022-07-23 10:59:00,21.97, , , , 
2022-07-23 11:00:00,21.96, , , , 
2022-07-23 11:01:00,21.96, , , , 
2022-07-23 11:02:00,21.93, , , , 
2022-07-23 11:03:00,21.94, , , , 
2022-07-23 11:04:00,21.99, , , , 
2022-07-23 11:05:00,21.99, , , , 
2022-07-23 11:06:00,21.99, , , , 
2022-07-23 11:07:00,21.99, , , , 
2022-07-23 11:08:00,21.97, , , , 
2022-07-23 11:09:00,21.99, , , , 
2022-07-23 11:10:00,22.03, , , , 
2022-07-23 11:11:00,22.02, , , , 
2022-07-23 11:12:00,21.98, , , , 
2022-07-23 11:13:00,22.02, , , , 
2022-07-23 11:14:00,22.06, , , , 
2022-07-23 11:15:00,22.08, , , , 
2022-07-23 11:16:00,22.13, , , , 
2022-07-23 11:17:00,22.13, , , , 
2022-07-23 11:18:00,22.16, , , , 
2022-07-23 11:19:00,22.17, , , , 
2022-07-23 11:20:00,22.18, , , , 
2022-07-23 11:21:00,22.18, , , , 
2022-07-23 11:22:00,22.14, , , , 
2022-07-23 11:23:00,22.13, , , , 
2022-07-23 11:24:00,22.14, , , , 
2022-07-23 11:25:00,22.13, , , , 
2022-07-23 11:26:00,22.14, , , , 
2022-07-23 11:27:00,22.12, , , , 
2022-07-23 11:28:00,22.07, , , , 
2022-07-23 11:29:00,22.02, , , , 
2022-07-23 11:30:00,22.04, , , , 
2022-07-23 11:31:00,22.06, , , , 
2022-07-23 11:32:00,22.07, , , , 
2022-07-23 11:33:00,22.11, , , , 
2022-07-23 11:34:00,22.10, , , , 
2022-07-23 11:35:00,22.10, , , , 
2022-07-23 11:36:00,22.10, , , , 
2022-07-23 11:37:00,22.10, , , , 
2022-07-23 11:38:00,22.09, , , , 
2022-07-23 11:39:00,22.11, , , , 
2022-07-23 11:40:00,22.09, , , , 
2022-07-23 11:41:00,22.07, , , , 
2022-07-23 11:42:00,22.09, , , , 
2022-07-23 11:43:00,22.07, , , , 
2022-07-23 11:44:00,22.07, , , , 
2022-07-23 11:45:00,22.08, , , , 
2022-07-23 11:46:00,22.12, , , , 
2022-07-23 11:47:00,22.10, , , , 
2022-07-23 11:48:00,22.09, , , , 
2022-07-23 11:49:00,22.09, , , , 
2022-07-23 11:50:00,22.08, , , , 
2022-07-23 11:51:00,22.07, , , , 
2022-07-23 11:52:00,22.07, , , , 
2022-07-23 11:53:00,22.09, , , , 
2022-07-23 11:54:00,22.09, , , , 
2022-07-23 11:55:00,22.10, , , , 
2022-07-23 11:56:00,22.07, , , , 
2022-07-23 11:57:00,22.10, , , , 
2022-07-23 11:58:00,22.13, , , , 
2022-07-23 11:59:00,22.14, , , , 
2022-07-23 12:00:00,22.13, , , , 
2022-07-23 12:01:00,22.13, , , , 
2022-07-23 12:02:00,22.18, , , , 
2022-07-23 12:03:00,22.17, , , , 
2022-07-23 12:04:00,22.21, , , , 
2022-07-23 12:05:00,22.24, , , , 
2022-07-23 12:06:00,22.27, , , , 
2022-07-23 12:07:00,22.34, , , , 
2022-07-23 12:08:00,22.39, , , , 
2022-07-23 12:09:00,22.43, , , , 
2022-07-23 12:10:00,22.47, , , , 
2022-07-23 12:11:00,22.52, , , , 
2022-07-23 12:12:00,22.57, , , , 
2022-07-23 12:13:00,22.63, , , , 
2022-07-23 12:14:00,22.64, , , , 
2022-07-23 12:15:00,22.69, , , , 
2022-07-23 12:16:00,22.77, , , , 
2022-07-23 12:17:00,22.83, , , , 
2022-07-23 12:18:00,22.87, , , , 
2022-07-23 12:19:00,22.91, , , , 
2022-07-23 12:20:00,22.97, , , , 
2022-07-23 12:21:00,23.03, , , , 
2022-07-23 12:22:00,23.09, , , , 
2022-07-23 12:23:00,23.13, , , , 
2022-07-23 12:24:00,23.12, , , , 
2022-07-23 12:25:00,23.16, , , , 
2022-07-23 12:26:00,23.23, , , , 
2022-07-23 12:27:00,23.26, , , , 
2022-07-23 12:28:00,23.29, , , , 
2022-07-23 12:29:00,23.35, , , , 
2022-07-23 12:30:00,23.37, , , , 
2022-07-23 12:31:00,23.43, , , , 
2022-07-23 12:32:00,23.46, , , , 
2022-07-23 12:33:00,23.53, , , , 
2022-07-23 12:34:00,23.56, , , , 
2022-07-23 12:35:00,23.61, , , , 
2022-07-23 12:36:00,23.66, , , , 
2022-07-23 12:37:00,23.73, , , , 
2022-07-23 12:38:00,23.80, , , , 
2022-07-23 12:39:00,23.84, , , , 
2022-07-23 12:40:00,23.89, , , , 
2022-07-23 12:41:00,23.91, , , , 
2022-07-23 12:42:00,24.00, , , , 
2022-07-23 12:43:00,24.06, , , , 
2022-07-23 12:44:00,24.12, , , , 
2022-07-23 12:45:00,24.14, , , , 
2022-07-23 12:46:00,24.16, , , , 
2022-07-23 12:47:00,24.20, , , , 
2022-07-23 12:48:00,24.27, , , , 
2022-07-23 12:49:00,24.30, , , , 
2022-07-23 12:50:00,24.32, , , , 
2022-07-23 12:51:00,24.35, , , , 
2022-07-23 12:52:00,24.42, , , , 
2022-07-23 12:53:00,24.45, , , , 
2022-07-23 12:54:00,24.49, , , , 
2022-07-23 12:55:00,24.53, , , , 
2022-07-23 12:56:00,24.59, , , , 
2022-07-23 12:57:00,24.63, , , , 
2022-07-23 12:58:00,24.65, , , , 
2022-07-23 12:59:00,24.70, , , , 
2022-07-23 13:00:00,24.75, , , , 
2022-07-23 13:01:00,24.76, , , , 
2022-07-23 13:02:00,24.82, , , , 
2022-07-23 13:03:00,24.85, , , , 
2022-07-23 13:04:00,24.90, , , , 
2022-07-23 13:05:00,24.92, , , , 
2022-07-23 13:06:00,24.94, , , , 
2022-07-23 13:07:00,24.95, , , , 
2022-07-23 13:08:00,24.98, , , , 
2022-07-23 13:09:00,24.99, , , , 
2022-07-23 13:10:00,25.03, , , , 
2022-07-23 13:11:00,25.04, , , , 
2022-07-23 13:12:00,25.10, , , , 
2022-07-23 13:13:00,25.12, , , , 
2022-07-23 13:14:00,25.16, , , , 
2022-07-23 13:15:00,25.21, , , , 
2022-07-23 13:16:00,25.22, , , , 
2022-07-23 13:17:00,25.25, , , , 
2022-07-23 13:18:00,25.24, , , , 
2022-07-23 13:19:00,25.32, , , , 
2022-07-23 13:20:00,25.32, , , , 
2022-07-23 13:21:00,25.38, , , , 
2022-07-23 13:22:00,25.39, , , , 
2022-07-23 13:23:00,25.40, , , , 
2022-07-23 13:24:00,25.44, , , , 
2022-07-23 13:25:00,25.52, , , , 
2022-07-23 13:26:00,25.51, , , , 
2022-07-23 13:27:00,25.52, , , , 
2022-07-23 13:28:00,25.53, , , , 
2022-07-23 13:29:00,25.54, , , , 
2022-07-23 13:30:00,25.54, , , , 
2022-07-23 13:31:00,25.57, , , , 
2022-07-23 13:32:00,25.60, , , , 
2022-07-23 13:33:00,25.64, , , , 
2022-07-23 13:34:00,25.62, , , , 
2022-07-23 13:35:00,25.65, , , , 
2022-07-23 13:36:00,25.67, , , , 
2022-07-23 13:37:00,25.73, , , , 
2022-07-23 13:38:00,25.75, , , , 
2022-07-23 13:39:00,25.76, , , , 
2022-07-23 13:40:00,25.77, , , , 
2022-07-23 13:41:00,25.82, , , , 
2022-07-23 13:42:00,25.88, , , , 
2022-07-23 13:43:00,25.89, , , , 
2022-07-23 13:44:00,25.90, , , , 
2022-07-23 13:45:00,25.92, , , , 
2022-07-23 13:46:00,25.96, , , , 
2022-07-23 13:47:00,26.03, , , , 
2022-07-23 13:48:00,26.07, , , , 
2022-07-23 13:49:00,26.09, , , , 
2022-07-23 13:50:00,26.08, , , , 
2022-07-23 13:51:00,26.08, , , , 
2022-07-23 13:52:00,26.09, , , , 
2022-07-23 13:53:00,26.13, , , , 
2022-07-23 13:54:00,26.17, , , , 
2022-07-23 13:55:00,26.18, , , , 
2022-07-23 13:56:00,26.18, , , , 
2022-07-23 13:57:00,26.16, , , , 
2022-07-23 13:58:00,26.19, , , , 
2022-07-23 13:59:00,26.16, , , , 
2022-07-23 14:00:00,26.13, , , , 
2022-07-23 14:01:00,26.11, , , , 
2022-07-23 14:02:00,26.10, , , , 
2022-07-23 14:03:00,26.09, , , , 
2022-07-23 14:04:00,26.07, , , , 
2022-07-23 14:05:00,26.04, , , , 
2022-07-23 14:06:00,26.04, , , , 
2022-07-23 14:07:00,26.02, , , , 
2022-07-23 14:08:00,26.03, , , , 
2022-07-23 14:09:00,26.01, , , , 
2022-07-23 14:10:00,25.98, , , , 
2022-07-23 14:11:00,25.97, , , , 
2022-07-23 14:12:00,25.95, , , , 
2022-07-23 14:13:00,25.95, , , , 
2022-07-23 14:14:00,25.96, , , , 
2022-07-23 14:15:00,25.91, , , , 
2022-07-23 14:16:00,25.94, , , , 
2022-07-23 14:17:00,25.92, , , , 
2022-07-23 14:18:00,25.93, , , , 
2022-07-23 14:19:00,25.94, , , , 
2022-07-23 14:20:00,25.94, , , , 
2022-07-23 14:21:00,25.93, , , , 
2022-07-23 14:22:00,25.93, , , , 
2022-07-23 14:23:00,25.93, , , , 
2022-07-23 14:24:00,25.92, , , , 
2022-07-23 14:25:00,25.92, , , , 
2022-07-23 14:26:00,25.89, , , , 
2022-07-23 14:27:00,25.87, , , , 
2022-07-23 14:28:00,25.83, , , , 
2022-07-23 14:29:00,25.82, , , , 
2022-07-23 14:30:00,25.81, , , , 
2022-07-23 14:31:00,25.79, , , , 
2022-07-23 14:32:00,25.79, , , , 
2022-07-23 14:33:00,25.77, , , , 
2022-07-23 14:34:00,25.76, , , , 
2022-07-23 14:35:00,25.74, , , , 
2022-07-23 14:36:00,25.75, , , , 
2022-07-23 14:37:00,25.77, , , , 
2022-07-23 14:38:00,25.78, , , , 
2022-07-23 14:39:00,25.82, , , , 
2022-07-23 14:40:00,25.79, , , , 
2022-07-23 14:41:00,25.80, , , , 
2022-07-23 14:42:00,25.79, , , , 
2022-07-23 14:43:00,25.80, , , , 
2022-07-23 14:44:00,25.82, , , , 
2022-07-23 14:45:00,25.81, , , , 
2022-07-23 14:46:00,25.82, , , , 
2022-07-23 14:47:00,25.83, , , , 
2022-07-23 14:48:00,25.79, , , , 
2022-07-23 14:49:00,25.77, , , , 
2022-07-23 14:50:00,25.79, , , , 
2022-07-23 14:51:00,25.80, , , , 
2022-07-23 14:52:00,25.79, , , , 
2022-07-23 14:53:00,25.79, , , , 
2022-07-23 14:54:00,25.78, , , , 
2022-07-23 14:55:00,25.79, , , , 
2022-07-23 14:56:00,25.79, , , , 
2022-07-23 14:57:00,25.77, , , , 
2022-07-23 14:58:00,25.78, , , , 
2022-07-23 14:59:00,25.82, , , , 
2022-07-23 15:00:00,25.82, , , , 
2022-07-23 15:01:00,25.82, , , , 
2022-07-23 15:02:00,25.88, , , , 
2022-07-23 15:03:00,25.89, , , , 
2022-07-23 15:04:00,25.87, , , , 
2022-07-23 15:05:00,25.89, , , , 
2022-07-23 15:06:00,25.90, , , , 
2022-07-23 15:07:00,25.92, , , , 
2022-07-23 15:08:00,25.93, , , , 
2022-07-23 15:09:00,25.94, , , , 
2022-07-23 15:10:00,25.94, , , , 
2022-07-23 15:11:00,25.94, , , , 
2022-07-23 15:12:00,25.95, , , , 
2022-07-23 15:13:00,25.93, , , , 
2022-07-23 15:14:00,25.92, , , , 
2022-07-23 15:15:00,25.93, , , , 
2022-07-23 15:16:00,25.94, , , , 
2022-07-23 15:17:00,25.93, , , , 
2022-07-23 15:18:00,25.93, , , , 
2022-07-23 15:19:00,25.92, , , , 
2022-07-23 15:20:00,25.93, , , , 
2022-07-23 15:21:00,25.95, , , , 
2022-07-23 15:22:00,25.95, , , , 
2022-07-23 15:23:00,25.97, , , , 
2022-07-23 15:24:00,25.97, , , , 
2022-07-23 15:25:00,25.96, , , , 
2022-07-23 15:26:00,25.98, , , , 
2022-07-23 15:27:00,26.01, , , , 
2022-07-23 15:28:00,26.06, , , , 
2022-07-23 15:29:00,26.06, , , , 
2022-07-23 15:30:00,26.06, , , , 
2022-07-23 15:31:00,26.06, , , , 
2022-07-23 15:32:00,26.09, , , , 
2022-07-23 15:33:00,26.12, , , , 
2022-07-23 15:34:00,26.12, , , , 
2022-07-23 15:35:00,26.12, , , , 
2022-07-23 15:36:00,26.13, , , , 
2022-07-23 15:37:00,26.15, , , , 
2022-07-23 15:38:00,26.12, , , , 
2022-07-23 15:39:00,26.15, , , , 
2022-07-23 15:40:00,26.11, , , , 
2022-07-23 15:41:00,26.12, , , , 
2022-07-23 15:42:00,26.10, , , , 
2022-07-23 15:43:00,26.11, , , , 
2022-07-23 15:44:00,26.11, , , , 
2022-07-23 15:45:00,26.11, , , , 
2022-07-23 15:46:00,26.08, , , , 
2022-07-23 15:47:00,26.05, , , , 
2022-07-23 15:48:00,26.06, , , , 
2022-07-23 15:49:00,26.08, , , , 
2022-07-23 15:50:00,26.07, , , , 
2022-07-23 15:51:00,26.08, , , , 
2022-07-23 15:52:00,26.09, , , , 
2022-07-23 15:53:00,26.09, , , , 
2022-07-23 15:54:00,26.12, , , , 
2022-07-23 15:55:00,26.13, , , , 
2022-07-23 15:56:00,26.15, , , , 
2022-07-23 15:57:00,26.15, , , , 
2022-07-23 15:58:00,26.17, , , , 
2022-07-23 15:59:00,26.18, , , , 
2022-07-23 16:00:00,26.18, , , , 
2022-07-23 16:01:00,26.21, , , , 
2022-07-23 16:02:00,26.21, , , , 
2022-07-23 16:03:00,26.21, , , , 
2022-07-23 16:04:00,26.21, , , , 
2022-07-23 16:05:00,26.21, , , , 
2022-07-23 16:06:00,26.24, , , , 
2022-07-23 16:07:00,26.21, , , , 
2022-07-23 16:08:00,26.21, , , , 
2022-07-23 16:09:00,26.22, , , , 
2022-07-23 16:10:00,26.23, , , , 
2022-07-23 16:11:00,26.22, , , , 
2022-07-23 16:12:00,26.19, , , , 
2022-07-23 16:13:00,26.23, , , , 
2022-07-23 16:14:00,26.20, , , , 
2022-07-23 16:15:00,26.18, , , , 
2022-07-23 16:16:00,26.15, , , , 
2022-07-23 16:17:00,26.18, , , , 
2022-07-23 16:18:00,26.21, , , , 
2022-07-23 16:19:00,26.23, , , , 
2022-07-23 16:20:00,26.25, , , , 
2022-07-23 16:21:00,26.24, , , , 
2022-07-23 16:22:00,26.26, , , , 
2022-07-23 16:23:00,26.28, , , , 
2022-07-23 16:24:00,26.31, , , , 
2022-07-23 16:25:00,26.31, , , , 
2022-07-23 16:26:00,26.33, , , , 
2022-07-23 16:27:00,26.31, , , , 
2022-07-23 16:28:00,26.31, , , , 
2022-07-23 16:29:00,26.32, , , , 
2022-07-23 16:30:00,26.32, , , , 
2022-07-23 16:31:00,26.32, , , , 
2022-07-23 16:32:00,26.32, , , , 
2022-07-23 16:33:00,26.32, , , , 
2022-07-23 16:34:00,26.30, , , , 
2022-07-23 16:35:00,26.31, , , , 
2022-07-23 16:36:00,26.31, , , , 
2022-07-23 16:37:00,26.30, , , , 
2022-07-23 16:38:00,26.28, , , , 
2022-07-23 16:39:00,26.30, , , , 
2022-07-23 16:40:00,26.31, , , , 
2022-07-23 16:41:00,26.26, , , , 
2022-07-23 16:42:00,26.25, , , , 
2022-07-23 16:43:00,26.24, , , , 
2022-07-23 16:44:00,26.22, , , , 
2022-07-23 16:45:00,26.23, , , , 
2022-07-23 16:46:00,26.23, , , , 
2022-07-23 16:47:00,26.22, , , , 
2022-07-23 16:48:00,26.23, , , , 
2022-07-23 16:49:00,26.25, , , , 
2022-07-23 16:50:00,26.22, , , , 
2022-07-23 16:51:00,26.21, , , , 
2022-07-23 16:52:00,26.23, , , , 
2022-07-23 16:53:00,26.23, , , , 
2022-07-23 16:54:00,26.25, , , , 
2022-07-23 16:55:00,26.24, , , , 
2022-07-23 16:56:00,26.24, , , , 
2022-07-23 16:57:00,26.26, , , , 
2022-07-23 16:58:00,26.28, , , , 
2022-07-23 16:59:00,26.27, , , , 
2022-07-23 17:00:00,26.26, , , , 
2022-07-23 17:01:00,26.30, , , , 
2022-07-23 17:02:00,26.26, , , , 
2022-07-23 17:03:00,26.28, , , , 
2022-07-23 17:04:00,26.25, , , , 
2022-07-23 17:05:00,26.24, , , , 
2022-07-23 17:06:00,26.25, , , , 
2022-07-23 17:07:00,26.25, , , , 
2022-07-23 17:08:00,26.25, , , , 
2022-07-23 17:09:00,26.23, , , , 
2022-07-23 17:10:00,26.23, , , , 
2022-07-23 17:11:00,26.24, , , , 
2022-07-23 17:12:00,26.18, , , , 
2022-07-23 17:13:00,26.18, , , , 
2022-07-23 17:14:00,26.18, , , , 
2022-07-23 17:15:00,26.20, , , , 
2022-07-23 17:16:00,26.19, , , , 
2022-07-23 17:17:00,26.21, , , , 
2022-07-23 17:18:00,26.22, , , , 
2022-07-23 17:19:00,26.22, , , , 
2022-07-23 17:20:00,26.23, , , , 
2022-07-23 17:21:00,26.23, , , , 
2022-07-23 17:22:00,26.24, , , , 
2022-07-23 17:23:00,26.23, , , , 
2022-07-23 17:24:00,26.25, , , , 
2022-07-23 17:25:00,26.25, , , , 
2022-07-23 17:26:00,26.24, , , , 
2022-07-23 17:27:00,26.26, , , , 
2022-07-23 17:28:00,26.26, , , , 
2022-07-23 17:29:00,26.23, , , , 
2022-07-23 17:30:00,26.24, , , , 
2022-07-23 17:31:00,26.22, , , , 
2022-07-23 17:32:00,26.21, , , , 
2022-07-23 17:33:00,26.20, , , , 
2022-07-23 17:34:00,26.16, , , , 
2022-07-23 17:35:00,26.13, , , , 
2022-07-23 17:36:00,26.12, , , , 
2022-07-23 17:37:00,26.16, , , , 
2022-07-23 17:38:00,26.15, , , , 
2022-07-23 17:39:00,26.21, , , , 
2022-07-23 17:40:00,26.21, , , , 
2022-07-23 17:41:00,26.19, , , , 
2022-07-23 17:42:00,26.19, , , , 
2022-07-23 17:43:00,26.21, , , , 
2022-07-23 17:44:00,26.24, , , , 
2022-07-23 17:45:00,26.24, , , , 
2022-07-23 17:46:00,26.27, , , , 
2022-07-23 17:47:00,26.26, , , , 
2022-07-23 17:48:00,26.27, , , , 
2022-07-23 17:49:00,26.25, , , , 
2022-07-23 17:50:00,26.24, , , , 
2022-07-23 17:51:00,26.25, , , , 
2022-07-23 17:52:00,26.21, , , , 
2022-07-23 17:53:00,26.22, , , , 
2022-07-23 17:54:00,26.20, , , , 
2022-07-23 17:55:00,26.21, , , , 
2022-07-23 17:56:00,26.19, , , , 
2022-07-23 17:57:00,26.17, , , , 
2022-07-23 17:58:00,26.15, , , , 
2022-07-23 17:59:00,26.15, , , , 
2022-07-23 18:00:00,26.15, , , , 
2022-07-23 18:01:00,26.18, , , , 
2022-07-23 18:02:00,26.18, , , , 
2022-07-23 18:03:00,26.18, , , , 
2022-07-23 18:04:00,26.21, , , , 
2022-07-23 18:05:00,26.20, , , , 
2022-07-23 18:06:00,26.16, , , , 
2022-07-23 18:07:00,26.16, , , , 
2022-07-23 18:08:00,26.13, , , , 
2022-07-23 18:09:00,26.09, , , , 
2022-07-23 18:10:00,26.06, , , , 
2022-07-23 18:11:00,26.03, , , , 
2022-07-23 18:12:00,26.02, , , , 
2022-07-23 18:13:00,25.93, , , , 
2022-07-23 18:14:00,25.87, , , , 
2022-07-23 18:15:00,25.81, , , , 
2022-07-23 18:16:00,25.78, , , , 
2022-07-23 18:17:00,25.75, , , , 
2022-07-23 18:18:00,25.69, , , , 
2022-07-23 18:19:00,25.63, , , , 
2022-07-23 18:20:00,25.54, , , , 
2022-07-23 18:21:00,25.48, , , , 
2022-07-23 18:22:00,25.40, , , , 
2022-07-23 18:23:00,25.35, , , , 
2022-07-23 18:24:00,25.25, , , , 
2022-07-23 18:25:00,25.21, , , , 
2022-07-23 18:26:00,25.13, , , , 
2022-07-23 18:27:00,25.07, , , , 
2022-07-23 18:28:00,24.99, , , , 
2022-07-23 18:29:00,24.93, , , , 
2022-07-23 18:30:00,24.86, , , , 
2022-07-23 18:31:00,24.79, , , , 
2022-07-23 18:32:00,24.76, , , , 
2022-07-23 18:33:00,24.70, , , , 
2022-07-23 18:34:00,24.64, , , , 
2022-07-23 18:35:00,24.59, , , , 
2022-07-23 18:36:00,24.54, , , , 
2022-07-23 18:37:00,24.47, , , , 
2022-07-23 18:38:00,24.47, , , , 
2022-07-23 18:39:00,24.41, , , , 
2022-07-23 18:40:00,24.34, , , , 
2022-07-23 18:41:00,24.29, , , , 
2022-07-23 18:42:00,24.27, , , , 
2022-07-23 18:43:00,24.21, , , , 
2022-07-23 18:44:00,24.17, , , , 
2022-07-23 18:45:00,24.11, , , , 
2022-07-23 18:46:00,24.09, , , , 
2022-07-23 18:47:00,24.08, , , , 
2022-07-23 18:48:00,24.01, , , , 
2022-07-23 18:49:00,23.98, , , , 
2022-07-23 18:50:00,23.97, , , , 
2022-07-23 18:51:00,23.92, , , , 
2022-07-23 18:52:00,23.87, , , , 
2022-07-23 18:53:00,23.83, , , , 
2022-07-23 18:54:00,23.82, , , , 
2022-07-23 18:55:00,23.81, , , , 
2022-07-23 18:56:00,23.76, , , , 
2022-07-23 18:57:00,23.71, , , , 
2022-07-23 18:58:00,23.66, , , , 
2022-07-23 18:59:00,23.61, , , , 
2022-07-23 19:00:00,23.60, , , , 
2022-07-23 19:01:00,23.56, , , , 
2022-07-23 19:02:00,23.54, , , , 
2022-07-23 19:03:00,23.52, , , , 
2022-07-23 19:04:00,23.46, , , , 
2022-07-23 19:05:00,23.43, , , , 
2022-07-23 19:06:00,23.43, , , , 
2022-07-23 19:07:00,23.41, , , , 
2022-07-23 19:08:00,23.38, , , , 
2022-07-23 19:09:00,23.35, , , , 
2022-07-23 19:10:00,23.34, , , , 
2022-07-23 19:11:00,23.34, , , , 
2022-07-23 19:12:00,23.30, , , , 
2022-07-23 19:13:00,23.28, , , , 
2022-07-23 19:14:00,23.29, , , , 
2022-07-23 19:15:00,23.23, , , , 
2022-07-23 19:16:00,23.25, , , , 
2022-07-23 19:17:00,23.20, , , , 
2022-07-23 19:18:00,23.21, , , , 
2022-07-23 19:19:00,23.13, , , , 
2022-07-23 19:20:00,23.14, , , , 
2022-07-23 19:21:00,23.13, , , , 
2022-07-23 19:22:00,23.10, , , , 
2022-07-23 19:23:00,23.10, , , , 
2022-07-23 19:24:00,23.07, , , , 
2022-07-23 19:25:00,23.05, , , , 
2022-07-23 19:26:00,23.07, , , , 
2022-07-23 19:27:00,23.08, , , , 
2022-07-23 19:28:00,23.08, , , , 
2022-07-23 19:29:00,23.05, , , , 
2022-07-23 19:30:00,23.05, , , , 
2022-07-23 19:31:00,23.05, , , , 
2022-07-23 19:32:00,23.06, , , , 
2022-07-23 19:33:00,23.07, , , , 
2022-07-23 19:34:00,23.06, , , , 
2022-07-23 19:35:00,23.02, , , , 
2022-07-23 19:36:00,23.02, , , , 
2022-07-23 19:37:00,23.01, , , , 
2022-07-23 19:38:00,22.98, , , , 
2022-07-23 19:39:00,22.97, , , , 
2022-07-23 19:40:00,22.97, , , , 
2022-07-23 19:41:00,22.94, , , , 
2022-07-23 19:42:00,22.91, , , , 
2022-07-23 19:43:00,22.87, , , , 
2022-07-23 19:44:00,22.87, , , , 
2022-07-23 19:45:00,22.84, , , , 
2022-07-23 19:46:00,22.85, , , , 
2022-07-23 19:47:00,22.84, , , , 
2022-07-23 19:48:00,22.84, , , , 
2022-07-23 19:49:00,22.82, , , , 
2022-07-23 19:50:00,22.81, , , , 
2022-07-23 19:51:00,22.82, , , , 
2022-07-23 19:52:00,22.81, , , , 
2022-07-23 19:53:00,22.79, , , , 
2022-07-23 19:54:00,22.81, , , , 
2022-07-23 19:55:00,22.80, , , , 
2022-07-23 19:56:00,22.80, , , , 
2022-07-23 19:57:00,22.79, , , , 
2022-07-23 19:58:00,22.80, , , , 
2022-07-23 19:59:00,22.77, , , , 
2022-07-23 20:00:00,22.78, , , , 
2022-07-23 20:01:00,22.75, , , , 
2022-07-23 20:02:00,22.72, , , , 
2022-07-23 20:03:00,22.71, , , , 
2022-07-23 20:04:00,22.70, , , , 
2022-07-23 20:05:00,22.68, , , , 
2022-07-23 20:06:00,22.69, , , , 
2022-07-23 20:07:00,22.69, , , , 
2022-07-23 20:08:00,22.66, , , , 
2022-07-23 20:09:00,22.67, , , , 
2022-07-23 20:10:00,22.66, , , , 
2022-07-23 20:11:00,22.65, , , , 
2022-07-23 20:12:00,22.65, , , , 
2022-07-23 20:13:00,22.65, , , , 
2022-07-23 20:14:00,22.66, , , , 
2022-07-23 20:15:00,22.68, , , , 
2022-07-23 20:16:00,22.68, , , , 
2022-07-23 20:17:00,22.67, , , , 
2022-07-23 20:18:00,22.66, , , , 
2022-07-23 20:19:00,22.66, , , , 
2022-07-23 20:20:00,22.69, , , , 
2022-07-23 20:21:00,22.68, , , , 
2022-07-23 20:22:00,22.69, , , , 
2022-07-23 20:23:00,22.67, , , , 
2022-07-23 20:24:00,22.66, , , , 
2022-07-23 20:25:00,22.64, , , , 
2022-07-23 20:26:00,22.63, , , , 
2022-07-23 20:27:00,22.63, , , , 
2022-07-23 20:28:00,22.63, , , , 
2022-07-23 20:29:00,22.64, , , , 
2022-07-23 20:30:00,22.62, , , , 
2022-07-23 20:31:00,22.60, , , , 
2022-07-23 20:32:00,22.58, , , , 
2022-07-23 20:33:00,22.57, , , , 
2022-07-23 20:34:00,22.56, , , , 
2022-07-23 20:35:00,22.54, , , , 
2022-07-23 20:36:00,22.56, , , , 
2022-07-23 20:37:00,22.58, , , , 
2022-07-23 20:38:00,22.55, , , , 
2022-07-23 20:39:00,22.57, , , , 
2022-07-23 20:40:00,22.56, , , , 
2022-07-23 20:41:00,22.55, , , , 
2022-07-23 20:42:00,22.53, , , , 
2022-07-23 20:43:00,22.53, , , , 
2022-07-23 20:44:00,22.55, , , , 
2022-07-23 20:45:00,22.54, , , , 
2022-07-23 20:46:00,22.53, , , , 
2022-07-23 20:47:00,22.52, , , , 
2022-07-23 20:48:00,22.48, , , , 
2022-07-23 20:49:00,22.50, , , , 
2022-07-23 20:50:00,22.49, , , , 
2022-07-23 20:51:00,22.49, , , , 
2022-07-23 20:52:00,22.49, , , , 
2022-07-23 20:53:00,22.49, , , , 
2022-07-23 20:54:00,22.48, , , , 
2022-07-23 20:55:00,22.46, , , , 
2022-07-23 20:56:00,22.46, , , , 
2022-07-23 20:57:00,22.47, , , , 
2022-07-23 20:58:00,22.49, , , , 
2022-07-23 20:59:00,22.49, , , , 
2022-07-23 21:00:00,22.48, , , , 
2022-07-23 21:01:00,22.48, , , , 
2022-07-23 21:02:00,22.48, , , , 
2022-07-23 21:03:00,22.48, , , , 
2022-07-23 21:04:00,22.50, , , , 
2022-07-23 21:05:00,22.48, , , , 
2022-07-23 21:06:00,22.48, , , , 
2022-07-23 21:07:00,22.50, , , , 
2022-07-23 21:08:00,22.50, , , , 
2022-07-23 21:09:00,22.46, , , , 
2022-07-23 21:10:00,22.48, , , , 
2022-07-23 21:11:00,22.48, , , , 
2022-07-23 21:12:00,22.49, , , , 
2022-07-23 21:13:00,22.48, , , , 
2022-07-23 21:14:00,22.47, , , , 
2022-07-23 21:15:00,22.46, , , , 
2022-07-23 21:16:00,22.48, , , , 
2022-07-23 21:17:00,22.49, , , , 
2022-07-23 21:18:00,22.44, , , , 
2022-07-23 21:19:00,22.47, , , , 
2022-07-23 21:20:00,22.49, , , , 
2022-07-23 21:21:00,22.49, , , , 
2022-07-23 21:22:00,22.48, , , , 
2022-07-23 21:23:00,22.47, , , , 
2022-07-23 21:24:00,22.48, , , , 
2022-07-23 21:25:00,22.49, , , , 
2022-07-23 21:26:00,22.49, , , , 
2022-07-23 21:27:00,22.47, , , , 
2022-07-23 21:28:00,22.47, , , , 
2022-07-23 21:29:00,22.48, , , , 
2022-07-23 21:30:00,22.47, , , , 
2022-07-23 21:31:00,22.46, , , , 
2022-07-23 21:32:00,22.47, , , , 
2022-07-23 21:33:00,22.46, , , , 
2022-07-23 21:34:00,22.44, , , , 
2022-07-23 21:35:00,22.44, , , , 
2022-07-23 21:36:00,22.42, , , , 
2022-07-23 21:37:00,22.41, , , , 
2022-07-23 21:38:00,22.41, , , , 
2022-07-23 21:39:00,22.42, , , , 
2022-07-23 21:40:00,22.40, , , , 
2022-07-23 21:41:00,22.41, , , , 
2022-07-23 21:42:00,22.42, , , , 
2022-07-23 21:43:00,22.41, , , , 
2022-07-23 21:44:00,22.42, , , , 
2022-07-23 21:45:00,22.39, , , , 
2022-07-23 21:46:00,22.39, , , , 
2022-07-23 21:47:00,22.37, , , , 
2022-07-23 21:48:00,22.37, , , , 
2022-07-23 21:49:00,22.37, , , , 
2022-07-23 21:50:00,22.37, , , , 
2022-07-23 21:51:00,22.34, , , , 
2022-07-23 21:52:00,22.32, , , , 
2022-07-23 21:53:00,22.33, , , , 
2022-07-23 21:54:00,22.31, , , , 
2022-07-23 21:55:00,22.31, , , , 
2022-07-23 21:56:00,22.32, , , , 
2022-07-23 21:57:00,22.29, , , , 
2022-07-23 21:58:00,22.28, , , , 
2022-07-23 21:59:00,22.28, , , , 
2022-07-23 22:00:00,22.26, , , , 
2022-07-23 22:01:00,22.26, , , , 
2022-07-23 22:02:00,22.29, , , , 
2022-07-23 22:03:00,22.32, , , , 
2022-07-23 22:04:00,22.26, , , , 
2022-07-23 22:05:00,22.27, , , , 
2022-07-23 22:06:00,22.28, , , , 
2022-07-23 22:07:00,22.31, , , , 
2022-07-23 22:08:00,22.31, , , , 
2022-07-23 22:09:00,22.31, , , , 
2022-07-23 22:10:00,22.31, , , , 
2022-07-23 22:11:00,22.29, , , , 
2022-07-23 22:12:00,22.33, , , , 
2022-07-23 22:13:00,22.29, , , , 
2022-07-23 22:14:00,22.27, , , , 
2022-07-23 22:15:00,22.22, , , , 
2022-07-23 22:16:00,22.24, , , , 
2022-07-23 22:17:00,22.22, , , , 
2022-07-23 22:18:00,22.24, , , , 
2022-07-23 22:19:00,22.25, , , , 
2022-07-23 22:20:00,22.21, , , , 
2022-07-23 22:21:00,22.24, , , , 
2022-07-23 22:22:00,22.25, , , , 
2022-07-23 22:23:00,22.26, , , , 
2022-07-23 22:24:00,22.24, , , , 
2022-07-23 22:25:00,22.25, , , , 
2022-07-23 22:26:00,22.25, , , , 
2022-07-23 22:27:00,22.27, , , , 
2022-07-23 22:28:00,22.31, , , , 
2022-07-23 22:29:00,22.29, , , , 
2022-07-23 22:30:00,22.27, , , , 
2022-07-23 22:31:00,22.29, , , , 
2022-07-23 22:32:00,22.28, , , , 
2022-07-23 22:33:00,22.28, , , , 
2022-07-23 22:34:00,22.26, , , , 
2022-07-23 22:35:00,22.27, , , , 
2022-07-23 22:36:00,22.28, , , , 
2022-07-23 22:37:00,22.27, , , , 
2022-07-23 22:38:00,22.26, , , , 
2022-07-23 22:39:00,22.26, , , , 
2022-07-23 22:40:00,22.28, , , , 
2022-07-23 22:41:00,22.27, , , , 
2022-07-23 22:42:00,22.29, , , , 
2022-07-23 22:43:00,22.29, , , , 
2022-07-23 22:44:00,22.28, , , , 
2022-07-23 22:45:00,22.31, , , , 
2022-07-23 22:46:00,22.32, , , , 
2022-07-23 22:47:00,22.27, , , , 
2022-07-23 22:48:00,22.28, , , , 
2022-07-23 22:49:00,22.28, , , , 
2022-07-23 22:50:00,22.26, , , , 
2022-07-23 22:51:00,22.26, , , , 
2022-07-23 22:52:00,22.26, , , , 
2022-07-23 22:53:00,22.28, , , , 
2022-07-23 22:54:00,22.26, , , , 
2022-07-23 22:55:00,22.25, , , , 
2022-07-23 22:56:00,22.25, , , , 
2022-07-23 22:57:00,22.25, , , , 
2022-07-23 22:58:00,22.23, , , , 
2022-07-23 22:59:00,22.23, , , , 
2022-07-23 23:00:00,22.21, , , , 
2022-07-23 23:01:00,22.19, , , , 
2022-07-23 23:02:00,22.18, , , , 
2022-07-23 23:03:00,22.19, , , , 
2022-07-23 23:04:00,22.19, , , , 
2022-07-23 23:05:00,22.18, , , , 
2022-07-23 23:06:00,22.18, , , , 
2022-07-23 23:07:00,22.19, , , , 
2022-07-23 23:08:00,22.21, , , , 
2022-07-23 23:09:00,22.22, , , , 
2022-07-23 23:10:00,22.22, , , , 
2022-07-23 23:11:00,22.20, , , , 
2022-07-23 23:12:00,22.23, , , , 
2022-07-23 23:13:00,22.24, , , , 
2022-07-23 23:14:00,22.26, , , , 
2022-07-23 23:15:00,22.26, , , , 
2022-07-23 23:16:00,22.26, , , , 
2022-07-23 23:17:00,22.28, , , , 
2022-07-23 23:18:00,22.28, , , , 
2022-07-23 23:19:00,22.32, , , , 
2022-07-23 23:20:00,22.32, , , , 
2022-07-23 23:21:00,22.32, , , , 
2022-07-23 23:22:00,22.33, , , , 
2022-07-23 23:23:00,22.35, , , , 
2022-07-23 23:24:00,22.38, , , , 
2022-07-23 23:25:00,22.37, , , , 
2022-07-23 23:26:00,22.37, , , , 
2022-07-23 23:27:00,22.36, , , , 
2022-07-23 23:28:00,22.38, , , , 
2022-07-23 23:29:00,22.37, , , , 
2022-07-23 23:30:00,22.37, , , , 
2022-07-23 23:31:00,22.38, , , , 
2022-07-23 23:32:00,22.35, , , , 
2022-07-23 23:33:00,22.34, , , , 
2022-07-23 23:34:00,22.36, , , , 
2022-07-23 23:35:00,22.34, , , , 
2022-07-23 23:36:00,22.33, , , , 
2022-07-23 23:37:00,22.34, , , , 
2022-07-23 23:38:00,22.32, , , , 
2022-07-23 23:39:00,22.33, , , , 
2022-07-23 23:40:00,22.32, , , , 
2022-07-23 23:41:00,22.29, , , , 
2022-07-23 23:42:00,22.28, , , , 
2022-07-23 23:43:00,22.27, , , , 
2022-07-23 23:44:00,22.28, , , , 
2022-07-23 23:45:00,22.29, , , , 
2022-07-23 23:46:00,22.29, , , , 
2022-07-23 23:47:00,22.29, , , , 
2022-07-23 23:48:00,22.29, , , , 
2022-07-23 23:49:00,22.31, , , , 
2022-07-23 23:50:00,22.32, , , , 
2022-07-23 23:51:00,22.33, , , , 
2022-07-23 23:52:00,22.32, , , , 
2022-07-23 23:53:00,22.31, , , , 
2022-07-23 23:54:00,22.32, , , , 
2022-07-23 23:55:00,22.31, , , , 
2022-07-23 23:56:00,22.33, , , , 
2022-07-23 23:57:00,22.31, , , , 
2022-07-23 23:58:00,22.34, , , , 
2022-07-23 23:59:00,22.35, , , , 
2022-07-24 00:00:00,22.35, , , , 
2022-07-24 00:01:00,22.32, , , , 
2022-07-24 00:02:00,22.34, , , , 
2022-07-24 00:03:00,22.35, , , , 
2022-07-24 00:04:00,22.37, , , , 
2022-07-24 00:05:00,22.40, , , , 
2022-07-24 00:06:00,22.44, , , , 
2022-07-24 00:07:00,22.50, , , , 
2022-07-24 00:08:00,22.51, , , , 
2022-07-24 00:09:00,22.56, , , , 
2022-07-24 00:10:00,22.63, , , , 
2022-07-24 00:11:00,22.68, , , , 
2022-07-24 00:12:00,22.73, , , , 
2022-07-24 00:13:00,22.77, , , , 
2022-07-24 00:14:00,22.83, , , , 
2022-07-24 00:15:00,22.88, , , , 
2022-07-24 00:16:00,22.91, , , , 
2022-07-24 00:17:00,22.96, , , , 
2022-07-24 00:18:00,23.02, , , , 
2022-07-24 00:19:00,23.09, , , , 
2022-07-24 00:20:00,23.14, , , , 
2022-07-24 00:21:00,23.17, , , , 
2022-07-24 00:22:00,23.21, , , , 
2022-07-24 00:23:00,23.26, , , , 
2022-07-24 00:24:00,23.32, , , , 
2022-07-24 00:25:00,23.37, , , , 
2022-07-24 00:26:00,23.42, , , , 
2022-07-24 00:27:00,23.46, , , , 
2022-07-24 00:28:00,23.51, , , , 
2022-07-24 00:29:00,23.56, , , , 
2022-07-24 00:30:00,23.66, , , , 
2022-07-24 00:31:00,23.68, , , , 
2022-07-24 00:32:00,23.74, , , , 
2022-07-24 00:33:00,23.75, , , , 
2022-07-24 00:34:00,23.84, , , , 
2022-07-24 00:35:00,23.88, , , , 
2022-07-24 00:36:00,23.94, , , , 
2022-07-24 00:37:00,23.98, , , , 
2022-07-24 00:38:00,24.02, , , , 
2022-07-24 00:39:00,24.04, , , , 
2022-07-24 00:40:00,24.09, , , , 
2022-07-24 00:41:00,24.13, , , , 
2022-07-24 00:42:00,24.18, , , , 
2022-07-24 00:43:00,24.19, , , , 
2022-07-24 00:44:00,24.26, , , , 
2022-07-24 00:45:00,24.31, , , , 
2022-07-24 00:46:00,24.35, , , , 
2022-07-24 00:47:00,24.41, , , , 
2022-07-24 00:48:00,24.43, , , , 
2022-07-24 00:49:00,24.44, , , , 
2022-07-24 00:50:00,24.51, , , , 
2022-07-24 00:51:00,24.58, , , , 
2022-07-24 00:52:00,24.62, , , , 
2022-07-24 00:53:00,24.64, , , , 
2022-07-24 00:54:00,24.68, , , , 
2022-07-24 00:55:00,24.72, , , , 
2022-07-24 00:56:00,24.78, , , , 
2022-07-24 00:57:00,24.82, , , , 
2022-07-24 00:58:00,24.86, , , , 
2022-07-24 00:59:00,24.87, , , , 
2022-07-24 01:00:00,24.94, , , , 
2022-07-24 01:01:00,24.97, , , , 
2022-07-24 01:02:00,24.99, , , , 
2022-07-24 01:03:00,25.02, , , , 
2022-07-24 01:04:00,25.06, , , , 
2022-07-24 01:05:00,25.09, , , , 
2022-07-24 01:06:00,25.10, , , , 
2022-07-24 01:07:00,25.13, , , , 
2022-07-24 01:08:00,25.14, , , , 
2022-07-24 01:09:00,25.17, , , , 
2022-07-24 01:10:00,25.22, , , , 
2022-07-24 01:11:00,25.22, , , , 
2022-07-24 01:12:00,25.24, , , , 
2022-07-24 01:13:00,25.27, , , , 
2022-07-24 01:14:00,25.30, , , , 
2022-07-24 01:15:00,25.34, , , , 
2022-07-24 01:16:00,25.36, , , , 
2022-07-24 01:17:00,25.36, , , , 
2022-07-24 01:18:00,25.40, , , , 
2022-07-24 01:19:00,25.45, , , , 
2022-07-24 01:20:00,25.48, , , , 
2022-07-24 01:21:00,25.51, , , , 
2022-07-24 01:22:00,25.51, , , , 
2022-07-24 01:23:00,25.53, , , , 
2022-07-24 01:24:00,25.59, , , , 
2022-07-24 01:25:00,25.60, , , , 
2022-07-24 01:26:00,25.61, , , , 
2022-07-24 01:27:00,25.64, , , , 
2022-07-24 01:28:00,25.65, , , , 
2022-07-24 01:29:00,25.71, , , , 
2022-07-24 01:30:00,25.72, , , , 
2022-07-24 01:31:00,25.72, , , , 
2022-07-24 01:32:00,25.72, , , , 
2022-07-24 01:33:00,25.74, , , , 
2022-07-24 01:34:00,25.79, , , , 
2022-07-24 01:35:00,25.81, , , , 
2022-07-24 01:36:00,25.81, , , , 
2022-07-24 01:37:00,25.83, , , , 
2022-07-24 01:38:00,25.87, , , , 
2022-07-24 01:39:00,25.91, , , , 
2022-07-24 01:40:00,25.91, , , , 
2022-07-24 01:41:00,25.93, , , , 
2022-07-24 01:42:00,25.97, , , , 
2022-07-24 01:43:00,25.99, , , , 
2022-07-24 01:44:00,26.03, , , , 
2022-07-24 01:45:00,26.05, , , , 
2022-07-24 01:46:00,26.06, , , , 
2022-07-24 01:47:00,26.07, , , , 
2022-07-24 01:48:00,26.03, , , , 
2022-07-24 01:49:00,25.90, , , , 
2022-07-24 01:50:00,25.73, , , , 
2022-07-24 01:51:00,25.56, , , , 
2022-07-24 01:52:00,25.39, , , , 
2022-07-24 01:53:00,25.30, , , , 
2022-07-24 01:54:00,25.21, , , , 
2022-07-24 01:55:00,25.09, , , , 
2022-07-24 01:56:00,25.03, , , , 
2022-07-24 01:57:00,24.97, , , , 
2022-07-24 01:58:00,24.88, , , , 
2022-07-24 01:59:00,24.83, , , , 
2022-07-24 02:00:00,24.75, , , , 
2022-07-24 02:01:00,24.72, , , , 
2022-07-24 02:02:00,24.68, , , , 
2022-07-24 02:03:00,24.63, , , , 
2022-07-24 02:04:00,24.59, , , , 
2022-07-24 02:05:00,24.59, , , , 
2022-07-24 02:06:00,24.54, , , , 
2022-07-24 02:07:00,24.50, , , , 
2022-07-24 02:08:00,24.47, , , , 
2022-07-24 02:09:00,24.45, , , , 
2022-07-24 02:10:00,24.43, , , , 
2022-07-24 02:11:00,24.39, , , , 
2022-07-24 02:12:00,24.34, , , , 
2022-07-24 02:13:00,24.35, , , , 
2022-07-24 02:14:00,24.35, , , , 
2022-07-24 02:15:00,24.31, , , , 
2022-07-24 02:16:00,24.27, , , , 
2022-07-24 02:17:00,24.29, , , , 
2022-07-24 02:18:00,24.26, , , , 
2022-07-24 02:19:00,24.23, , , , 
2022-07-24 02:20:00,24.23, , , , 
2022-07-24 02:21:00,24.21, , , , 
2022-07-24 02:22:00,24.19, , , , 
2022-07-24 02:23:00,24.18, , , , 
2022-07-24 02:24:00,24.18, , , , 
2022-07-24 02:25:00,24.20, , , , 
2022-07-24 02:26:00,24.18, , , , 
2022-07-24 02:27:00,24.17, , , , 
2022-07-24 02:28:00,24.18, , , , 
2022-07-24 02:29:00,24.20, , , , 
2022-07-24 02:30:00,24.19, , , , 
2022-07-24 02:31:00,24.20, , , , 
2022-07-24 02:32:00,24.19, , , , 
2022-07-24 02:33:00,24.24, , , , 
2022-07-24 02:34:00,24.25, , , , 
2022-07-24 02:35:00,24.25, , , , 
2022-07-24 02:36:00,24.27, , , , 
2022-07-24 02:37:00,24.29, , , , 
2022-07-24 02:38:00,24.26, , , , 
2022-07-24 02:39:00,24.28, , , , 
2022-07-24 02:40:00,24.25, , , , 
2022-07-24 02:41:00,24.24, , , , 
2022-07-24 02:42:00,24.24, , , , 
2022-07-24 02:43:00,24.23, , , , 
2022-07-24 02:44:00,24.23, , , , 
2022-07-24 02:45:00,24.21, , , , 
2022-07-24 02:46:00,24.15, , , , 
2022-07-24 02:47:00,24.18, , , , 
2022-07-24 02:48:00,24.13, , , , 
2022-07-24 02:49:00,24.12, , , , 
2022-07-24 02:50:00,24.05, , , , 
2022-07-24 02:51:00,24.04, , , , 
2022-07-24 02:52:00,24.03, , , , 
2022-07-24 02:53:00,23.97, , , , 
2022-07-24 02:54:00,23.94, , , , 
2022-07-24 02:55:00,23.92, , , , 
2022-07-24 02:56:00,23.90, , , , 
2022-07-24 02:57:00,23.88, , , , 
2022-07-24 02:58:00,23.87, , , , 
2022-07-24 02:59:00,23.85, , , , 
2022-07-24 03:00:00,23.84, , , , 
2022-07-24 03:01:00,23.83, , , , 
2022-07-24 03:02:00,23.83, , , , 
2022-07-24 03:03:00,23.80, , , , 
2022-07-24 03:04:00,23.80, , , , 
2022-07-24 03:05:00,23.77, , , , 
2022-07-24 03:06:00,23.77, , , , 
2022-07-24 03:07:00,23.80, , , , 
2022-07-24 03:08:00,23.77, , , , 
2022-07-24 03:09:00,23.76, , , , 
2022-07-24 03:10:00,23.75, , , , 
2022-07-24 03:11:00,23.75, , , , 
2022-07-24 03:12:00,23.74, , , , 
2022-07-24 03:13:00,23.75, , , , 
2022-07-24 03:14:00,23.75, , , , 
2022-07-24 03:15:00,23.75, , , , 
2022-07-24 03:16:00,23.72, , , , 
2022-07-24 03:17:00,23.72, , , , 
2022-07-24 03:18:00,23.74, , , , 
2022-07-24 03:19:00,23.75, , , , 
2022-07-24 03:20:00,23.74, , , , 
2022-07-24 03:21:00,23.73, , , , 
2022-07-24 03:22:00,23.73, , , , 
2022-07-24 03:23:00,23.73, , , , 
2022-07-24 03:24:00,23.70, , , , 
2022-07-24 03:25:00,23.73, , , , 
2022-07-24 03:26:00,23.72, , , , 
2022-07-24 03:27:00,23.71, , , , 
2022-07-24 03:28:00,23.72, , , , 
2022-07-24 03:29:00,23.73, , , , 
2022-07-24 03:30:00,23.70, , , , 
2022-07-24 03:31:00,23.73, , , , 
2022-07-24 03:32:00,23.71, , , , 
2022-07-24 03:33:00,23.71, , , , 
2022-07-24 03:34:00,23.73, , , , 
2022-07-24 03:35:00,23.72, , , , 
2022-07-24 03:36:00,23.72, , , , 
2022-07-24 03:37:00,23.73, , , , 
2022-07-24 03:38:00,23.72, , , , 
2022-07-24 03:39:00,23.72, , , , 
2022-07-24 03:40:00,23.71, , , , 
2022-07-24 03:41:00,23.71, , , , 
2022-07-24 03:42:00,23.72, , , , 
2022-07-24 03:43:00,23.73, , , , 
2022-07-24 03:44:00,23.70, , , , 
2022-07-24 03:45:00,23.72, , , , 
2022-07-24 03:46:00,23.72, , , , 
2022-07-24 03:47:00,23.72, , , , 
2022-07-24 03:48:00,23.73, , , , 
2022-07-24 03:49:00,23.74, , , , 
2022-07-24 03:50:00,23.74, , , , 
2022-07-24 03:51:00,23.74, , , , 
2022-07-24 03:52:00,23.75, , , , 
2022-07-24 03:53:00,23.74, , , , 
2022-07-24 03:54:00,23.74, , , , 
2022-07-24 03:55:00,23.74, , , , 
2022-07-24 03:56:00,23.73, , , , 
2022-07-24 03:57:00,23.76, , , , 
2022-07-24 03:58:00,23.74, , , , 
2022-07-24 03:59:00,23.73, , , , 
2022-07-24 04:00:00,23.73, , , , 
2022-07-24 04:01:00,23.73, , , , 
2022-07-24 04:02:00,23.73, , , , 
2022-07-24 04:03:00,23.75, , , , 
2022-07-24 04:04:00,23.75, , , , 
2022-07-24 04:05:00,23.76, , , , 
2022-07-24 04:06:00,23.76, , , , 
2022-07-24 04:07:00,23.75, , , , 
2022-07-24 04:08:00,23.76, , , , 
2022-07-24 04:09:00,23.76, , , , 
2022-07-24 04:10:00,23.77, , , , 
2022-07-24 04:11:00,23.77, , , , 
2022-07-24 04:12:00,23.77, , , , 
2022-07-24 04:13:00,23.77, , , , 
2022-07-24 04:14:00,23.81, , , , 
2022-07-24 04:15:00,23.80, , , , 
2022-07-24 04:16:00,23.80, , , , 
2022-07-24 04:17:00,23.81, , , , 
2022-07-24 04:18:00,23.80, , , , 
2022-07-24 04:19:00,23.81, , , , 
2022-07-24 04:20:00,23.79, , , , 
2022-07-24 04:21:00,23.79, , , , 
2022-07-24 04:22:00,23.80, , , , 
2022-07-24 04:23:00,23.80, , , , 
2022-07-24 04:24:00,23.80, , , , 
2022-07-24 04:25:00,23.80, , , , 
2022-07-24 04:26:00,23.80, , , , 
2022-07-24 04:27:00,23.79, , , , 
2022-07-24 04:28:00,23.81, , , , 
2022-07-24 04:29:00,23.77, , , , 
2022-07-24 04:30:00,23.77, , , , 
2022-07-24 04:31:00,23.76, , , , 
2022-07-24 04:32:00,23.77, , , , 
2022-07-24 04:33:00,23.79, , , , 
2022-07-24 04:34:00,23.77, , , , 
2022-07-24 04:35:00,23.75, , , , 
2022-07-24 04:36:00,23.77, , , , 
2022-07-24 04:37:00,23.74, , , , 
2022-07-24 04:38:00,23.74, , , , 
2022-07-24 04:39:00,23.77, , , , 
2022-07-24 04:40:00,23.75, , , , 
2022-07-24 04:41:00,23.75, , , , 
2022-07-24 04:42:00,23.76, , , , 
2022-07-24 04:43:00,23.77, , , , 
2022-07-24 04:44:00,23.75, , , , 
2022-07-24 04:45:00,23.80, , , , 
2022-07-24 04:46:00,23.76, , , , 
2022-07-24 04:47:00,23.77, , , , 
2022-07-24 04:48:00,23.77, , , , 
2022-07-24 04:49:00,23.79, , , , 
2022-07-24 04:50:00,23.77, , , , 
2022-07-24 04:51:00,23.77, , , , 
2022-07-24 04:52:00,23.80, , , , 
2022-07-24 04:53:00,23.82, , , , 
2022-07-24 04:54:00,23.82, , , , 
2022-07-24 04:55:00,23.82, , , , 
2022-07-24 04:56:00,23.83, , , , 
2022-07-24 04:57:00,23.83, , , , 
2022-07-24 04:58:00,23.84, , , , 
2022-07-24 04:59:00,23.84, , , , 
2022-07-24 05:00:00,23.84, , , , 
2022-07-24 05:01:00,23.84, , , , 
2022-07-24 05:02:00,23.85, , , , 
2022-07-24 05:03:00,23.85, , , , 
2022-07-24 05:04:00,23.83, , , , 
2022-07-24 05:05:00,23.83, , , , 
2022-07-24 05:06:00,23.84, , , , 
2022-07-24 05:07:00,23.82, , , , 
2022-07-24 05:08:00,23.83, , , , 
2022-07-24 05:09:00,23.84, , , , 
2022-07-24 05:10:00,23.84, , , , 
2022-07-24 05:11:00,23.84, , , , 
2022-07-24 05:12:00,23.85, , , , 
2022-07-24 05:13:00,23.86, , , , 
2022-07-24 05:14:00,23.84, , , , 
2022-07-24 05:15:00,23.82, , , , 
2022-07-24 05:16:00,23.85, , , , 
2022-07-24 05:17:00,23.85, , , , 
2022-07-24 05:18:00,23.85, , , , 
2022-07-24 05:19:00,23.83, , , , 
2022-07-24 05:20:00,23.85, , , , 
2022-07-24 05:21:00,23.84, , , , 
2022-07-24 05:22:00,23.84, , , , 
2022-07-24 05:23:00,23.85, , , , 
2022-07-24 05:24:00,23.84, , , , 
2022-07-24 05:25:00,23.83, , , , 
2022-07-24 05:26:00,23.83, , , , 
2022-07-24 05:27:00,23.82, , , , 
2022-07-24 05:28:00,23.83, , , , 
2022-07-24 05:29:00,23.85, , , , 
2022-07-24 05:30:00,23.83, , , , 
2022-07-24 05:31:00,23.84, , , , 
2022-07-24 05:32:00,23.85, , , , 
2022-07-24 05:33:00,23.82, , , , 
2022-07-24 05:34:00,23.83, , , , 
2022-07-24 05:35:00,23.84, , , , 
2022-07-24 05:36:00,23.85, , , , 
2022-07-24 05:37:00,23.82, , , , 
2022-07-24 05:38:00,23.83, , , , 
2022-07-24 05:39:00,23.84, , , , 
2022-07-24 05:40:00,23.85, , , , 
2022-07-24 05:41:00,23.84, , , , 
2022-07-24 05:42:00,23.84, , , , 
2022-07-24 05:43:00,23.85, , , , 
2022-07-24 05:44:00,23.86, , , , 
2022-07-24 05:45:00,23.86, , , , 
2022-07-24 05:46:00,23.85, , , , 
2022-07-24 05:47:00,23.85, , , , 
2022-07-24 05:48:00,23.87, , , , 
2022-07-24 05:49:00,23.87, , , , 
2022-07-24 05:50:00,23.89, , , , 
2022-07-24 05:51:00,23.88, , , , 
2022-07-24 05:52:00,23.86, , , , 
2022-07-24 05:53:00,23.87, , , , 
2022-07-24 05:54:00,23.87, , , , 
2022-07-24 05:55:00,23.90, , , , 
2022-07-24 05:56:00,23.86, , , , 
2022-07-24 05:57:00,23.85, , , , 
2022-07-24 05:58:00,23.85, , , , 
2022-07-24 05:59:00,23.85, , , , 
2022-07-24 06:00:00,23.85, , , , 
2022-07-24 06:01:00,23.87, , , , 
2022-07-24 06:02:00,23.88, , , , 
2022-07-24 06:03:00,23.86, , , , 
2022-07-24 06:04:00,23.87, , , , 
2022-07-24 06:05:00,23.91, , , , 
2022-07-24 06:06:00,23.91, , , , 
2022-07-24 06:07:00,23.92, , , , 
2022-07-24 06:08:00,23.99, , , , 
2022-07-24 06:09:00,24.03, , , , 
2022-07-24 06:10:00,24.05, , , , 
2022-07-24 06:11:00,24.10, , , , 
2022-07-24 06:12:00,24.11, , , , 
2022-07-24 06:13:00,24.12, , , , 
2022-07-24 06:14:00,24.12, , , , 
2022-07-24 06:15:00,24.12, , , , 
2022-07-24 06:16:00,24.06, , , , 
2022-07-24 06:17:00,24.06, , , , 
2022-07-24 06:18:00,24.04, , , , 
2022-07-24 06:19:00,24.03, , , , 
2022-07-24 06:20:00,24.00, , , , 
2022-07-24 06:21:00,23.99, , , , 
2022-07-24 06:22:00,23.98, , , , 
2022-07-24 06:23:00,23.98, , , , 
2022-07-24 06:24:00,23.98, , , , 
2022-07-24 06:25:00,23.97, , , , 
2022-07-24 06:26:00,23.97, , , , 
2022-07-24 06:27:00,23.95, , , , 
2022-07-24 06:28:00,23.94, , , , 
2022-07-24 06:29:00,23.92, , , , 
2022-07-24 06:30:00,23.92, , , , 
2022-07-24 06:31:00,23.91, , , , 
2022-07-24 06:32:00,23.91, , , , 
2022-07-24 06:33:00,24.01, , , , 
2022-07-24 06:34:00,24.14, , , , 
2022-07-24 06:35:00,24.24, , , , 
2022-07-24 06:36:00,24.27, , , , 
2022-07-24 06:37:00,24.27, , , , 
2022-07-24 06:38:00,24.25, , , , 
2022-07-24 06:39:00,24.23, , , , 
2022-07-24 06:40:00,24.23, , , , 
2022-07-24 06:41:00,24.23, , , , 
2022-07-24 06:42:00,24.21, , , , 
2022-07-24 06:43:00,24.18, , , , 
2022-07-24 06:44:00,24.13, , , , 
2022-07-24 06:45:00,24.12, , , , 
2022-07-24 06:46:00,24.10, , , , 
2022-07-24 06:47:00,24.06, , , , 
2022-07-24 06:48:00,24.04, , , , 
2022-07-24 06:49:00,24.00, , , , 
2022-07-24 06:50:00,24.00, , , , 
2022-07-24 06:51:00,23.96, , , , 
2022-07-24 06:52:00,23.96, , , , 
2022-07-24 06:53:00,23.89, , , , 
2022-07-24 06:54:00,23.86, , , , 
2022-07-24 06:55:00,23.86, , , , 
2022-07-24 06:56:00,23.86, , , , 
2022-07-24 06:57:00,23.83, , , , 
2022-07-24 06:58:00,23.79, , , , 
2022-07-24 06:59:00,23.73, , , , 
2022-07-24 07:00:00,23.67, , , , 
2022-07-24 07:01:00,23.66, , , , 
2022-07-24 07:02:00,23.62, , , , 
2022-07-24 07:03:00,23.57, , , , 
2022-07-24 07:04:00,23.53, , , , 
2022-07-24 07:05:00,23.53, , , , 
2022-07-24 07:06:00,23.49, , , , 
2022-07-24 07:07:00,23.45, , , , 
2022-07-24 07:08:00,23.42, , , , 
2022-07-24 07:09:00,23.41, , , , 
2022-07-24 07:10:00,23.40, , , , 
2022-07-24 07:11:00,23.41, , , , 
2022-07-24 07:12:00,23.41, , , , 
2022-07-24 07:13:00,23.35, , , , 
2022-07-24 07:14:00,23.31, , , , 
2022-07-24 07:15:00,23.31, , , , 
2022-07-24 07:16:00,23.30, , , , 
2022-07-24 07:17:00,23.27, , , , 
2022-07-24 07:18:00,23.24, , , , 
2022-07-24 07:19:00,23.24, , , , 
2022-07-24 07:20:00,23.22, , , , 
2022-07-24 07:21:00,23.22, , , , 
2022-07-24 07:22:00,23.18, , , , 
2022-07-24 07:23:00,23.18, , , , 
2022-07-24 07:24:00,23.17, , , , 
2022-07-24 07:25:00,23.17, , , , 
2022-07-24 07:26:00,23.16, , , , 
2022-07-24 07:27:00,23.13, , , , 
2022-07-24 07:28:00,23.11, , , , 
2022-07-24 07:29:00,23.13, , , , 
2022-07-24 07:30:00,23.10, , , , 
2022-07-24 07:31:00,23.08, , , , 
2022-07-24 07:32:00,23.07, , , , 
2022-07-24 07:33:00,23.07, , , , 
2022-07-24 07:34:00,23.07, , , , 
2022-07-24 07:35:00,23.05, , , , 
2022-07-24 07:36:00,23.03, , , , 
2022-07-24 07:37:00,23.02, , , , 
2022-07-24 07:38:00,22.99, , , , 
2022-07-24 07:39:00,23.03, , , , 
2022-07-24 07:40:00,23.02, , , , 
2022-07-24 07:41:00,23.00, , , , 
2022-07-24 07:42:00,22.97, , , , 
2022-07-24 07:43:00,22.94, , , , 
2022-07-24 07:44:00,22.88, , , , 
2022-07-24 07:45:00,22.87, , , , 
2022-07-24 07:46:00,22.87, , , , 
2022-07-24 07:47:00,22.87, , , , 
2022-07-24 07:48:00,22.86, , , , 
2022-07-24 07:49:00,22.83, , , , 
2022-07-24 07:50:00,22.82, , , , 
2022-07-24 07:51:00,22.82, , , , 
2022-07-24 07:52:00,22.81, , , , 
2022-07-24 07:53:00,22.79, , , , 
2022-07-24 07:54:00,22.76, , , , 
2022-07-24 07:55:00,22.80, , , , 
2022-07-24 07:56:00,22.75, , , , 
2022-07-24 07:57:00,22.73, , , , 
2022-07-24 07:58:00,22.72, , , , 
2022-07-24 07:59:00,22.73, , , , 
2022-07-24 08:00:00,22.72, , , , 
2022-07-24 08:01:00,22.71, , , , 
2022-07-24 08:02:00,22.69, , , , 
2022-07-24 08:03:00,22.66, , , , 
2022-07-24 08:04:00,22.64, , , , 
2022-07-24 08:05:00,22.63, , , , 
2022-07-24 08:06:00,22.58, , , , 
2022-07-24 08:07:00,22.56, , , , 
2022-07-24 08:08:00,22.56, , , , 
2022-07-24 08:09:00,22.57, , , , 
2022-07-24 08:10:00,22.60, , , , 
2022-07-24 08:11:00,22.57, , , , 
2022-07-24 08:12:00,22.56, , , , 
2022-07-24 08:13:00,22.56, , , , 
2022-07-24 08:14:00,22.58, , , , 
2022-07-24 08:15:00,22.58, , , , 
2022-07-24 08:16:00,22.60, , , , 
2022-07-24 08:17:00,22.60, , , , 
2022-07-24 08:18:00,22.60, , , , 
2022-07-24 08:19:00,22.58, , , , 
2022-07-24 08:20:00,22.62, , , , 
2022-07-24 08:21:00,22.62, , , , 
2022-07-24 08:22:00,22.61, , , , 
2022-07-24 08:23:00,22.58, , , , 
2022-07-24 08:24:00,22.61, , , , 
2022-07-24 08:25:00,22.64, , , , 
2022-07-24 08:26:00,22.64, , , , 
2022-07-24 08:27:00,22.63, , , , 
2022-07-24 08:28:00,22.61, , , , 
2022-07-24 08:29:00,22.62, , , , 
2022-07-24 08:30:00,22.64, , , , 
2022-07-24 08:31:00,22.66, , , , 
2022-07-24 08:32:00,22.68, , , , 
2022-07-24 08:33:00,22.66, , , , 
2022-07-24 08:34:00,22.66, , , , 
2022-07-24 08:35:00,22.65, , , , 
2022-07-24 08:36:00,22.68, , , , 
2022-07-24 08:37:00,22.71, , , , 
2022-07-24 08:38:00,22.72, , , , 
2022-07-24 08:39:00,22.71, , , , 
2022-07-24 08:40:00,22.68, , , , 
2022-07-24 08:41:00,22.70, , , , 
2022-07-24 08:42:00,22.70, , , , 
2022-07-24 08:43:00,22.71, , , , 
2022-07-24 08:44:00,22.71, , , , 
2022-07-24 08:45:00,22.72, , , , 
2022-07-24 08:46:00,22.70, , , , 
2022-07-24 08:47:00,22.70, , , , 
2022-07-24 08:48:00,22.71, , , , 
2022-07-24 08:49:00,22.69, , , , 
2022-07-24 08:50:00,22.69, , , , 
2022-07-24 08:51:00,22.67, , , , 
2022-07-24 08:52:00,22.70, , , , 
2022-07-24 08:53:00,22.68, , , , 
2022-07-24 08:54:00,22.69, , , , 
2022-07-24 08:55:00,22.67, , , , 
2022-07-24 08:56:00,22.66, , , , 
2022-07-24 08:57:00,22.65, , , , 
2022-07-24 08:58:00,22.65, , , , 
2022-07-24 08:59:00,22.63, , , , 
2022-07-24 09:00:00,22.64, , , , 
2022-07-24 09:01:00,22.63, , , , 
2022-07-24 09:02:00,22.61, , , , 
2022-07-24 09:03:00,22.63, , , , 
2022-07-24 09:04:00,22.66, , , , 
2022-07-24 09:05:00,22.64, , , , 
2022-07-24 09:06:00,22.61, , , , 
2022-07-24 09:07:00,22.61, , , , 
2022-07-24 09:08:00,22.61, , , , 
2022-07-24 09:09:00,22.64, , , , 
2022-07-24 09:10:00,22.68, , , , 
2022-07-24 09:11:00,22.65, , , , 
2022-07-24 09:12:00,22.65, , , , 
2022-07-24 09:13:00,22.66, , , , 
2022-07-24 09:14:00,22.67, , , , 
2022-07-24 09:15:00,22.69, , , , 
2022-07-24 09:16:00,22.65, , , , 
2022-07-24 09:17:00,22.65, , , , 
2022-07-24 09:18:00,22.65, , , , 
2022-07-24 09:19:00,22.67, , , , 
2022-07-24 09:20:00,22.66, , , , 
2022-07-24 09:21:00,22.64, , , , 
2022-07-24 09:22:00,22.65, , , , 
2022-07-24 09:23:00,22.67, , , , 
2022-07-24 09:24:00,22.68, , , , 
2022-07-24 09:25:00,22.70, , , , 
2022-07-24 09:26:00,22.70, , , , 
2022-07-24 09:27:00,22.72, , , , 
2022-07-24 09:28:00,22.71, , , , 
2022-07-24 09:29:00,22.71, , , , 
2022-07-24 09:30:00,22.73, , , , 
2022-07-24 09:31:00,22.75, , , , 
2022-07-24 09:32:00,22.75, , , , 
2022-07-24 09:33:00,22.77, , , , 
2022-07-24 09:34:00,22.75, , , , 
2022-07-24 09:35:00,22.77, , , , 
2022-07-24 09:35:35, ,Logged, , ,Logged
